,Curvature_n,Curvature_n1
0,3.0035035440731432,3.638356376055192
1,3.638356376055192,4.794176083029516
2,4.794176083029516,6.092099288622838
3,6.092099288622838,6.992191659311475
4,6.992191659311475,7.2291248919339
5,7.2291248919339,7.039203651201669
6,7.039203651201669,6.8544756274191885
7,6.8544756274191885,6.893567550721071
8,6.893567550721071,7.110792787181813
9,7.110792787181813,7.357144070328978
10,7.357144070328978,7.486592271852999
11,7.486592271852999,7.424178888553161
12,7.424178888553161,7.210620721612308
13,7.210620721612308,6.933488186106722
14,6.933488186106722,6.607484638752841
15,6.607484638752841,6.18178476233169
16,6.18178476233169,5.660881730462785
17,5.660881730462785,5.169997723053597
18,5.169997723053597,4.8915675211889935
19,4.8915675211889935,4.944345088694517
20,4.944345088694517,5.289690654536397
21,5.289690654536397,5.722952065455924
22,5.722952065455924,5.98304584876665
23,5.98304584876665,5.906838747640177
24,5.906838747640177,5.5136197106104285
25,5.5136197106104285,4.973269641208691
26,4.973269641208691,4.477175930740607
27,4.477175930740607,4.100699646411027
28,4.100699646411027,3.8141781486706443
29,3.8141781486706443,3.631156048762672
30,3.631156048762672,3.648431532977235
31,3.648431532977235,3.884881868525643
32,3.884881868525643,4.184532997158525
33,4.184532997158525,4.370226262147225
34,4.370226262147225,4.414656023227879
35,4.414656023227879,4.379881042750322
36,4.379881042750322,4.266003865432359
37,4.266003865432359,4.002391957785401
38,4.002391957785401,3.552285005622548
39,3.552285005622548,2.9781692041672256
40,2.9781692041672256,2.413670820300396
41,2.413670820300396,1.9958081841910387
42,1.9958081841910387,1.8210298592616583
43,1.8210298592616583,1.9306581280756308
44,1.9306581280756308,2.3012841427742794
45,2.3012841427742794,2.8374899423776254
46,2.8374899423776254,3.3876715255265735
47,3.3876715255265735,3.7982749216841984
48,3.7982749216841984,3.981189746742217
49,3.981189746742217,3.9349167861828227
50,3.9349167861828227,3.70375548931802
51,3.70375548931802,3.3523419077588654
52,3.3523419077588654,2.992469698295043
53,2.992469698295043,2.767416013817486
54,2.767416013817486,2.7484388772024997
55,2.7484388772024997,2.867936699150382
56,2.867936699150382,2.98689798595023
57,2.98689798595023,3.0102008936692677
58,3.0102008936692677,2.928609959274124
59,2.928609959274124,2.7862184829070022
60,2.7862184829070022,2.6297088902753405
61,2.6297088902753405,2.490721979127595
62,2.490721979127595,2.4037994269827676
63,2.4037994269827676,5.590734399381535
64,5.590734399381535,6.550239328542703
65,6.550239328542703,8.03392402990866
66,8.03392402990866,9.337656748196926
67,9.337656748196926,9.846519494121535
68,9.846519494121535,9.479527111305252
69,9.479527111305252,8.774871432210338
70,8.774871432210338,8.33437583576917
71,8.33437583576917,8.195445707265858
72,8.195445707265858,7.924049673875072
73,7.924049673875072,7.248295462175443
74,7.248295462175443,6.390028853524141
75,6.390028853524141,5.763021072070275
76,5.763021072070275,5.490992864501898
77,5.490992864501898,5.316961602497039
78,5.316961602497039,4.94107138698215
79,4.94107138698215,4.33426456746783
80,4.33426456746783,3.6921454768185176
81,3.6921454768185176,3.2063695024085206
82,3.2063695024085206,2.956296207970014
83,2.956296207970014,2.9303417222921713
84,2.9303417222921713,3.042041969630402
85,3.042041969630402,3.138788201340639
86,3.138788201340639,3.0774586769499046
87,3.0774586769499046,2.83817909578089
88,2.83817909578089,2.5478972892295606
89,2.5478972892295606,2.384270167663339
90,2.384270167663339,2.4582861262984923
91,2.4582861262984923,2.7651858130917075
92,2.7651858130917075,3.2075306405262727
93,3.2075306405262727,3.655902307914285
94,3.655902307914285,3.999060496466901
95,3.999060496466901,4.153107352417803
96,4.153107352417803,4.078787395091652
97,4.078787395091652,3.8322030580159625
98,3.8322030580159625,3.558196193413554
99,3.558196193413554,3.3744574645982928
100,3.3744574645982928,3.2912493966565473
101,3.2912493966565473,3.2827911767391935
102,3.2827911767391935,3.3985812590575977
103,3.3985812590575977,3.7507844268574972
104,3.7507844268574972,4.395985547878558
105,4.395985547878558,5.235411314583011
106,5.235411314583011,6.0147838525257935
107,6.0147838525257935,6.444676718527918
108,6.444676718527918,6.376112062242846
109,6.376112062242846,5.907151428942625
110,5.907151428942625,5.3195249892380865
111,5.3195249892380865,4.870586756861551
112,4.870586756861551,4.612443242214611
113,4.612443242214611,4.395547019319749
114,4.395547019319749,4.047068210736681
115,4.047068210736681,3.545504865774964
116,3.545504865774964,3.0162731108239544
117,3.0162731108239544,2.5818305778201203
118,2.5818305778201203,2.2764993599856607
119,2.2764993599856607,2.096270500010358
120,2.096270500010358,2.0448476216147236
121,2.0448476216147236,2.08951292133345
122,2.08951292133345,2.134953600090693
123,2.134953600090693,2.103481305441575
124,2.103481305441575,2.016488501605309
125,2.016488501605309,1.9490554338028283
126,1.9490554338028283,1.927557434577699
127,1.927557434577699,22.563561441902994
128,22.563561441902994,21.62291648521534
129,21.62291648521534,19.62334913965283
130,19.62334913965283,16.577440264107864
131,16.577440264107864,12.925381639005494
132,12.925381639005494,9.497140908834472
133,9.497140908834472,7.028143616376656
134,7.028143616376656,5.710841354754105
135,5.710841354754105,5.248378009750872
136,5.248378009750872,5.196040048638722
137,5.196040048638722,5.184530092825452
138,5.184530092825452,4.98124461107048
139,4.98124461107048,4.540698839875281
140,4.540698839875281,4.027310225127573
141,4.027310225127573,3.693228003418885
142,3.693228003418885,3.6756339094332313
143,3.6756339094332313,3.8936834384274377
144,3.8936834384274377,4.159683143667603
145,4.159683143667603,4.367237979979764
146,4.367237979979764,4.517931087917969
147,4.517931087917969,4.580884354635241
148,4.580884354635241,4.443104254545963
149,4.443104254545963,4.078047016504776
150,4.078047016504776,3.682249639582378
151,3.682249639582378,3.526013313556509
152,3.526013313556509,3.675290459030203
153,3.675290459030203,3.922645401293746
154,3.922645401293746,4.005794687445448
155,4.005794687445448,3.8975213152132815
156,3.8975213152132815,3.8726895633683927
157,3.8726895633683927,4.2576597991472065
158,4.2576597991472065,5.095272841515151
159,5.095272841515151,6.053673050861997
160,6.053673050861997,6.6493018868273985
161,6.6493018868273985,6.577510272648341
162,6.577510272648341,5.913884916999072
163,5.913884916999072,5.041440054869518
164,5.041440054869518,4.355355128686124
165,4.355355128686124,4.002989034288884
166,4.002989034288884,3.859424937862947
167,3.859424937862947,3.7082166378072356
168,3.7082166378072356,3.450635019592311
169,3.450635019592311,3.161854038431766
170,3.161854038431766,2.963459066153593
171,2.963459066153593,2.884621563916946
172,2.884621563916946,2.8533651213769513
173,2.8533651213769513,2.7684581394350514
174,2.7684581394350514,2.5657070507596664
175,2.5657070507596664,2.2873560493893974
176,2.2873560493893974,2.1170910912840855
177,2.1170910912840855,2.3074122138092314
178,2.3074122138092314,3.0126694937265635
179,3.0126694937265635,4.126093576588079
180,4.126093576588079,5.2432194276228365
181,5.2432194276228365,5.856398445107956
182,5.856398445107956,5.695603224697558
183,5.695603224697558,4.916148104198582
184,4.916148104198582,3.951870795449002
185,3.951870795449002,3.2021730787276255
186,3.2021730787276255,2.831304755457376
187,2.831304755457376,2.7848273369341707
188,2.7848273369341707,2.9254815339809923
189,2.9254815339809923,3.1232418230560297
190,3.1232418230560297,3.2631730251728697
191,3.2631730251728697,26.901070028455685
192,26.901070028455685,23.96590757404058
193,23.96590757404058,19.66712842832402
194,19.66712842832402,15.732597588944792
195,15.732597588944792,12.974704682663354
196,12.974704682663354,11.366108615297291
197,11.366108615297291,10.553745117468232
198,10.553745117468232,10.173334475927872
199,10.173334475927872,9.919589843932522
200,9.919589843932522,9.502885763598625
201,9.502885763598625,8.694230111732644
202,8.694230111732644,7.515187349841055
203,7.515187349841055,6.287921790643437
204,6.287921790643437,5.388753093239933
205,5.388753093239933,5.017993278008043
206,5.017993278008043,5.209305121728433
207,5.209305121728433,5.876192520127404
208,5.876192520127404,6.740105582173587
209,6.740105582173587,7.372900600155589
210,7.372900600155589,7.529937743415907
211,7.529937743415907,7.420447675631765
212,7.420447675631765,7.483907780769556
213,7.483907780769556,7.860619435959688
214,7.860619435959688,8.22028719556266
215,8.22028719556266,8.193097074366309
216,8.193097074366309,7.857782927174921
217,7.857782927174921,7.674734967836172
218,7.674734967836172,7.943793806513819
219,7.943793806513819,8.403098889061985
220,8.403098889061985,8.439399581698337
221,8.439399581698337,7.718368951330932
222,7.718368951330932,6.535814451498668
223,6.535814451498668,5.544642944031674
224,5.544642944031674,5.218121359493166
225,5.218121359493166,5.538467506762013
226,5.538467506762013,6.082978548612965
227,6.082978548612965,6.395340184551875
228,6.395340184551875,6.322824884552054
229,6.322824884552054,6.005241295048813
230,6.005241295048813,5.595752436374658
231,5.595752436374658,5.088839742835764
232,5.088839742835764,4.427952657989344
233,4.427952657989344,3.676862619139851
234,3.676862619139851,3.030564291138393
235,3.030564291138393,2.710257919400603
236,2.710257919400603,2.89103457851266
237,2.89103457851266,3.6573454004814963
238,3.6573454004814963,4.953926385603992
239,4.953926385603992,6.565316980222221
240,6.565316980222221,8.135623841837843
241,8.135623841837843,9.204866469874155
242,9.204866469874155,9.363609730914307
243,9.363609730914307,8.573846418104432
244,8.573846418104432,7.302220946832306
245,7.302220946832306,6.170414510965052
246,6.170414510965052,5.526732605342609
247,5.526732605342609,5.465542731174354
248,5.465542731174354,6.128828586775294
249,6.128828586775294,7.759852069695899
250,7.759852069695899,10.323514306814891
251,10.323514306814891,13.07942819333042
252,13.07942819333042,14.84809919704296
253,14.84809919704296,15.106538597379068
254,15.106538597379068,14.653657016789992
255,14.653657016789992,28.78392262563898
256,28.78392262563898,26.94580093707976
257,26.94580093707976,23.802573932065087
258,23.802573932065087,20.40196196818109
259,20.40196196818109,17.929498035635355
260,17.929498035635355,17.156978423136305
261,17.156978423136305,18.196433822088302
262,18.196433822088302,20.48937513086939
263,20.48937513086939,22.83038593647678
264,22.83038593647678,23.807418015762487
265,23.807418015762487,22.7422260149197
266,22.7422260149197,20.145272168460778
267,20.145272168460778,17.08621308620397
268,17.08621308620397,14.348504620450049
269,14.348504620450049,12.243843789835287
270,12.243843789835287,10.804935792370358
271,10.804935792370358,9.89104304648217
272,9.89104304648217,9.282339982477662
273,9.282339982477662,8.813735344859577
274,8.813735344859577,8.383721459048278
275,8.383721459048278,7.882000590187257
276,7.882000590187257,7.241254099982871
277,7.241254099982871,6.568342115417695
278,6.568342115417695,6.161797153526771
279,6.161797153526771,6.352559936062033
280,6.352559936062033,7.279300498031182
281,7.279300498031182,8.773607133335663
282,8.773607133335663,10.44559419710204
283,10.44559419710204,11.917729596360283
284,11.917729596360283,13.045429155258986
285,13.045429155258986,13.912401903921392
286,13.912401903921392,14.549074276323982
287,14.549074276323982,14.684475285001735
288,14.684475285001735,13.907358018120506
289,13.907358018120506,12.128237616061487
290,12.128237616061487,9.805369094935003
291,9.805369094935003,7.680629192766775
292,7.680629192766775,6.373962468994356
293,6.373962468994356,6.228301539646412
294,6.228301539646412,7.338491148045444
295,7.338491148045444,9.465492323418555
296,9.465492323418555,11.860735883254161
297,11.860735883254161,13.42216150231425
298,13.42216150231425,13.411167162885684
299,13.411167162885684,12.163714868390716
300,12.163714868390716,10.926670428670613
301,10.926670428670613,10.806569503038885
302,10.806569503038885,11.853484702223824
303,11.853484702223824,13.150947849128643
304,13.150947849128643,13.723867142411914
305,13.723867142411914,13.306121182032662
306,13.306121182032662,12.282219091484953
307,12.282219091484953,11.135475458701446
308,11.135475458701446,10.168582157225039
309,10.168582157225039,9.5445904932238
310,9.5445904932238,9.291267668043284
311,9.291267668043284,9.318506804478485
312,9.318506804478485,9.511534176306505
313,9.511534176306505,9.666241973456565
314,9.666241973456565,9.41984273501092
315,9.41984273501092,8.551547079483814
316,8.551547079483814,7.336482098078983
317,7.336482098078983,6.326976222108356
318,6.326976222108356,5.8264754059065424
319,5.8264754059065424,37.80817739188405
320,37.80817739188405,37.201967958568495
321,37.201967958568495,35.43878675855409
322,35.43878675855409,32.259011804748425
323,32.259011804748425,28.19750704598271
324,28.19750704598271,24.192530137902235
325,24.192530137902235,21.037312266904586
326,21.037312266904586,19.17494012165969
327,19.17494012165969,18.510285003636408
328,18.510285003636408,18.300651516273653
329,18.300651516273653,17.562252699059545
330,17.562252699059545,15.81896019008608
331,15.81896019008608,13.459519814334989
332,13.459519814334989,11.349157738476583
333,11.349157738476583,10.078239999898546
334,10.078239999898546,9.508913161186594
335,9.508913161186594,9.044963272530442
336,9.044963272530442,8.331871625159783
337,8.331871625159783,7.607366750414842
338,7.607366750414842,7.345015927833476
339,7.345015927833476,7.681640398246375
340,7.681640398246375,8.306299824150248
341,8.306299824150248,8.821278304170951
342,8.821278304170951,9.048584362950717
343,9.048584362950717,8.978175092277752
344,8.978175092277752,8.602168689449162
345,8.602168689449162,7.958145890281482
346,7.958145890281482,7.251768188858495
347,7.251768188858495,6.7494171480281855
348,6.7494171480281855,6.549187920373228
349,6.549187920373228,6.546437175380747
350,6.546437175380747,6.604348829484357
351,6.604348829484357,6.716125158681798
352,6.716125158681798,7.099637819376513
353,7.099637819376513,8.187363494313757
354,8.187363494313757,10.333814416059994
355,10.333814416059994,13.296137646822437
356,13.296137646822437,16.070251340688582
357,16.070251340688582,17.530823973800143
358,17.530823973800143,17.3804398930643
359,17.3804398930643,16.42523357226322
360,16.42523357226322,15.854609054840804
361,15.854609054840804,16.23344210822943
362,16.23344210822943,17.151553375998212
363,17.151553375998212,17.719005120251254
364,17.719005120251254,17.32908965695234
365,17.32908965695234,16.042028792739142
366,16.042028792739142,14.439476916800452
367,14.439476916800452,13.22213965487769
368,13.22213965487769,12.863245332662121
369,12.863245332662121,13.420988588254215
370,13.420988588254215,14.514540951587634
371,14.514540951587634,15.455935057776298
372,15.455935057776298,15.604923325560923
373,15.604923325560923,14.860996602624427
374,14.860996602624427,13.773207238822291
375,13.773207238822291,12.987906772452721
376,12.987906772452721,12.62418041604232
377,12.62418041604232,12.331237196883944
378,12.331237196883944,11.871264250254374
379,11.871264250254374,11.443623747701777
380,11.443623747701777,11.414776441043518
381,11.414776441043518,11.827184630973544
382,11.827184630973544,12.266142153984886
383,12.266142153984886,25.096864696360228
384,25.096864696360228,24.137221816399716
385,24.137221816399716,22.35315857011748
386,22.35315857011748,20.101817399731146
387,20.101817399731146,17.92058558747786
388,17.92058558747786,16.305731457789804
389,16.305731457789804,15.431237721051469
390,15.431237721051469,15.032518426727796
391,15.032518426727796,14.649495103818095
392,14.649495103818095,14.039483415807393
393,14.039483415807393,13.344733850050556
394,13.344733850050556,12.944841342178918
395,12.944841342178918,13.189038613520104
396,13.189038613520104,14.14234919378675
397,14.14234919378675,15.53135446874979
398,15.53135446874979,16.996615371338244
399,16.996615371338244,18.354913741846755
400,18.354913741846755,19.525014479208206
401,19.525014479208206,20.329102938801356
402,20.329102938801356,20.658164155225638
403,20.658164155225638,20.837280027839917
404,20.837280027839917,21.453030545007966
405,21.453030545007966,22.503937805848985
406,22.503937805848985,23.015978913536323
407,23.015978913536323,21.987532761777537
408,21.987532761777537,19.532331434948684
409,19.532331434948684,16.63825548428196
410,16.63825548428196,14.050181619989063
411,14.050181619989063,11.86962458006527
412,11.86962458006527,10.059092013116214
413,10.059092013116214,8.828342754006313
414,8.828342754006313,8.423756012608461
415,8.423756012608461,8.788172661176715
416,8.788172661176715,9.576547513456525
417,9.576547513456525,10.472147610847653
418,10.472147610847653,11.440876174340982
419,11.440876174340982,12.653432547596724
420,12.653432547596724,14.165253690834799
421,14.165253690834799,15.653843056230379
422,15.653843056230379,16.525653400400046
423,16.525653400400046,16.382655236826473
424,16.382655236826473,15.386300521922934
425,15.386300521922934,14.11225366831609
426,14.11225366831609,13.046222896745967
427,13.046222896745967,12.253140641701492
428,12.253140641701492,11.537431198455796
429,11.537431198455796,10.831140107959795
430,10.831140107959795,10.33130409128704
431,10.33130409128704,10.282720398336632
432,10.282720398336632,10.681202561186522
433,10.681202561186522,11.232630944079709
434,11.232630944079709,11.605955375857405
435,11.605955375857405,11.617496669420106
436,11.617496669420106,11.186940072473094
437,11.186940072473094,10.364686270776016
438,10.364686270776016,9.488104492820232
439,9.488104492820232,9.087034804725576
440,9.087034804725576,9.504420557852132
441,9.504420557852132,10.704565547629823
442,10.704565547629823,12.407601915345746
443,12.407601915345746,14.196283195809155
444,14.196283195809155,15.551007175524713
445,15.551007175524713,16.15371670835836
446,16.15371670835836,16.227565808172645
447,16.227565808172645,22.813834599395218
448,22.813834599395218,22.040960756260525
449,22.040960756260525,21.11225994568569
450,21.11225994568569,20.549532913229868
451,20.549532913229868,20.304329394186286
452,20.304329394186286,19.971423928163222
453,19.971423928163222,19.2135224900426
454,19.2135224900426,17.965364470747865
455,17.965364470747865,16.480453834001118
456,16.480453834001118,15.283701842107677
457,15.283701842107677,14.925626790841793
458,14.925626790841793,15.5978340892762
459,15.5978340892762,16.92266784237121
460,16.92266784237121,18.225559220424135
461,18.225559220424135,19.074087391906478
462,19.074087391906478,19.359924587329967
463,19.359924587329967,18.905930522045875
464,18.905930522045875,17.5124148022756
465,17.5124148022756,15.512442453032968
466,15.512442453032968,13.769527978993118
467,13.769527978993118,12.91288374045274
468,12.91288374045274,12.890683765809237
469,12.890683765809237,13.36166192840328
470,13.36166192840328,14.227614602332968
471,14.227614602332968,15.630810099781414
472,15.630810099781414,17.612337473251433
473,17.612337473251433,19.90176544926163
474,19.90176544926163,21.9282207181545
475,21.9282207181545,23.019876121613628
476,23.019876121613628,22.8122328871657
477,22.8122328871657,21.52476689940933
478,21.52476689940933,19.736766956491177
479,19.736766956491177,17.948881289480262
480,17.948881289480262,16.419039834739582
481,16.419039834739582,15.278926979667572
482,15.278926979667572,14.627788908980833
483,14.627788908980833,14.502526364769608
484,14.502526364769608,14.876643631783308
485,14.876643631783308,15.722299439907005
486,15.722299439907005,16.941619506239913
487,16.941619506239913,18.14331837341792
488,18.14331837341792,18.69533177396811
489,18.69533177396811,18.253696019625327
490,18.253696019625327,17.111365415243874
491,17.111365415243874,15.825749011414437
492,15.825749011414437,14.715599316318318
493,14.715599316318318,13.881745034869663
494,13.881745034869663,13.401989984173206
495,13.401989984173206,13.254362015197746
496,13.254362015197746,13.2114451540406
497,13.2114451540406,12.987792568598966
498,12.987792568598966,12.461043843030104
499,12.461043843030104,11.733602184174638
500,11.733602184174638,11.015846821800853
501,11.015846821800853,10.437446811370066
502,10.437446811370066,9.98665444270493
503,9.98665444270493,9.671343335350372
504,9.671343335350372,9.69979617286544
505,9.69979617286544,10.397988105507501
506,10.397988105507501,11.92204293728567
507,11.92204293728567,14.089608710678668
508,14.089608710678668,16.457084429208876
509,16.457084429208876,18.482271912684936
510,18.482271912684936,19.6567840063616
511,19.6567840063616,35.47987446120074
512,35.47987446120074,33.690775199897324
513,33.690775199897324,31.067527933118484
514,31.067527933118484,28.67614416547452
515,28.67614416547452,27.06651011376243
516,27.06651011376243,26.256682353546633
517,26.256682353546633,25.882776555496463
518,25.882776555496463,25.46190243675175
519,25.46190243675175,24.876491313890412
520,24.876491313890412,24.567210714362233
521,24.567210714362233,25.070999236848856
522,25.070999236848856,26.440548174944578
523,26.440548174944578,28.19216456061916
524,28.19216456061916,29.68808977231287
525,29.68808977231287,30.504935965282
526,30.504935965282,30.534145182714028
527,30.534145182714028,29.838591278481278
528,29.838591278481278,28.485249277829997
529,28.485249277829997,26.605436896503427
530,26.605436896503427,24.606847129741254
531,24.606847129741254,23.107713056620646
532,23.107713056620646,22.539606691805282
533,22.539606691805282,22.945539827825687
534,22.945539827825687,24.11640698353471
535,24.11640698353471,25.584065816047406
536,25.584065816047406,26.512199408711147
537,26.512199408711147,26.072373301286014
538,26.072373301286014,24.17551083368948
539,24.17551083368948,21.66863507234528
540,21.66863507234528,19.660329732933842
541,19.660329732933842,18.681709539172047
542,18.681709539172047,18.496311653435555
543,18.496311653435555,18.62318308333928
544,18.62318308333928,18.841361945261507
545,18.841361945261507,19.132297957127093
546,19.132297957127093,19.37987464151565
547,19.37987464151565,19.3824575632318
548,19.3824575632318,19.074177141433736
549,19.074177141433736,18.596775961492675
550,18.596775961492675,18.245122359624606
551,18.245122359624606,18.423128396339628
552,18.423128396339628,19.43219684960345
553,19.43219684960345,21.051489481016223
554,21.051489481016223,22.439213799869428
555,22.439213799869428,22.783072448382
556,22.783072448382,22.249198713628942
557,22.249198713628942,22.158031330343064
558,22.158031330343064,23.868586706742935
559,23.868586706742935,27.259797429978327
560,27.259797429978327,30.380260950476213
561,30.380260950476213,30.897987512378332
562,30.897987512378332,28.14185850765866
563,28.14185850765866,23.726167183115262
564,23.726167183115262,20.111304867836328
565,20.111304867836328,18.634563023931253
566,18.634563023931253,18.91184358331412
567,18.91184358331412,19.80585139365524
568,19.80585139365524,20.516171414037807
569,20.516171414037807,20.741383987794023
570,20.741383987794023,20.32420189007869
571,20.32420189007869,19.135244115826332
572,19.135244115826332,17.265362652712177
573,17.265362652712177,15.220413301897892
574,15.220413301897892,13.847907825907418
575,13.847907825907418,26.72055154489972
576,26.72055154489972,27.541897890612404
577,27.541897890612404,29.076835532909485
578,29.076835532909485,30.82952876710534
579,30.82952876710534,31.996872160166802
580,31.996872160166802,31.98952175382189
581,31.98952175382189,30.776799381509264
582,30.776799381509264,28.82980166325332
583,28.82980166325332,26.915120387773936
584,26.915120387773936,25.727451369175043
585,25.727451369175043,25.359318222460598
586,25.359318222460598,25.148617101561758
587,25.148617101561758,24.223006607769115
588,24.223006607769115,22.23656117644038
589,22.23656117644038,19.59199958647478
590,19.59199958647478,17.05894315289137
591,17.05894315289137,15.269470221251996
592,15.269470221251996,14.50218154581184
593,14.50218154581184,14.709832721308118
594,14.709832721308118,15.550892511234938
595,15.550892511234938,16.417682916259757
596,16.417682916259757,16.718448730467305
597,16.718448730467305,16.42267494941089
598,16.42267494941089,16.311670120476073
599,16.311670120476073,17.35021811017002
600,17.35021811017002,19.593415990623157
601,19.593415990623157,21.881430892792263
602,21.881430892792263,22.82871202393706
603,22.82871202393706,22.058664642454445
604,22.058664642454445,20.379457378220632
605,20.379457378220632,18.905462549929936
606,18.905462549929936,18.182109222709517
607,18.182109222709517,18.046965095669357
608,18.046965095669357,18.071567234921815
609,18.071567234921815,17.995953330389057
610,17.995953330389057,17.8265637652056
611,17.8265637652056,17.715837525883096
612,17.715837525883096,17.814797440089638
613,17.814797440089638,18.156161741832836
614,18.156161741832836,18.62003065320258
615,18.62003065320258,19.04233389011626
616,19.04233389011626,19.364160653280422
617,19.364160653280422,19.64034854881904
618,19.64034854881904,19.8537455170297
619,19.8537455170297,19.862052370196498
620,19.862052370196498,19.770982617626803
621,19.770982617626803,20.239413494472526
622,20.239413494472526,21.963517607041606
623,21.963517607041606,24.722608135054863
624,24.722608135054863,27.1902463241793
625,27.1902463241793,27.87776733693724
626,27.87776733693724,26.319029135710082
627,26.319029135710082,23.428335477279425
628,23.428335477279425,20.76397529411477
629,20.76397529411477,19.35076875443478
630,19.35076875443478,19.026502969351426
631,19.026502969351426,18.86195069550761
632,18.86195069550761,18.285374098696398
633,18.285374098696398,17.74887150352974
634,17.74887150352974,18.217981377885277
635,18.217981377885277,20.167681209106405
636,20.167681209106405,23.14445511396523
637,23.14445511396523,26.07894462245369
638,26.07894462245369,27.875432277156314
639,27.875432277156314,56.35748814723859
640,56.35748814723859,54.740978168844855
641,54.740978168844855,51.818775704704564
642,51.818775704704564,48.40059776279392
643,48.40059776279392,45.40470050800281
644,45.40470050800281,43.0281589643852
645,43.0281589643852,40.605385138779326
646,40.605385138779326,37.44525037796477
647,37.44525037796477,33.56991226807582
648,33.56991226807582,29.60997382438614
649,29.60997382438614,26.302948462658968
650,26.302948462658968,24.20917446501442
651,24.20917446501442,23.611460401132845
652,23.611460401132845,24.398296639681192
653,24.398296639681192,26.014292750093993
654,26.014292750093993,27.664612231437747
655,27.664612231437747,28.72726370535743
656,28.72726370535743,29.076985826191446
657,29.076985826191446,29.098461826005977
658,29.098461826005977,29.369959135473394
659,29.369959135473394,30.18514106485445
660,30.18514106485445,31.27187587849789
661,31.27187587849789,31.970485168888914
662,31.970485168888914,31.708579675299113
663,31.708579675299113,30.355605586082014
664,30.355605586082014,28.252144007899577
665,28.252144007899577,26.002572049106192
666,26.002572049106192,24.214518286749374
667,24.214518286749374,23.27381555214948
668,23.27381555214948,23.215996717375138
669,23.215996717375138,23.76965263909246
670,23.76965263909246,24.61880842533968
671,24.61880842533968,25.69034264816561
672,25.69034264816561,27.0788286454052
673,27.0788286454052,28.57870325732631
674,28.57870325732631,29.501002912229815
675,29.501002912229815,29.230023813811773
676,29.230023813811773,27.83117635918226
677,27.83117635918226,25.90427539878104
678,25.90427539878104,24.070519388939864
679,24.070519388939864,22.839311938706086
680,22.839311938706086,22.616996177511673
681,22.616996177511673,23.382121694020135
682,23.382121694020135,24.48117796196349
683,24.48117796196349,25.140111638819953
684,25.140111638819953,25.15857292900145
685,25.15857292900145,24.83124096997792
686,24.83124096997792,24.273054526522834
687,24.273054526522834,23.247231393390642
688,23.247231393390642,21.813536323223232
689,21.813536323223232,20.74001174504374
690,20.74001174504374,20.83931108008001
691,20.83931108008001,22.025459133804684
692,22.025459133804684,23.37931921802273
693,23.37931921802273,24.094950917707084
694,24.094950917707084,24.095616369481263
695,24.095616369481263,23.767880640737825
696,23.767880640737825,23.441995301202
697,23.441995301202,23.30606439177535
698,23.30606439177535,23.61960383695994
699,23.61960383695994,24.719218600519774
700,24.719218600519774,26.68062833197584
701,26.68062833197584,28.97374172805448
702,28.97374172805448,30.559527361900656
