,Curvature_n,Curvature_n1
0,7.818093949915762,7.687074653199016
1,7.687074653199016,7.502385077182897
2,7.502385077182897,7.424274212175222
3,7.424274212175222,7.582686347138109
4,7.582686347138109,7.914055310227462
5,7.914055310227462,8.169417235740235
6,8.169417235740235,8.123218139298478
7,8.123218139298478,7.768034085910351
8,7.768034085910351,7.288417762435307
9,7.288417762435307,6.832651635215004
10,6.832651635215004,6.35559698690704
11,6.35559698690704,5.740924285202733
12,5.740924285202733,5.017736558257373
13,5.017736558257373,4.359515533446634
14,4.359515533446634,3.906437505587438
15,3.906437505587438,3.6821214212960354
16,3.6821214212960354,3.6549662088396184
17,3.6549662088396184,3.7863914127639857
18,3.7863914127639857,4.026832600293824
19,4.026832600293824,4.3409189838778
20,4.3409189838778,4.734317020259334
21,4.734317020259334,5.199008456010274
22,5.199008456010274,5.6515263417321435
23,5.6515263417321435,5.988273903928964
24,5.988273903928964,6.186061651103309
25,6.186061651103309,6.284578204972047
26,6.284578204972047,6.281624928023476
27,6.281624928023476,6.096251726567353
28,6.096251726567353,5.652613713396893
29,5.652613713396893,5.017456000618738
30,5.017456000618738,4.439316242054885
31,4.439316242054885,4.179453599315412
32,4.179453599315412,4.283700882458251
33,4.283700882458251,4.555973580666864
34,4.555973580666864,4.737753236925975
35,4.737753236925975,4.683937801986996
36,4.683937801986996,4.4102567850863625
37,4.4102567850863625,4.031577827662065
38,4.031577827662065,3.6649819518207503
39,3.6649819518207503,3.377986306266176
40,3.377986306266176,3.2090949053748834
41,3.2090949053748834,3.21779755493418
42,3.21779755493418,3.5017849083491344
43,3.5017849083491344,4.139427380586851
44,4.139427380586851,5.071260949088874
45,5.071260949088874,6.022302934070111
46,6.022302934070111,6.5922863385475505
47,6.5922863385475505,6.500192022213863
48,6.500192022213863,5.779846466196874
49,5.779846466196874,4.756632615332876
50,4.756632615332876,3.8494174397366474
51,3.8494174397366474,3.3603126526383784
52,3.3603126526383784,3.365247429722772
53,3.365247429722772,3.726754049149082
54,3.726754049149082,4.197428163667741
55,4.197428163667741,4.556858129854061
56,4.556858129854061,4.718324554677702
57,4.718324554677702,4.75034781893811
58,4.75034781893811,4.804717204163498
59,4.804717204163498,5.0126371263188565
60,5.0126371263188565,5.406325435644451
61,5.406325435644451,5.877553404655412
62,5.877553404655412,6.207287837889485
63,6.207287837889485,31.1656024403639
64,31.1656024403639,25.91817554562371
65,25.91817554562371,18.49837506482802
66,18.49837506482802,12.369078750026956
67,12.369078750026956,9.027806426188448
68,9.027806426188448,7.966765001663187
69,7.966765001663187,8.050816637805301
70,8.050816637805301,8.551668968887485
71,8.551668968887485,9.19882177014825
72,9.19882177014825,9.756322649442456
73,9.756322649442456,9.865223422393836
74,9.865223422393836,9.321006543219482
75,9.321006543219482,8.321408428661332
76,8.321408428661332,7.310931933727208
77,7.310931933727208,6.629871595248798
78,6.629871595248798,6.340792223075079
79,6.340792223075079,6.325506434401337
80,6.325506434401337,6.483101783830429
81,6.483101783830429,6.814739089379276
82,6.814739089379276,7.323736873248059
83,7.323736873248059,7.901740833459861
84,7.901740833459861,8.364004169018887
85,8.364004169018887,8.557074591566437
86,8.557074591566437,8.408688939518248
87,8.408688939518248,7.937122189600126
88,7.937122189600126,7.248910113520019
89,7.248910113520019,6.507261290328471
90,6.507261290328471,5.873067162407425
91,5.873067162407425,5.445734788978189
92,5.445734788978189,5.23277425071984
93,5.23277425071984,5.179733953135676
94,5.179733953135676,5.263342871978361
95,5.263342871978361,5.5603185856773845
96,5.5603185856773845,6.134602499273598
97,6.134602499273598,6.811666274463742
98,6.811666274463742,7.204320220597076
99,7.204320220597076,7.097956525492353
100,7.097956525492353,6.712947128034486
101,6.712947128034486,6.467284168613643
102,6.467284168613643,6.5935841149086905
103,6.5935841149086905,7.07718936325266
104,7.07718936325266,7.790866131251109
105,7.790866131251109,8.505440726210864
106,8.505440726210864,8.88125758686035
107,8.88125758686035,8.67039297646254
108,8.67039297646254,7.932239291878984
109,7.932239291878984,6.957703563415788
110,6.957703563415788,6.047091307514616
111,6.047091307514616,5.414875668242719
112,5.414875668242719,5.167925275260315
113,5.167925275260315,5.25478908612377
114,5.25478908612377,5.484445240745201
115,5.484445240745201,5.661193239468281
116,5.661193239468281,5.706426523084356
117,5.706426523084356,5.673824057985954
118,5.673824057985954,5.681735841007278
119,5.681735841007278,5.808341054355364
120,5.808341054355364,6.018105349157032
121,6.018105349157032,6.200890548124708
122,6.200890548124708,6.315784406105308
123,6.315784406105308,6.478068254975846
124,6.478068254975846,6.8406828333798995
125,6.8406828333798995,7.364872405104542
126,7.364872405104542,7.768696273143903
127,7.768696273143903,8.997934781471951
128,8.997934781471951,9.141917860579154
129,9.141917860579154,9.275191275119443
130,9.275191275119443,9.307475674365655
131,9.307475674365655,9.279932826024957
132,9.279932826024957,9.202754550261709
133,9.202754550261709,8.993082811424832
134,8.993082811424832,8.651797808187144
135,8.651797808187144,8.383289658308373
136,8.383289658308373,8.433569572761135
137,8.433569572761135,8.86890967372488
138,8.86890967372488,9.541693867506034
139,9.541693867506034,10.185466570031203
140,10.185466570031203,10.521770579696899
141,10.521770579696899,10.385608246131534
142,10.385608246131534,9.817443170939018
143,9.817443170939018,9.005307951894306
144,9.005307951894306,8.15193195879219
145,8.15193195879219,7.4362586296664634
146,7.4362586296664634,7.023196188911685
147,7.023196188911685,7.012288162230702
148,7.012288162230702,7.3877036833606
149,7.3877036833606,8.02282817584881
150,8.02282817584881,8.708793053368854
151,8.708793053368854,9.218096398601057
152,9.218096398601057,9.394537137379979
153,9.394537137379979,9.193406673088479
154,9.193406673088479,8.657612059442283
155,8.657612059442283,7.899602703810139
156,7.899602703810139,7.121197423764412
157,7.121197423764412,6.63554057879582
158,6.63554057879582,6.769042225605042
159,6.769042225605042,7.618079901927065
160,7.618079901927065,8.890180029427103
161,8.890180029427103,10.074983489794226
162,10.074983489794226,10.840269566195968
163,10.840269566195968,11.273438592818842
164,11.273438592818842,11.721099958520554
165,11.721099958520554,12.392232502234018
166,12.392232502234018,13.137225699364706
167,13.137225699364706,13.61023783098954
168,13.61023783098954,13.602139496947512
169,13.602139496947512,13.207268801659527
170,13.207268801659527,12.709837602407422
171,12.709837602407422,12.32851337305887
172,12.32851337305887,12.042290797246428
173,12.042290797246428,11.643889673999219
174,11.643889673999219,10.969651149790979
175,10.969651149790979,10.10257500018712
176,10.10257500018712,9.376495726584492
177,9.376495726584492,9.169887030228054
178,9.169887030228054,9.59945200374513
179,9.59945200374513,10.358797386126902
180,10.358797386126902,10.938282811113863
181,10.938282811113863,11.069747442819738
182,11.069747442819738,10.90594349207528
183,10.90594349207528,10.779572935591352
184,10.779572935591352,10.907789479840094
185,10.907789479840094,11.320762685630768
186,11.320762685630768,11.907123020682402
187,11.907123020682402,12.476206236739564
188,12.476206236739564,12.869437987688071
189,12.869437987688071,13.055761358990026
190,13.055761358990026,13.110147055602724
191,13.110147055602724,11.008460242749523
192,11.008460242749523,10.629697728905702
193,10.629697728905702,9.936271346943503
194,9.936271346943503,9.179667334644778
195,9.179667334644778,8.748607777208722
196,8.748607777208722,8.889113424554651
197,8.889113424554651,9.498702495741053
198,9.498702495741053,10.222350391266474
199,10.222350391266474,10.723622108487078
200,10.723622108487078,10.848898555363819
201,10.848898555363819,10.592412765499933
202,10.592412765499933,9.997879851559398
203,9.997879851559398,9.150559359467959
204,9.150559359467959,8.214453869691614
205,8.214453869691614,7.370094071370515
206,7.370094071370515,6.700066175919305
207,6.700066175919305,6.194521605079254
208,6.194521605079254,5.867457002107752
209,5.867457002107752,5.8039734002340415
210,5.8039734002340415,6.06010054340754
211,6.06010054340754,6.547336965992999
212,6.547336965992999,7.0704604546406795
213,7.0704604546406795,7.501867559609098
214,7.501867559609098,7.882721006296273
215,7.882721006296273,8.319984244501562
216,8.319984244501562,8.809599267314526
217,8.809599267314526,9.205110122817045
218,9.205110122817045,9.340372496111792
219,9.340372496111792,9.153932813349432
220,9.153932813349432,8.736225054058405
221,8.736225054058405,8.276428513726124
222,8.276428513726124,7.8905585084574295
223,7.8905585084574295,7.4851277906053575
224,7.4851277906053575,6.878652777888579
225,6.878652777888579,6.079568676688993
226,6.079568676688993,5.362191161383834
227,5.362191161383834,5.033050635113753
228,5.033050635113753,5.162478597426309
229,5.162478597426309,5.550658752320579
230,5.550658752320579,5.919681164584866
231,5.919681164584866,6.127985404862814
232,6.127985404862814,6.225950444225476
233,6.225950444225476,6.34281628470724
234,6.34281628470724,6.539545867710997
235,6.539545867710997,6.764764015071684
236,6.764764015071684,6.933984780556981
237,6.933984780556981,7.031851380921682
238,7.031851380921682,7.122521977868223
239,7.122521977868223,7.268306652074871
240,7.268306652074871,7.467099316415562
241,7.467099316415562,7.661939183430303
242,7.661939183430303,7.772252191123491
243,7.772252191123491,7.731310275884378
244,7.731310275884378,7.565088836449372
245,7.565088836449372,7.440896612860964
246,7.440896612860964,7.543756564460232
247,7.543756564460232,7.844630374882264
248,7.844630374882264,8.047732931551876
249,8.047732931551876,7.85460668940131
250,7.85460668940131,7.288506434228173
251,7.288506434228173,6.699707912468465
252,6.699707912468465,6.427191388849758
253,6.427191388849758,6.493851506011842
254,6.493851506011842,6.647507005458296
255,6.647507005458296,9.47273010010785
256,9.47273010010785,9.028630674729232
257,9.028630674729232,8.138103684760063
258,8.138103684760063,7.086422304396243
259,7.086422304396243,6.433103881263307
260,6.433103881263307,6.684825467595388
261,6.684825467595388,8.06584873805884
262,8.06584873805884,10.375756780988496
263,10.375756780988496,12.845646986736032
264,12.845646986736032,14.39220621576117
265,14.39220621576117,14.382471007774773
266,14.382471007774773,13.13702469348666
267,13.13702469348666,11.565626052953842
268,11.565626052953842,10.398592817733503
269,10.398592817733503,9.816306614220252
270,9.816306614220252,9.678579662073872
271,9.678579662073872,9.99492905391107
272,9.99492905391107,11.055468688693834
273,11.055468688693834,12.952074880532983
274,12.952074880532983,14.99969958796018
275,14.99969958796018,15.950155608846218
276,15.950155608846218,15.048822728852942
277,15.048822728852942,12.71459422106647
278,12.71459422106647,10.017157987865296
279,10.017157987865296,7.736128132919962
280,7.736128132919962,6.104534877205078
281,6.104534877205078,5.119890927727807
282,5.119890927727807,4.73155349498129
283,4.73155349498129,4.768441930068635
284,4.768441930068635,4.958929003638158
285,4.958929003638158,5.159956751057349
286,5.159956751057349,5.507498486703284
287,5.507498486703284,6.287983457513201
288,6.287983457513201,7.624186861721783
289,7.624186861721783,9.216275068997874
290,9.216275068997874,10.370175636138605
291,10.370175636138605,10.46549133688069
292,10.46549133688069,9.55744276934904
293,9.55744276934904,8.399878909303212
294,8.399878909303212,7.755179009218012
295,7.755179009218012,7.770046758618589
296,7.770046758618589,8.036943801897047
297,8.036943801897047,8.077034080072687
298,8.077034080072687,7.690725722809232
299,7.690725722809232,7.003522369672915
300,7.003522369672915,6.329840618891277
301,6.329840618891277,5.9660835340667155
302,5.9660835340667155,6.0039584889352975
303,6.0039584889352975,6.2846576451842004
304,6.2846576451842004,6.538065446065044
305,6.538065446065044,6.589446536695453
306,6.589446536695453,6.454687757815304
307,6.454687757815304,6.284701413808829
308,6.284701413808829,6.24520575100547
309,6.24520575100547,6.381105835794919
310,6.381105835794919,6.534645126061038
311,6.534645126061038,6.453063557675339
312,6.453063557675339,6.041459531712987
313,6.041459531712987,5.473576915202981
314,5.473576915202981,5.0215336115737035
315,5.0215336115737035,4.826199837387366
316,4.826199837387366,4.849419122105433
317,4.849419122105433,4.967436920157493
318,4.967436920157493,5.060886306872055
319,5.060886306872055,19.096228452496064
320,19.096228452496064,17.44021007657443
321,17.44021007657443,15.03733386914173
322,15.03733386914173,12.97807699111459
323,12.97807699111459,11.870066766614208
324,11.870066766614208,11.77804653409091
325,11.77804653409091,12.502680819348551
326,12.502680819348551,13.712516963554727
327,13.712516963554727,14.917403449158485
328,14.917403449158485,15.564160008148864
329,15.564160008148864,15.27922904626534
330,15.27922904626534,14.037156919792874
331,14.037156919792874,12.150848177609422
332,12.150848177609422,10.123794111099127
333,10.123794111099127,8.417165504913518
334,8.417165504913518,7.232222561446733
335,7.232222561446733,6.450757392159915
336,6.450757392159915,5.7952813323553105
337,5.7952813323553105,5.096131592953249
338,5.096131592953249,4.414473125823461
339,4.414473125823461,3.915252419823991
340,3.915252419823991,3.7152920814891637
341,3.7152920814891637,3.9217318386055293
342,3.9217318386055293,4.7508975767792085
343,4.7508975767792085,6.449550005671847
344,6.449550005671847,8.966597665929111
345,8.966597665929111,11.693991904610812
346,11.693991904610812,13.695782642093365
347,13.695782642093365,14.370259682381397
348,14.370259682381397,13.873239926275275
349,13.873239926275275,12.834076979998958
350,12.834076979998958,11.767510638025488
351,11.767510638025488,10.818372799467562
352,10.818372799467562,9.914559039456899
353,9.914559039456899,9.042583349578006
354,9.042583349578006,8.39099200595233
355,8.39099200595233,8.20893632932372
356,8.20893632932372,8.53517229568327
357,8.53517229568327,9.173068554298576
358,9.173068554298576,9.934778443807836
359,9.934778443807836,10.764180924485803
360,10.764180924485803,11.603852447591436
361,11.603852447591436,12.278591303751295
362,12.278591303751295,12.604037057891686
363,12.604037057891686,12.593071023445205
364,12.593071023445205,12.486985028733784
365,12.486985028733784,12.524353425266101
366,12.524353425266101,12.702987106412351
367,12.702987106412351,12.825243626382449
368,12.825243626382449,12.730555257516713
369,12.730555257516713,12.380997965692698
370,12.380997965692698,11.773962600987158
371,11.773962600987158,10.90921775568979
372,10.90921775568979,9.838075809108442
373,9.838075809108442,8.676470183741934
374,8.676470183741934,7.617911526674319
375,7.617911526674319,6.972449504986194
376,6.972449504986194,7.080645391521866
377,7.080645391521866,8.073270876974961
378,8.073270876974961,9.742608121582924
379,9.742608121582924,11.689826592998681
380,11.689826592998681,13.541010006571236
381,13.541010006571236,15.001750080823594
382,15.001750080823594,15.818582720650221
383,15.818582720650221,25.14254589832373
384,25.14254589832373,25.908662701009348
385,25.908662701009348,26.841233240559326
386,26.841233240559326,27.08331367560531
387,27.08331367560531,26.191067130112287
388,26.191067130112287,24.54736698083165
389,24.54736698083165,22.98057329118163
390,22.98057329118163,22.03420960269764
391,22.03420960269764,21.7070633418186
392,21.7070633418186,21.73884958056678
393,21.73884958056678,21.94784743246334
394,21.94784743246334,22.315155719702453
395,22.315155719702453,22.88205176083783
396,22.88205176083783,23.634267772468206
397,23.634267772468206,24.445619577224917
398,24.445619577224917,25.0771321774208
399,25.0771321774208,25.240305130438305
400,25.240305130438305,24.74838076175451
401,24.74838076175451,23.672262036213972
402,23.672262036213972,22.367087528386048
403,22.367087528386048,21.312023459139503
404,21.312023459139503,20.844540533265743
405,20.844540533265743,20.988342030516815
406,20.988342030516815,21.4985648392558
407,21.4985648392558,22.000193151113763
408,22.000193151113763,22.07351447314374
409,22.07351447314374,21.35758532069972
410,21.35758532069972,19.794930591446388
411,19.794930591446388,17.8721249869361
412,17.8721249869361,16.47799904349343
413,16.47799904349343,16.273603079945502
414,16.273603079945502,17.12414566221583
415,17.12414566221583,18.202073748282363
416,18.202073748282363,18.621074454410188
417,18.621074454410188,17.98677053770412
418,17.98677053770412,16.533215711574954
419,16.533215711574954,14.879086828975709
420,14.879086828975709,13.60582842263859
421,13.60582842263859,12.987051621492839
422,12.987051621492839,13.054068692618888
423,13.054068692618888,13.77893010177868
424,13.77893010177868,15.026457742188862
425,15.026457742188862,16.36997381936425
426,16.36997381936425,17.247257537616342
427,17.247257537616342,17.454106526053152
428,17.454106526053152,17.303563564194505
429,17.303563564194505,17.156638629909132
430,17.156638629909132,17.003071189844245
431,17.003071189844245,16.669028597534364
432,16.669028597534364,16.2368540077987
433,16.2368540077987,15.997698272836047
434,15.997698272836047,16.025209062514563
435,16.025209062514563,16.02834170172911
436,16.02834170172911,15.740921046791714
437,15.740921046791714,15.291422274671156
438,15.291422274671156,15.035343359302594
439,15.035343359302594,15.16004112765673
440,15.16004112765673,15.56845305863428
441,15.56845305863428,16.00716026991281
442,16.00716026991281,16.21391508344945
443,16.21391508344945,16.020525463273415
444,16.020525463273415,15.404676493325123
445,15.404676493325123,14.557102323507923
446,14.557102323507923,13.918653565717475
447,13.918653565717475,19.605047125917743
448,19.605047125917743,18.801540136236945
449,18.801540136236945,18.258923733320316
450,18.258923733320316,18.82408118182554
451,18.82408118182554,20.21657422721669
452,20.21657422721669,21.489777409834886
453,21.489777409834886,22.049883387290016
454,22.049883387290016,22.049457485965068
455,22.049457485965068,22.02385393457882
456,22.02385393457882,22.386622579717237
457,22.386622579717237,23.144880149792762
458,23.144880149792762,23.82056445088072
459,23.82056445088072,23.652462782290698
460,23.652462782290698,22.221753504582413
461,22.221753504582413,20.030163393885026
462,20.030163393885026,18.176207222737144
463,18.176207222737144,17.373368337537258
464,17.373368337537258,17.576462199442073
465,17.576462199442073,18.460875724597848
466,18.460875724597848,19.63247232986098
467,19.63247232986098,20.32753933722008
468,20.32753933722008,19.64107594502132
469,19.64107594502132,17.4122895486695
470,17.4122895486695,14.511938449503628
471,14.511938449503628,12.1214633171253
472,12.1214633171253,10.985277565683901
473,10.985277565683901,11.232985539045956
474,11.232985539045956,12.43883692925449
475,12.43883692925449,13.802810480469638
476,13.802810480469638,14.666189724088667
477,14.666189724088667,14.979790182307113
478,14.979790182307113,15.157300087666425
479,15.157300087666425,15.603916255972198
480,15.603916255972198,16.551624088240263
481,16.551624088240263,18.07998349538836
482,18.07998349538836,19.92869444325671
483,19.92869444325671,21.34179010591361
484,21.34179010591361,21.425898343848914
485,21.425898343848914,19.91407730181086
486,19.91407730181086,17.56960668003078
487,17.56960668003078,15.67337825838181
488,15.67337825838181,15.089543052749818
489,15.089543052749818,15.82547015046433
490,15.82547015046433,17.282593120460284
491,17.282593120460284,18.778550572829563
492,18.778550572829563,19.900642443457897
493,19.900642443457897,20.402369180696702
494,20.402369180696702,19.97442246297815
495,19.97442246297815,18.516833458576563
496,18.516833458576563,16.54890078596206
497,16.54890078596206,14.968451046561892
498,14.968451046561892,14.472027686306792
499,14.472027686306792,15.339563467379088
500,15.339563467379088,17.484290528042155
501,17.484290528042155,20.442969171542693
502,20.442969171542693,23.391754091385728
503,23.391754091385728,25.34097572026083
504,25.34097572026083,25.546645181209175
505,25.546645181209175,23.975180347495975
506,23.975180347495975,21.38406410154302
507,21.38406410154302,18.817437384493832
508,18.817437384493832,16.97023351024702
509,16.97023351024702,15.960420280202674
510,15.960420280202674,15.56101748210731
511,15.56101748210731,25.55288826179129
512,25.55288826179129,26.339268867444204
513,26.339268867444204,27.394303034583523
514,27.394303034583523,27.752374348664205
515,27.752374348664205,26.7434385221093
516,26.7434385221093,24.97468800538018
517,24.97468800538018,24.021527172901592
518,24.021527172901592,24.746973475624642
519,24.746973475624642,26.340055928024498
520,26.340055928024498,27.32391018695551
521,27.32391018695551,27.05081021824831
522,27.05081021824831,25.82059549698542
523,25.82059549698542,24.124228874828106
524,24.124228874828106,22.485641044425705
525,22.485641044425705,21.620731740616556
526,21.620731740616556,21.95563864420011
527,21.95563864420011,23.084262916361663
528,23.084262916361663,24.172071388924532
529,24.172071388924532,24.649843843431633
530,24.649843843431633,24.147886870019764
531,24.147886870019764,22.18645087086657
532,22.18645087086657,18.543173448818976
533,18.543173448818976,13.8864557665018
534,13.8864557665018,9.653403849453502
535,9.653403849453502,7.122103614053267
536,7.122103614053267,6.703229608478447
537,6.703229608478447,8.082307840828978
538,8.082307840828978,10.670323428007269
539,10.670323428007269,13.694662094270779
540,13.694662094270779,16.264924042345577
541,16.264924042345577,17.927604517551593
542,17.927604517551593,19.056385923362235
543,19.056385923362235,20.25746776843793
544,20.25746776843793,21.500764925768912
545,21.500764925768912,22.25061350533445
546,22.25061350533445,22.459633332319854
547,22.459633332319854,22.9130559396774
548,22.9130559396774,24.17398833457191
549,24.17398833457191,25.463165346609486
550,25.463165346609486,25.175314735111783
551,25.175314735111783,22.599984253751785
552,22.599984253751785,18.774939188448826
553,18.774939188448826,15.59923766655983
554,15.59923766655983,14.403676963242553
555,14.403676963242553,15.26106947409022
556,15.26106947409022,17.117787012644072
557,17.117787012644072,18.437310641648416
558,18.437310641648416,18.173399067696806
559,18.173399067696806,16.483965682504643
560,16.483965682504643,14.447829413007618
561,14.447829413007618,13.10984781967805
562,13.10984781967805,12.87683977568016
563,12.87683977568016,13.543586111038962
564,13.543586111038962,14.514386712455005
565,14.514386712455005,15.054172457929509
566,15.054172457929509,14.685988452995023
567,14.685988452995023,13.532463911020184
568,13.532463911020184,12.217460223865892
569,12.217460223865892,11.419853005686768
570,11.419853005686768,11.516468002068134
571,11.516468002068134,12.50691885342989
572,12.50691885342989,14.065856502435864
573,14.065856502435864,15.638362790769115
574,15.638362790769115,16.622203488171422
575,16.622203488171422,19.026477509561396
576,19.026477509561396,17.53716362691756
577,17.53716362691756,15.568925638057319
578,15.568925638057319,14.563405125310979
579,14.563405125310979,15.330426920159685
580,15.330426920159685,17.329198828509313
581,17.329198828509313,19.24255001737017
582,19.24255001737017,20.316630707220117
583,20.316630707220117,20.7486563328815
584,20.7486563328815,20.857128828550934
585,20.857128828550934,20.616905297875903
586,20.616905297875903,20.18334355182712
587,20.18334355182712,20.053911966678754
588,20.053911966678754,20.258343892859155
589,20.258343892859155,19.889494044576196
590,19.889494044576196,17.886735289511574
591,17.886735289511574,14.189431393816822
592,14.189431393816822,9.9371670108155
593,9.9371670108155,6.575920636576347
594,6.575920636576347,4.891900798999735
595,4.891900798999735,4.859363122478907
596,4.859363122478907,6.14016074276582
597,6.14016074276582,8.58218639314012
598,8.58218639314012,12.186574386692202
599,12.186574386692202,16.497886555630664
600,16.497886555630664,20.20537589761012
601,20.20537589761012,21.865305495320328
602,21.865305495320328,21.25261942820987
603,21.25261942820987,19.782358340809065
604,19.782358340809065,19.53321084173306
605,19.53321084173306,21.840380358702344
606,21.840380358702344,26.38837385829609
607,26.38837385829609,31.176057845716983
608,31.176057845716983,33.5193697728519
609,33.5193697728519,31.808983044883
610,31.808983044883,26.791039509448325
611,26.791039509448325,21.02439534707362
612,21.02439534707362,16.89083738972941
613,16.89083738972941,15.144970264367515
614,15.144970264367515,15.100010222450496
615,15.100010222450496,15.663463495451444
616,15.663463495451444,16.038241144969493
617,16.038241144969493,15.792407309956246
618,15.792407309956246,14.761444985807472
619,14.761444985807472,13.236275137063807
620,13.236275137063807,12.173986304324327
621,12.173986304324327,12.723780729209222
622,12.723780729209222,15.132185535088515
623,15.132185535088515,18.260286795401665
624,18.260286795401665,20.51732456984458
625,20.51732456984458,21.262454669497554
626,21.262454669497554,21.09319298349134
627,21.09319298349134,20.87941561892785
628,20.87941561892785,20.75914828636394
629,20.75914828636394,20.08850759536092
630,20.08850759536092,18.280464927172908
631,18.280464927172908,15.598544948674556
632,15.598544948674556,13.123900871891117
633,13.123900871891117,12.100398689935759
634,12.100398689935759,13.270327562523716
635,13.270327562523716,16.494843534056145
636,16.494843534056145,20.793397498298738
637,20.793397498298738,24.779899537795593
638,24.779899537795593,27.16707148048259
639,27.16707148048259,42.8777029741908
640,42.8777029741908,41.92811500281469
641,41.92811500281469,40.40233982767656
642,40.40233982767656,38.70977411279931
643,38.70977411279931,37.01087114359987
644,37.01087114359987,35.25420931331435
645,35.25420931331435,33.474623889708916
646,33.474623889708916,31.99318658890724
647,31.99318658890724,31.203428115070242
648,31.203428115070242,31.07933712345413
649,31.07933712345413,31.07310780829877
650,31.07310780829877,30.654261558700693
651,30.654261558700693,29.853842049938997
652,29.853842049938997,29.241147627757783
653,29.241147627757783,29.51734929319121
654,29.51734929319121,31.08146546798963
655,31.08146546798963,33.72799941624039
656,33.72799941624039,36.709346486380106
657,36.709346486380106,39.19778603162786
658,39.19778603162786,40.67101268248644
659,40.67101268248644,40.80533743903196
660,40.80533743903196,39.2208114299612
661,39.2208114299612,35.67412745359173
662,35.67412745359173,30.678181821070886
663,30.678181821070886,25.75932542402908
664,25.75932542402908,22.695548649934757
665,22.695548649934757,22.32470921075661
666,22.32470921075661,24.14773854802049
667,24.14773854802049,26.952989530959947
668,26.952989530959947,29.56323042865514
669,29.56323042865514,31.13429597483026
670,31.13429597483026,31.13475289720431
671,31.13475289720431,29.302159228015498
672,29.302159228015498,25.890022672982333
673,25.890022672982333,22.012911343967296
674,22.012911343967296,19.267971653913808
675,19.267971653913808,18.564304103797163
676,18.564304103797163,19.380000232696116
677,19.380000232696116,20.331199592026124
678,20.331199592026124,20.544537736143756
679,20.544537736143756,20.499065237721958
680,20.499065237721958,21.342432735240802
681,21.342432735240802,23.31266171057891
682,23.31266171057891,25.292925372926376
683,25.292925372926376,26.214226726002572
684,26.214226726002572,26.30125195391869
685,26.30125195391869,26.345007433268215
686,26.345007433268215,26.268788834248106
687,26.268788834248106,25.325838875507117
688,25.325838875507117,23.521791897388397
689,23.521791897388397,21.92878238874821
690,21.92878238874821,21.430997388249658
691,21.430997388249658,21.778568788510306
692,21.778568788510306,22.062269109898935
693,22.062269109898935,21.718548450769635
694,21.718548450769635,20.918760436570828
695,20.918760436570828,20.135627943708784
696,20.135627943708784,19.396463930552862
697,19.396463930552862,18.160241575213302
698,18.160241575213302,16.189661231762432
699,16.189661231762432,14.301547098863804
700,14.301547098863804,13.729293598205508
701,13.729293598205508,14.671911799450484
702,14.671911799450484,15.861068302312635
