,Curvature_n,Curvature_n1
0,56.87230151973356,52.26534373202214
1,52.26534373202214,45.75559201362799
2,45.75559201362799,39.43241702981061
3,39.43241702981061,33.21135796851593
4,33.21135796851593,26.59575119735901
5,26.59575119735901,20.357707531410654
6,20.357707531410654,16.009372350179614
7,16.009372350179614,14.559835349526502
8,14.559835349526502,16.141356474245207
9,16.141356474245207,20.230117083776143
10,20.230117083776143,25.573654690751056
11,25.573654690751056,30.097986282887575
12,30.097986282887575,31.682017435343806
13,31.682017435343806,29.629691113465032
14,29.629691113465032,25.45753994221372
15,25.45753994221372,21.86497130162162
16,21.86497130162162,20.534804663620474
17,20.534804663620474,21.16270765480902
18,21.16270765480902,22.869324464457797
19,22.869324464457797,25.770632946120912
20,25.770632946120912,30.27389678671564
21,30.27389678671564,35.35381614020113
22,35.35381614020113,38.6836293907104
23,38.6836293907104,38.6221127895676
24,38.6221127895676,35.49273860283632
25,35.49273860283632,30.88801593109121
26,30.88801593109121,26.261645324280344
27,26.261645324280344,22.53482542822838
28,22.53482542822838,20.50714877197767
29,20.50714877197767,20.731580272156616
30,20.731580272156616,22.774943600078558
31,22.774943600078558,25.192276717450504
32,25.192276717450504,26.76745100189327
33,26.76745100189327,27.625295879644963
34,27.625295879644963,28.61367101299426
35,28.61367101299426,29.849650869699506
36,29.849650869699506,30.594566587202554
37,30.594566587202554,30.489255469937028
38,30.489255469937028,30.17172593460308
39,30.17172593460308,30.470003723635614
40,30.470003723635614,31.345128766084212
41,31.345128766084212,32.0097885097876
42,32.0097885097876,32.140290493188175
43,32.140290493188175,32.33027854002434
44,32.33027854002434,32.789819797699415
45,32.789819797699415,32.31418378476807
46,32.31418378476807,29.54934191950892
47,29.54934191950892,24.886270067755397
48,24.886270067755397,20.137352641693465
49,20.137352641693465,16.59625700989469
50,16.59625700989469,14.316880728562495
51,14.316880728562495,13.185719879824635
52,13.185719879824635,13.725106820988792
53,13.725106820988792,16.359986691071324
54,16.359986691071324,20.187273123918587
55,20.187273123918587,23.125904029941726
56,23.125904029941726,23.663857202216633
57,23.663857202216633,22.19313939781834
58,22.19313939781834,20.369519784609576
59,20.369519784609576,19.590754509152934
60,19.590754509152934,20.295185266732233
61,20.295185266732233,21.973802705821633
62,21.973802705821633,23.391418997495514
63,23.391418997495514,14.405075814488201
64,14.405075814488201,15.6511134843151
65,15.6511134843151,16.935550803126475
66,16.935550803126475,17.25332400549656
67,17.25332400549656,16.878324170253638
68,16.878324170253638,16.840645727030736
69,16.840645727030736,17.538134304929425
70,17.538134304929425,18.190484599747723
71,18.190484599747723,17.753573528479393
72,17.753573528479393,16.136308635105117
73,16.136308635105117,14.246860766380248
74,14.246860766380248,12.942067750047688
75,12.942067750047688,12.239377949083703
76,12.239377949083703,11.620664883229917
77,11.620664883229917,10.887979857370903
78,10.887979857370903,10.46293742874719
79,10.46293742874719,10.786976450501122
80,10.786976450501122,11.611458082806825
81,11.611458082806825,12.103729054817064
82,12.103729054817064,11.667697557819134
83,11.667697557819134,10.519664011227398
84,10.519664011227398,9.46771665655455
85,9.46771665655455,9.259578121987653
86,9.259578121987653,10.086245038462119
87,10.086245038462119,11.51404507273973
88,11.51404507273973,12.830057419245936
89,12.830057419245936,13.569497368041088
90,13.569497368041088,13.782457694101307
91,13.782457694101307,13.81562583357845
92,13.81562583357845,13.949911399937413
93,13.949911399937413,14.295815637719409
94,14.295815637719409,14.83586713892566
95,14.83586713892566,15.37659811798343
96,15.37659811798343,15.635340335725857
97,15.635340335725857,15.607333339478384
98,15.607333339478384,15.679578224196586
99,15.679578224196586,16.079440674350643
100,16.079440674350643,16.350907074926777
101,16.350907074926777,15.767694752799198
102,15.767694752799198,14.251728121406565
103,14.251728121406565,12.586029257898192
104,12.586029257898192,11.716503919391688
105,11.716503919391688,12.019318886141392
106,12.019318886141392,13.122877968200482
107,13.122877968200482,14.267278012311825
108,14.267278012311825,14.947913322372093
109,14.947913322372093,15.313917433028454
110,15.313917433028454,15.804885212243793
111,15.804885212243793,16.43535345477445
112,16.43535345477445,16.731288695649496
113,16.731288695649496,16.319335415782533
114,16.319335415782533,15.230505860351812
115,15.230505860351812,13.632583935624048
116,13.632583935624048,11.607869598702518
117,11.607869598702518,9.296693838005375
118,9.296693838005375,7.060336938023326
119,7.060336938023326,5.371708484094404
120,5.371708484094404,4.5630974750994495
121,4.5630974750994495,4.698952666518631
122,4.698952666518631,5.70425438155068
123,5.70425438155068,7.596811730394597
124,7.596811730394597,10.387781439948299
125,10.387781439948299,13.539239692554965
126,13.539239692554965,15.737651810215553
127,15.737651810215553,27.343442054986642
128,27.343442054986642,26.754690867025886
129,26.754690867025886,26.104048164425773
130,26.104048164425773,25.54341911923902
131,25.54341911923902,24.451578222417336
132,24.451578222417336,22.290282529071412
133,22.290282529071412,19.617330011421178
134,19.617330011421178,17.722515297306263
135,17.722515297306263,17.157982811406345
136,17.157982811406345,17.05374995855895
137,17.05374995855895,16.087450443134262
138,16.087450443134262,13.918978453785646
139,13.918978453785646,11.469789380625679
140,11.469789380625679,10.012147993409311
141,10.012147993409311,10.251921156728104
142,10.251921156728104,12.03774015239375
143,12.03774015239375,14.493408876315103
144,14.493408876315103,16.428099893045385
145,16.428099893045385,16.989452587531513
146,16.989452587531513,16.089471114789202
147,16.089471114789202,14.255371648580983
148,14.255371648580983,12.29571754553449
149,12.29571754553449,11.175204744481425
150,11.175204744481425,11.759642291546205
151,11.759642291546205,14.13137398192782
152,14.13137398192782,17.08631095289453
153,17.08631095289453,18.751267800169494
154,18.751267800169494,18.093538792609568
155,18.093538792609568,15.715988124586293
156,15.715988124586293,13.046100559206728
157,13.046100559206728,11.040456876112712
158,11.040456876112712,9.857592250769358
159,9.857592250769358,9.326077811663597
160,9.326077811663597,9.269675167197835
161,9.269675167197835,9.477232359804761
162,9.477232359804761,9.688333773828072
163,9.688333773828072,9.689616765551822
164,9.689616765551822,9.371126595100769
165,9.371126595100769,8.761998039308875
166,8.761998039308875,8.039754106520196
167,8.039754106520196,7.400693867167769
168,7.400693867167769,6.915421502749972
169,6.915421502749972,6.5950144938868736
170,6.5950144938868736,6.542797005643983
171,6.542797005643983,6.887918168015928
172,6.887918168015928,7.541176228437181
173,7.541176228437181,8.099405197541943
174,8.099405197541943,8.134284727972627
175,8.134284727972627,7.635775323902211
176,7.635775323902211,7.052956182402192
177,7.052956182402192,6.798117426256864
178,6.798117426256864,6.833522672730386
179,6.833522672730386,6.8249614245094925
180,6.8249614245094925,6.565954814589638
181,6.565954814589638,6.174320865846125
182,6.174320865846125,5.972695825500392
183,5.972695825500392,6.232029487505538
184,6.232029487505538,6.980369378745673
185,6.980369378745673,7.999085642023259
186,7.999085642023259,8.951111892711225
187,8.951111892711225,9.487999951149899
188,9.487999951149899,9.381865450776852
189,9.381865450776852,8.762642799757579
190,8.762642799757579,8.180192806908481
191,8.180192806908481,4.763844424395423
192,4.763844424395423,5.539003690637067
193,5.539003690637067,7.049585443918742
194,7.049585443918742,9.022681479455501
195,9.022681479455501,10.897728279379312
196,10.897728279379312,12.225476557147159
197,12.225476557147159,13.317328966964203
198,13.317328966964203,15.483256356271315
199,15.483256356271315,20.235198983461
200,20.235198983461,27.568238425987925
201,27.568238425987925,34.85012295509493
202,34.85012295509493,38.26171267460353
203,38.26171267460353,36.08415507110419
204,36.08415507110419,30.13944324631781
205,30.13944324631781,23.64366480289989
206,23.64366480289989,18.387914611527847
207,18.387914611527847,14.40485655354071
208,14.40485655354071,11.44714597688236
209,11.44714597688236,9.93724014780029
210,9.93724014780029,10.65372041574691
211,10.65372041574691,13.8303614050319
212,13.8303614050319,18.464984546186184
213,18.464984546186184,22.57810335525348
214,22.57810335525348,24.51473625568899
215,24.51473625568899,23.989449004137118
216,23.989449004137118,21.7220641335473
217,21.7220641335473,18.471436333696193
218,18.471436333696193,14.776218164229023
219,14.776218164229023,11.215653058856258
220,11.215653058856258,8.420587401347422
221,8.420587401347422,6.84196252425159
222,6.84196252425159,6.623613202638425
223,6.623613202638425,7.609559947091667
224,7.609559947091667,9.322732568963342
225,9.322732568963342,10.95930900236974
226,10.95930900236974,11.689501868125566
227,11.689501868125566,11.242605281657525
228,11.242605281657525,10.104384884753047
229,10.104384884753047,8.9676792763573
230,8.9676792763573,8.098185181605196
231,8.098185181605196,7.355808428039438
232,7.355808428039438,6.665130369184178
233,6.665130369184178,6.251380603294504
234,6.251380603294504,6.392418004102916
235,6.392418004102916,7.049624406030375
236,7.049624406030375,7.789764396879916
237,7.789764396879916,8.068499438152603
238,8.068499438152603,7.657334329897373
239,7.657334329897373,6.839361604915832
240,6.839361604915832,6.170833463735505
241,6.170833463735505,6.0639709606530525
242,6.0639709606530525,6.62832863060739
243,6.62832863060739,7.889991151443589
244,7.889991151443589,9.9922846824682
245,9.9922846824682,12.884489206212605
246,12.884489206212605,15.732985767359768
247,15.732985767359768,17.08840625445991
248,17.08840625445991,16.098291472113697
249,16.098291472113697,13.385939393449656
250,13.385939393449656,10.425122856579028
251,10.425122856579028,8.265478290050314
252,8.265478290050314,7.066125410130942
253,7.066125410130942,6.516693840561123
254,6.516693840561123,6.314666241157385
255,6.314666241157385,9.356649432688391
256,9.356649432688391,9.471429104042793
257,9.471429104042793,9.477415824866824
258,9.477415824866824,9.112173453828389
259,9.112173453828389,8.384176339477293
260,8.384176339477293,7.7807034628075
261,7.7807034628075,8.066872741530892
262,8.066872741530892,9.627399703680998
263,9.627399703680998,11.874717958289851
264,11.874717958289851,13.529925680804512
265,13.529925680804512,13.781021063250511
266,13.781021063250511,13.02077955489739
267,13.02077955489739,12.224330230718495
268,12.224330230718495,11.85192096672855
269,11.85192096672855,11.653917047093733
270,11.653917047093733,11.311962551053552
271,11.311962551053552,10.844129696576301
272,10.844129696576301,10.376091875307974
273,10.376091875307974,9.895115955718268
274,9.895115955718268,9.376074221110969
275,9.376074221110969,8.880592217125185
276,8.880592217125185,8.393336678112911
277,8.393336678112911,7.783946052356326
278,7.783946052356326,7.094681182669278
279,7.094681182669278,6.743771411410588
280,6.743771411410588,7.323177643347555
281,7.323177643347555,9.37277240141675
282,9.37277240141675,13.312192587318341
283,13.312192587318341,19.21010050678296
284,19.21010050678296,26.273365112068795
285,26.273365112068795,32.637911607446256
286,32.637911607446256,35.9832731550586
287,35.9832731550586,34.89518402512062
288,34.89518402512062,30.14541599733313
289,30.14541599733313,24.55045516897184
290,24.55045516897184,20.945257785852704
291,20.945257785852704,20.03488781894224
292,20.03488781894224,20.27461875747364
293,20.27461875747364,19.665909540129356
294,19.665909540129356,17.620588769432736
295,17.620588769432736,15.290419672040553
296,15.290419672040553,14.176188230464806
297,14.176188230464806,14.516813141056339
298,14.516813141056339,15.225460217969431
299,15.225460217969431,15.318746339937663
300,15.318746339937663,14.844919262043321
301,14.844919262043321,14.243502551154204
302,14.243502551154204,13.467083118128912
303,13.467083118128912,12.265766305341538
304,12.265766305341538,10.849951863664515
305,10.849951863664515,9.701748088620416
306,9.701748088620416,8.971889195294924
307,8.971889195294924,8.503327562760697
308,8.503327562760697,8.241789818370776
309,8.241789818370776,8.230368202712356
310,8.230368202712356,8.336421849215755
311,8.336421849215755,8.321819381798601
312,8.321819381798601,8.14819019487409
313,8.14819019487409,7.96551571013444
314,7.96551571013444,7.826458779470329
315,7.826458779470329,7.608112061479515
316,7.608112061479515,7.229771326672417
317,7.229771326672417,6.796847126598163
318,6.796847126598163,6.5106686408504135
319,6.5106686408504135,13.02570400519435
320,13.02570400519435,11.936925512308079
321,11.936925512308079,10.122558756670728
322,10.122558756670728,8.102771791344036
323,8.102771791344036,6.352695380843068
324,6.352695380843068,5.196595635941281
325,5.196595635941281,4.7491186819771505
326,4.7491186819771505,4.898191696028652
327,4.898191696028652,5.383979143622316
328,5.383979143622316,5.987748402178427
329,5.987748402178427,6.687113309226657
330,6.687113309226657,7.633247104161289
331,7.633247104161289,8.988207882542753
332,8.988207882542753,10.859872111127663
333,10.859872111127663,13.367852465793488
334,13.367852465793488,16.464665335115505
335,16.464665335115505,19.419800166295726
336,19.419800166295726,20.829511569252354
337,20.829511569252354,19.749934731544013
338,19.749934731544013,16.71614687553595
339,16.71614687553595,13.230482921478131
340,13.230482921478131,10.463147608064258
341,10.463147608064258,8.736421834730164
342,8.736421834730164,7.8931746589683875
343,7.8931746589683875,7.730798244988882
344,7.730798244988882,8.102787185386836
345,8.102787185386836,8.799384563859075
346,8.799384563859075,9.44593849507403
347,9.44593849507403,9.607991384068942
348,9.607991384068942,9.099038676927192
349,9.099038676927192,8.168767750094217
350,8.168767750094217,7.323525181528196
351,7.323525181528196,6.955193371991587
352,6.955193371991587,7.135686625523794
353,7.135686625523794,7.686495043560479
354,7.686495043560479,8.34245166160961
355,8.34245166160961,8.829706511270647
356,8.829706511270647,8.888707593567226
357,8.888707593567226,8.402559071284447
358,8.402559071284447,7.596508175176799
359,7.596508175176799,6.999788442121242
360,6.999788442121242,7.020492987271346
361,7.020492987271346,7.552759374037768
362,7.552759374037768,8.152590693743765
363,8.152590693743765,8.583398541242548
364,8.583398541242548,8.953780511981202
365,8.953780511981202,9.266921749999867
366,9.266921749999867,9.158494209372511
367,9.158494209372511,8.328318546038552
368,8.328318546038552,7.03577916267856
369,7.03577916267856,5.916970451967698
370,5.916970451967698,5.409803999470302
371,5.409803999470302,5.513583200230119
372,5.513583200230119,5.978853462039457
373,5.978853462039457,6.520777408059441
374,6.520777408059441,6.8647791560672315
375,6.8647791560672315,6.7768395747446295
376,6.7768395747446295,6.199750445769922
377,6.199750445769922,5.334902227710258
378,5.334902227710258,4.482473800060477
379,4.482473800060477,3.784444116535487
380,3.784444116535487,3.200344967295612
381,3.200344967295612,2.7048633997294496
382,2.7048633997294496,2.396821013866595
383,2.396821013866595,10.057834289939857
384,10.057834289939857,9.180786321313043
385,9.180786321313043,8.12866961970306
386,8.12866961970306,7.6514758555001645
387,7.6514758555001645,7.991647673637065
388,7.991647673637065,8.843409565482936
389,8.843409565482936,9.602039225207436
390,9.602039225207436,9.695650729673936
391,9.695650729673936,8.965324175771517
392,8.965324175771517,7.790134576743158
393,7.790134576743158,6.728603965623521
394,6.728603965623521,6.099215830616816
395,6.099215830616816,5.963597536273294
396,5.963597536273294,6.353441514704194
397,6.353441514704194,7.322713957579191
398,7.322713957579191,8.715898091930551
399,8.715898091930551,9.958103341521205
400,9.958103341521205,10.3431877348601
401,10.3431877348601,9.80414090798486
402,9.80414090798486,9.236244096667896
403,9.236244096667896,9.638994251824952
404,9.638994251824952,10.92259373085772
405,10.92259373085772,11.906517047011588
406,11.906517047011588,11.586360714193194
407,11.586360714193194,10.101909738264348
408,10.101909738264348,8.342556781041147
409,8.342556781041147,6.976063757915364
410,6.976063757915364,6.119397905680915
411,6.119397905680915,5.647382183252294
412,5.647382183252294,5.438046151848745
413,5.438046151848745,5.361370911914404
414,5.361370911914404,5.311602439660875
415,5.311602439660875,5.338477343474597
416,5.338477343474597,5.603871131753968
417,5.603871131753968,6.125259529021148
418,6.125259529021148,6.675527254694613
419,6.675527254694613,7.086808211105949
420,7.086808211105949,7.6535707664579515
421,7.6535707664579515,9.010874529008193
422,9.010874529008193,11.37893822380286
423,11.37893822380286,13.979800408808927
424,13.979800408808927,15.618591001327228
425,15.618591001327228,15.986693070958557
426,15.986693070958557,15.859100405540067
427,15.859100405540067,15.726751447702387
428,15.726751447702387,14.938255078271197
429,14.938255078271197,12.715661579240798
430,12.715661579240798,9.429696996047563
431,9.429696996047563,6.325262751827447
432,6.325262751827447,4.388985868194221
433,4.388985868194221,3.873895694069776
434,3.873895694069776,4.535086813177276
435,4.535086813177276,5.829001744927414
436,5.829001744927414,7.006977020609574
437,7.006977020609574,7.44232993258663
438,7.44232993258663,7.050949733566222
439,7.050949733566222,6.278569896299913
440,6.278569896299913,5.66943512008003
441,5.66943512008003,5.53408025197026
442,5.53408025197026,5.909970457693908
443,5.909970457693908,6.565903654815369
444,6.565903654815369,7.074880261941217
445,7.074880261941217,7.168157693416269
446,7.168157693416269,7.032850712111686
447,7.032850712111686,4.1278540331926035
448,4.1278540331926035,4.797619225111733
449,4.797619225111733,5.919891265627334
450,5.919891265627334,7.145750771693214
451,7.145750771693214,8.057828285243144
452,8.057828285243144,8.273525091727842
453,8.273525091727842,7.717874591338853
454,7.717874591338853,6.799989694626888
455,6.799989694626888,6.1071565757257655
456,6.1071565757257655,5.857610450282722
457,5.857610450282722,5.7670580074004825
458,5.7670580074004825,5.4444715189016435
459,5.4444715189016435,4.806522228669399
460,4.806522228669399,4.14311257321971
461,4.14311257321971,3.9422764434193134
462,3.9422764434193134,4.644451720030257
463,4.644451720030257,6.326468293929141
464,6.326468293929141,8.453801255885711
465,8.453801255885711,10.071578075335953
466,10.071578075335953,10.488676139372604
467,10.488676139372604,9.85388478034105
468,9.85388478034105,8.978847328399603
469,8.978847328399603,8.557707471945369
470,8.557707471945369,8.569648015725852
471,8.569648015725852,8.455376394320636
472,8.455376394320636,7.890120793466194
473,7.890120793466194,7.253821013428285
474,7.253821013428285,7.1631948546710555
475,7.1631948546710555,7.646067760946915
476,7.646067760946915,8.07103136415575
477,8.07103136415575,7.922925533416858
478,7.922925533416858,7.366765842040772
479,7.366765842040772,6.931277468110215
480,6.931277468110215,6.8558303218678045
481,6.8558303218678045,6.924747825380949
482,6.924747825380949,6.850044030090466
483,6.850044030090466,6.6562343767230825
484,6.6562343767230825,6.60410637763256
485,6.60410637763256,6.77271598370675
486,6.77271598370675,6.854466757083227
487,6.854466757083227,6.468093251743532
488,6.468093251743532,5.620260475742143
489,5.620260475742143,4.729050185002384
490,4.729050185002384,4.20461088521402
491,4.20461088521402,4.0999945132158055
492,4.0999945132158055,4.1690744714243175
493,4.1690744714243175,4.179270081598725
494,4.179270081598725,4.116975836760027
495,4.116975836760027,4.114784831378871
496,4.114784831378871,4.2885696350095355
497,4.2885696350095355,4.728414917602992
498,4.728414917602992,5.57072701272375
499,5.57072701272375,6.897264710448694
500,6.897264710448694,8.484090587291544
501,8.484090587291544,9.732724620073478
502,9.732724620073478,10.014594294601938
503,10.014594294601938,9.199238152394438
504,9.199238152394438,7.8147705507248695
505,7.8147705507248695,6.663601316908856
506,6.663601316908856,6.369946441251097
507,6.369946441251097,7.235677476008159
508,7.235677476008159,9.181425839832842
509,9.181425839832842,11.563054886273681
510,11.563054886273681,13.236726261958076
511,13.236726261958076,12.390360472339939
512,12.390360472339939,11.471971483379994
513,11.471971483379994,9.759971625285116
514,9.759971625285116,7.6777726184521615
515,7.6777726184521615,5.807772852454267
516,5.807772852454267,4.528298870665746
517,4.528298870665746,3.865701872487594
518,3.865701872487594,3.58857213978746
519,3.58857213978746,3.3881214895438196
520,3.3881214895438196,3.085166049019824
521,3.085166049019824,2.747797218048197
522,2.747797218048197,2.600639508532379
523,2.600639508532379,2.8272854327945387
524,2.8272854327945387,3.45160255576364
525,3.45160255576364,4.3623133334264645
526,4.3623133334264645,5.417604233717009
527,5.417604233717009,6.494593977475261
528,6.494593977475261,7.42541672335298
529,7.42541672335298,7.94693515169326
530,7.94693515169326,7.809174552689107
531,7.809174552689107,6.981096406035938
532,6.981096406035938,5.727460922567195
533,5.727460922567195,4.444795246325158
534,4.444795246325158,3.4322089092754045
535,3.4322089092754045,2.8283762038650417
536,2.8283762038650417,2.6909832316130373
537,2.6909832316130373,3.0393604095204854
538,3.0393604095204854,3.796313790528289
539,3.796313790528289,4.7176205407568625
540,4.7176205407568625,5.444219453829461
541,5.444219453829461,5.742147064681577
542,5.742147064681577,5.717661995205775
543,5.717661995205775,5.679399821668301
544,5.679399821668301,5.734277464310621
545,5.734277464310621,5.659218711685155
546,5.659218711685155,5.2519898414008654
547,5.2519898414008654,4.680970776152568
548,4.680970776152568,4.374009347399021
549,4.374009347399021,4.606713633655563
550,4.606713633655563,5.233366227217793
551,5.233366227217793,5.795295828618853
552,5.795295828618853,5.921611928236337
553,5.921611928236337,5.665911941681653
554,5.665911941681653,5.521186585047968
555,5.521186585047968,6.180260780438811
556,6.180260780438811,8.291584667661075
557,8.291584667661075,12.150067409586606
558,12.150067409586606,17.164000225060903
559,17.164000225060903,21.53601282253654
560,21.53601282253654,23.116495373879644
561,23.116495373879644,21.227923894921172
562,21.227923894921172,17.377477667685202
563,17.377477667685202,13.71515523333508
564,13.71515523333508,11.176542723892553
565,11.176542723892553,9.464964065109218
566,9.464964065109218,8.195575824039782
567,8.195575824039782,7.418989124510519
568,7.418989124510519,7.301390918053713
569,7.301390918053713,7.785633484824833
570,7.785633484824833,8.54110157489275
571,8.54110157489275,9.04204641880417
572,9.04204641880417,8.857157986537857
573,8.857157986537857,8.071457124909184
574,8.071457124909184,7.347340489060048
575,7.347340489060048,5.7140535191160975
576,5.7140535191160975,6.470608578442732
577,6.470608578442732,7.466369288813425
578,7.466369288813425,8.100311851658395
579,8.100311851658395,8.105274051423864
580,8.105274051423864,7.673084560356035
581,7.673084560356035,7.339405422433407
582,7.339405422433407,7.770536354821421
583,7.770536354821421,9.444267093642434
584,9.444267093642434,12.180849455074291
585,12.180849455074291,14.823149284232654
586,14.823149284232654,15.77150504586533
587,15.77150504586533,14.314025599538521
588,14.314025599538521,11.32713249367388
589,11.32713249367388,8.440060569488695
590,8.440060569488695,6.723939557292862
591,6.723939557292862,6.257614981563981
592,6.257614981563981,6.525382413960318
593,6.525382413960318,6.9419091805077455
594,6.9419091805077455,7.165444716542063
595,7.165444716542063,7.156724207705421
596,7.156724207705421,7.059953400657066
597,7.059953400657066,7.058025892055618
598,7.058025892055618,7.26968853054191
599,7.26968853054191,7.6123400264768915
600,7.6123400264768915,7.747056664179867
601,7.747056664179867,7.325275383269744
602,7.325275383269744,6.377510832888923
603,6.377510832888923,5.348303084746553
604,5.348303084746553,4.691417823785999
605,4.691417823785999,4.513654960955975
606,4.513654960955975,4.6253834256880495
607,4.6253834256880495,4.809318654221223
608,4.809318654221223,4.97024994579699
609,4.97024994579699,5.0783450906360095
610,5.0783450906360095,5.079461310446708
611,5.079461310446708,4.926398691749181
612,4.926398691749181,4.6558852501171
613,4.6558852501171,4.355969475604967
614,4.355969475604967,4.06889146483193
615,4.06889146483193,3.775686961687708
616,3.775686961687708,3.4646544197536686
617,3.4646544197536686,3.178525569278591
618,3.178525569278591,2.995494977740276
619,2.995494977740276,2.986948368236291
620,2.986948368236291,3.1845285494063047
621,3.1845285494063047,3.5516208945679852
622,3.5516208945679852,3.9899472176653497
623,3.9899472176653497,4.397730713727511
624,4.397730713727511,4.716058701222394
625,4.716058701222394,4.892890599039877
626,4.892890599039877,4.839169528683222
627,4.839169528683222,4.50086144035938
628,4.50086144035938,3.977309154892733
629,3.977309154892733,3.5191056667334033
630,3.5191056667334033,3.4174838907129255
631,3.4174838907129255,3.910202789873955
632,3.910202789873955,5.170505291508566
633,5.170505291508566,7.257018975814116
634,7.257018975814116,9.85037918229737
635,9.85037918229737,12.028988100589855
636,12.028988100589855,12.735309662021884
637,12.735309662021884,11.881324181971209
638,11.881324181971209,10.741918717844532
639,10.741918717844532,65.45724126555734
640,65.45724126555734,52.772840952547405
641,52.772840952547405,34.83731420132148
642,34.83731420132148,19.804804477062735
643,19.804804477062735,10.981139029657362
644,10.981139029657362,7.065567297305174
645,7.065567297305174,5.4672303286446375
646,5.4672303286446375,4.5517932967143135
647,4.5517932967143135,3.88446039801366
648,3.88446039801366,3.613442148874921
649,3.613442148874921,3.9475101509909702
650,3.9475101509909702,4.957786924153819
651,4.957786924153819,6.551470061371619
652,6.551470061371619,8.433899864942358
653,8.433899864942358,10.065878683122854
654,10.065878683122854,10.776954341566185
655,10.776954341566185,10.161086346745773
656,10.161086346745773,8.489381535456829
657,8.489381535456829,6.623885926588482
658,6.623885926588482,5.389554271415821
659,5.389554271415821,5.005977731056044
660,5.005977731056044,5.110426929722349
661,5.110426929722349,5.265949899721952
662,5.265949899721952,5.390804750557992
663,5.390804750557992,5.668462464638667
664,5.668462464638667,6.105378081974264
665,6.105378081974264,6.366269390740173
666,6.366269390740173,6.127983650500635
667,6.127983650500635,5.446081916075775
668,5.446081916075775,4.656185102923444
669,4.656185102923444,4.0394326154007185
670,4.0394326154007185,3.6790608973343
671,3.6790608973343,3.538017034589071
672,3.538017034589071,3.5563520877516344
673,3.5563520877516344,3.681976441141508
674,3.681976441141508,3.8614616116891467
675,3.8614616116891467,4.04011606184052
676,4.04011606184052,4.189207825564777
677,4.189207825564777,4.313297322771395
678,4.313297322771395,4.415334328230442
679,4.415334328230442,4.481034762425624
680,4.481034762425624,4.516627574950445
681,4.516627574950445,4.565125615965053
682,4.565125615965053,4.649775124043856
683,4.649775124043856,4.724027433963883
684,4.724027433963883,4.732045065508194
685,4.732045065508194,4.722288906724533
686,4.722288906724533,4.8321032812087
687,4.8321032812087,5.1328096847249896
688,5.1328096847249896,5.547061646096882
689,5.547061646096882,5.9363859799213845
690,5.9363859799213845,6.197469861442759
691,6.197469861442759,6.253626223009401
692,6.253626223009401,6.064750822233571
693,6.064750822233571,5.731319679007248
694,5.731319679007248,5.496445372855508
695,5.496445372855508,5.525461243291594
696,5.525461243291594,5.724787776113123
697,5.724787776113123,5.855647920592382
698,5.855647920592382,5.798681405006133
699,5.798681405006133,5.637279723519892
700,5.637279723519892,5.497224316429948
701,5.497224316429948,5.41170020387132
702,5.41170020387132,5.367055689084188
