,Curvature_n,Curvature_n1
0,2.587157483154708,3.01332066907533
1,3.01332066907533,3.923047809774113
2,3.923047809774113,5.222756562496247
3,5.222756562496247,6.434638578331981
4,6.434638578331981,6.887580072069907
5,6.887580072069907,6.482604028906077
6,6.482604028906077,6.281729447857903
7,6.281729447857903,8.144583755612212
8,8.144583755612212,13.385992515205091
9,13.385992515205091,21.149816941845064
10,21.149816941845064,27.9198641114487
11,27.9198641114487,29.59336286523489
12,29.59336286523489,24.955391238223562
13,24.955391238223562,16.778341249092996
14,16.778341249092996,9.160229479189308
15,9.160229479189308,4.377717204120212
16,4.377717204120212,2.43582703562334
17,2.43582703562334,2.607098188450829
18,2.607098188450829,4.650668442168412
19,4.650668442168412,8.673072144740468
20,8.673072144740468,14.16109645860533
21,14.16109645860533,19.565402066708636
22,19.565402066708636,23.377470960117314
23,23.377470960117314,25.81019139034398
24,25.81019139034398,28.716795560788558
25,28.716795560788558,33.092130980785775
26,33.092130980785775,36.857513359524916
27,36.857513359524916,36.20920765962629
28,36.20920765962629,29.65005214810261
29,29.65005214810261,19.875612463246785
30,19.875612463246785,11.240762179459947
31,11.240762179459947,6.2793894003501975
32,6.2793894003501975,4.972715772565412
33,4.972715772565412,6.065020079819429
34,6.065020079819429,8.123064835678314
35,8.123064835678314,9.915255998136741
36,9.915255998136741,10.737285100144792
37,10.737285100144792,10.544683803659876
38,10.544683803659876,9.682619101741981
39,9.682619101741981,8.658961728632839
40,8.658961728632839,8.027955606414494
41,8.027955606414494,8.03463024445127
42,8.03463024445127,8.288201773753197
43,8.288201773753197,8.072747932144473
44,8.072747932144473,7.045457154062204
45,7.045457154062204,5.523060961645349
46,5.523060961645349,4.121013600966424
47,4.121013600966424,3.236369330828637
48,3.236369330828637,2.857988466312994
49,2.857988466312994,2.7417636387391875
50,2.7417636387391875,2.6798256005373062
51,2.6798256005373062,2.6235295303146833
52,2.6235295303146833,2.6557179130422766
53,2.6557179130422766,2.906648239621086
54,2.906648239621086,3.4321760329465745
55,3.4321760329465745,4.063510398481583
56,4.063510398481583,4.424670125298114
57,4.424670125298114,4.232639932844017
58,4.232639932844017,3.5821324821542904
59,3.5821324821542904,2.8578371805562064
60,2.8578371805562064,2.392320194074683
61,2.392320194074683,2.246953711357481
62,2.246953711357481,2.260227981617952
63,2.260227981617952,33.742999047075344
64,33.742999047075344,36.83681326514251
65,36.83681326514251,40.83564663483504
66,40.83564663483504,42.221111430586596
67,42.221111430586596,38.88733813700058
68,38.88733813700058,32.17481662848395
69,32.17481662848395,25.353550395141145
70,25.353550395141145,20.771531123097773
71,20.771531123097773,19.010638543288348
72,19.010638543288348,19.642167419379092
73,19.642167419379092,22.000175638767704
74,22.000175638767704,25.474354482216178
75,25.474354482216178,29.162246860867185
76,29.162246860867185,31.36997707843498
77,31.36997707843498,30.20048067032843
78,30.20048067032843,25.20145176067727
79,25.20145176067727,18.090134800783126
80,18.090134800783126,11.493284529048248
81,11.493284529048248,7.0941168557097996
82,7.0941168557097996,5.0139284047906285
83,5.0139284047906285,4.49843177834425
84,4.49843177834425,4.7898402338096115
85,4.7898402338096115,5.549134541105694
86,5.549134541105694,6.967062815649396
87,6.967062815649396,9.65672656159395
88,9.65672656159395,14.053971494667612
89,14.053971494667612,19.738067493334285
90,19.738067493334285,25.60707837483382
91,25.60707837483382,30.56811640133474
92,30.56811640133474,33.40729714952632
93,33.40729714952632,32.512824351754425
94,32.512824351754425,27.203001364240205
95,27.203001364240205,19.225912272906506
96,19.225912272906506,11.700150675140025
97,11.700150675140025,6.620220783532594
98,6.620220783532594,3.995395404715556
99,3.995395404715556,2.8820681229532017
100,2.8820681229532017,2.50273208622135
101,2.50273208622135,2.5120729181162256
102,2.5120729181162256,2.746784748936114
103,2.746784748936114,2.9968029527101487
104,2.9968029527101487,3.0359029312055434
105,3.0359029312055434,2.8123697135631813
106,2.8123697135631813,2.48187813008568
107,2.48187813008568,2.228930140782729
108,2.228930140782729,2.104255454703735
109,2.104255454703735,2.0537153234354477
110,2.0537153234354477,2.0292184087491125
111,2.0292184087491125,2.0169855939010404
112,2.0169855939010404,2.005521887142681
113,2.005521887142681,1.9843215135129064
114,1.9843215135129064,1.9694335313975502
115,1.9694335313975502,2.0054522821843195
116,2.0054522821843195,2.134782961858947
117,2.134782961858947,2.3762031975805953
118,2.3762031975805953,2.751007064319791
119,2.751007064319791,3.350249624391183
120,3.350249624391183,4.321503581118226
121,4.321503581118226,5.648273394520131
122,5.648273394520131,6.908397723584557
123,6.908397723584557,7.466355062915204
124,7.466355062915204,7.08663014268773
125,7.08663014268773,6.215072936749163
126,6.215072936749163,5.559618747947807
127,5.559618747947807,6.8752175747126305
128,6.8752175747126305,6.883639560729447
129,6.883639560729447,6.9318737650403115
130,6.9318737650403115,7.167605154216945
131,7.167605154216945,7.721952556825858
132,7.721952556825858,8.48843601613497
133,8.48843601613497,9.28855652973387
134,9.28855652973387,10.365204218003697
135,10.365204218003697,12.512800840342344
136,12.512800840342344,16.440546535252036
137,16.440546535252036,22.04177788429198
138,22.04177788429198,28.350507771605777
139,28.350507771605777,33.9345912354598
140,33.9345912354598,37.13414149675868
141,37.13414149675868,36.54986650127155
142,36.54986650127155,32.13610452258875
143,32.13610452258875,25.546312259306934
144,25.546312259306934,18.824662337361836
145,18.824662337361836,13.134092133266538
146,13.134092133266538,8.878770009950424
147,8.878770009950424,6.186453280024207
148,6.186453280024207,4.849563309056698
149,4.849563309056698,4.30774831401193
150,4.30774831401193,4.049796434312635
151,4.049796434312635,3.944687412935289
152,3.944687412935289,4.130700310664686
153,4.130700310664686,4.8038904880260365
154,4.8038904880260365,6.134023898804687
155,6.134023898804687,8.09792613336463
156,8.09792613336463,10.15234134371454
157,10.15234134371454,11.33013330802653
158,11.33013330802653,11.080307841714042
159,11.080307841714042,9.898152433228557
160,9.898152433228557,8.772105669566427
161,8.772105669566427,8.134752771779791
162,8.134752771779791,7.6694728384492095
163,7.6694728384492095,7.000787012569163
164,7.000787012569163,6.211396427011826
165,6.211396427011826,5.651498712953935
166,5.651498712953935,5.4650829960859735
167,5.4650829960859735,5.439034107721801
168,5.439034107721801,5.2838409810976055
169,5.2838409810976055,5.0136508053360815
170,5.0136508053360815,5.002217476124048
171,5.002217476124048,5.605666897031795
172,5.605666897031795,6.6831581624522975
173,6.6831581624522975,7.569516956514539
174,7.569516956514539,7.633731682505998
175,7.633731682505998,6.864592976337008
176,6.864592976337008,5.867105248946543
177,5.867105248946543,5.35615511358545
178,5.35615511358545,5.6826262599566855
179,5.6826262599566855,6.725769728171382
180,6.725769728171382,8.071507443980508
181,8.071507443980508,9.240526757261987
182,9.240526757261987,9.841964346886312
183,9.841964346886312,9.689050612011595
184,9.689050612011595,8.886886641635808
185,8.886886641635808,7.822340988047447
186,7.822340988047447,6.975703798568736
187,6.975703798568736,6.628686746830507
188,6.628686746830507,6.710247666971435
189,6.710247666971435,6.935761064068813
190,6.935761064068813,7.081726261171076
191,7.081726261171076,23.521037357626653
192,23.521037357626653,23.127963595335046
193,23.127963595335046,22.41993509701602
194,22.41993509701602,21.572411399115353
195,21.572411399115353,20.94904548836877
196,20.94904548836877,21.09230398608076
197,21.09230398608076,22.379729015287865
198,22.379729015287865,24.53182625620375
199,24.53182625620375,26.470054217845465
200,26.470054217845465,26.839620064530333
201,26.839620064530333,24.931905654184064
202,24.931905654184064,21.295160143660198
203,21.295160143660198,17.51243117400372
204,17.51243117400372,15.433875431887174
205,15.433875431887174,16.308671709660274
206,16.308671709660274,19.870673832642222
207,19.870673832642222,23.88112289462587
208,23.88112289462587,25.3526148623627
209,25.3526148623627,23.15903856422573
210,23.15903856422573,19.164129190251032
211,19.164129190251032,16.207983064911133
212,16.207983064911133,15.365903623707045
213,15.365903623707045,15.564976660320685
214,15.564976660320685,15.274894736294899
215,15.274894736294899,13.97744087972454
216,13.97744087972454,12.326065266216489
217,12.326065266216489,11.564081028205301
218,11.564081028205301,12.861701282965992
219,12.861701282965992,16.7514531663038
220,16.7514531663038,22.72169964299303
221,22.72169964299303,29.037470162062426
222,29.037470162062426,33.07470170251389
223,33.07470170251389,32.6665942169278
224,32.6665942169278,27.972020121504094
225,27.972020121504094,21.82254419243444
226,21.82254419243444,17.615201041686884
227,17.615201041686884,16.762775023635754
228,16.762775023635754,18.026540743542107
229,18.026540743542107,18.907550235747426
230,18.907550235747426,17.74612243611088
231,17.74612243611088,14.838622741309909
232,14.838622741309909,11.742058825308895
233,11.742058825308895,9.779807129652571
234,9.779807129652571,9.289563922979728
235,9.289563922979728,9.86099344431657
236,9.86099344431657,10.826090364716206
237,10.826090364716206,11.616594793579592
238,11.616594793579592,11.94040131994313
239,11.94040131994313,11.740216285854988
240,11.740216285854988,11.105180382159782
241,11.105180382159782,10.363547746012912
242,10.363547746012912,10.046459563126602
243,10.046459563126602,10.40354155289091
244,10.40354155289091,10.990896909139678
245,10.990896909139678,11.04942411073604
246,11.04942411073604,10.386707713592365
247,10.386707713592365,9.685609221083837
248,9.685609221083837,9.918312784750016
249,9.918312784750016,11.608744893509968
250,11.608744893509968,14.436958481573964
251,14.436958481573964,17.15935252432275
252,17.15935252432275,18.238917856793503
253,18.238917856793503,17.32170490140954
254,17.32170490140954,15.932467846190738
255,15.932467846190738,25.557306578567527
256,25.557306578567527,23.093332057446982
257,23.093332057446982,19.07031563822782
258,19.07031563822782,14.712357375576982
259,14.712357375576982,10.959206292947641
260,10.959206292947641,8.24539927016397
261,8.24539927016397,6.574887870773343
262,6.574887870773343,5.68197941226366
263,5.68197941226366,5.228666857856459
264,5.228666857856459,5.0063145303897
265,5.0063145303897,4.984659760279824
266,4.984659760279824,5.145505589820541
267,5.145505589820541,5.341183851601036
268,5.341183851601036,5.456029886504965
269,5.456029886504965,5.668176736868208
270,5.668176736868208,6.344243396407718
271,6.344243396407718,7.577102729098959
272,7.577102729098959,8.908137817147086
273,8.908137817147086,9.601790910525184
274,9.601790910525184,9.229311871766981
275,9.229311871766981,8.019042313079282
276,8.019042313079282,6.677031008829816
277,6.677031008829816,5.893678114349562
278,5.893678114349562,5.969187937771181
279,5.969187937771181,6.719851964104924
280,6.719851964104924,7.563168311137254
281,7.563168311137254,7.79718249194932
282,7.79718249194932,7.085484788072587
283,7.085484788072587,5.76375868622971
284,5.76375868622971,4.5628953421104015
285,4.5628953421104015,4.001661054257386
286,4.001661054257386,4.110238677906913
287,4.110238677906913,4.669959288644059
288,4.669959288644059,5.552536385870183
289,5.552536385870183,6.723913562689801
290,6.723913562689801,7.978011197645808
291,7.978011197645808,8.845105603605266
292,8.845105603605266,8.892906644545201
293,8.892906644545201,8.137665587946687
294,8.137665587946687,7.083982521247393
295,7.083982521247393,6.279301254931179
296,6.279301254931179,5.856887839608724
297,5.856887839608724,5.596990254211526
298,5.596990254211526,5.350651386955489
299,5.350651386955489,5.216054255629615
300,5.216054255629615,5.328280775703648
301,5.328280775703648,5.661101276465985
302,5.661101276465985,6.053207281843163
303,6.053207281843163,6.3285762218784205
304,6.3285762218784205,6.404354347421055
305,6.404354347421055,6.3098789971844305
306,6.3098789971844305,6.115068686942167
307,6.115068686942167,5.923321766432166
308,5.923321766432166,5.927669757404844
309,5.927669757404844,6.300848532165553
310,6.300848532165553,6.948976099220733
311,6.948976099220733,7.493738011293057
312,7.493738011293057,7.59312725134844
313,7.59312725134844,7.218982086762664
314,7.218982086762664,6.590705666166388
315,6.590705666166388,5.950387846392111
316,5.950387846392111,5.454165475443198
317,5.454165475443198,5.163140670627712
318,5.163140670627712,5.048130616702219
319,5.048130616702219,32.67722437349581
320,32.67722437349581,35.20532684231233
321,35.20532684231233,39.04768098317167
322,39.04768098317167,41.95441184099424
323,41.95441184099424,41.758587861635604
324,41.758587861635604,37.930109283512415
325,37.930109283512415,31.854109387189226
326,31.854109387189226,25.635565022609413
327,25.635565022609413,20.96016810522498
328,20.96016810522498,18.878073843979134
329,18.878073843979134,19.948133133529634
330,19.948133133529634,24.119230878487556
331,24.119230878487556,30.407853849956297
332,30.407853849956297,36.933372990264864
333,36.933372990264864,41.63032329666715
334,41.63032329666715,43.18126699371357
335,43.18126699371357,41.33969652049389
336,41.33969652049389,36.58047085306791
337,36.58047085306791,29.907497283943567
338,29.907497283943567,22.85032499531303
339,22.85032499531303,16.95587148774446
340,16.95587148774446,13.064901609156367
341,13.064901609156367,11.207335780173917
342,11.207335780173917,10.91298981153296
343,10.91298981153296,11.324974188334238
344,11.324974188334238,11.369554220650667
345,11.369554220650667,10.412999138419837
346,10.412999138419837,8.837160620708017
347,8.837160620708017,7.645536024504985
348,7.645536024504985,7.4309362115850925
349,7.4309362115850925,7.865513284867662
350,7.865513284867662,8.204290534989639
351,8.204290534989639,8.097205320740255
352,8.097205320740255,7.7876865063119585
353,7.7876865063119585,7.634910413933744
354,7.634910413933744,7.665619990318264
355,7.665619990318264,7.657919068628791
356,7.657919068628791,7.511046944257532
357,7.511046944257532,7.392317199358815
358,7.392317199358815,7.589369710188917
359,7.589369710188917,8.305244047512803
360,8.305244047512803,9.462546712069656
361,9.462546712069656,10.547576758798503
362,10.547576758798503,10.825846068213234
363,10.825846068213234,10.016904169210921
364,10.016904169210921,8.729135831764179
365,8.729135831764179,8.024972761796386
366,8.024972761796386,8.553268678959325
367,8.553268678959325,10.089416638706167
368,10.089416638706167,11.695947214347282
369,11.695947214347282,12.300354100360815
370,12.300354100360815,11.448228943328619
371,11.448228943328619,9.67883767785511
372,9.67883767785511,8.017319573300286
373,8.017319573300286,7.06293219898232
374,7.06293219898232,6.70193885554623
375,6.70193885554623,6.600564400672063
376,6.600564400672063,6.696032874200488
377,6.696032874200488,7.13669648804207
378,7.13669648804207,7.93029038908754
379,7.93029038908754,8.822965131521734
380,8.822965131521734,9.5173683345517
381,9.5173683345517,9.907910254847405
382,9.907910254847405,10.062676941557632
383,10.062676941557632,62.659486168898134
384,62.659486168898134,61.843987980547574
385,61.843987980547574,57.34512183862333
386,57.34512183862333,47.72390029607773
387,47.72390029607773,35.57206882694565
388,35.57206882694565,25.145257028879602
389,25.145257028879602,18.620575518372057
390,18.620575518372057,15.361810328742415
391,15.361810328742415,13.782058058375606
392,13.782058058375606,13.044051702687096
393,13.044051702687096,13.45867122609739
394,13.45867122609739,15.887853906352854
395,15.887853906352854,20.470106682932798
396,20.470106682932798,25.547002333760688
397,25.547002333760688,28.386315240614962
398,28.386315240614962,27.47226433946734
399,27.47226433946734,23.67450059833733
400,23.67450059833733,18.906312840498238
401,18.906312840498238,14.392710385681092
402,14.392710385681092,10.55311627709807
403,10.55311627709807,7.647546214448592
404,7.647546214448592,5.81255212031783
405,5.81255212031783,4.80356487406301
406,4.80356487406301,4.173784089157962
407,4.173784089157962,3.673459378722457
408,3.673459378722457,3.318908465079748
409,3.318908465079748,3.189115173732867
410,3.189115173732867,3.2844807526288937
411,3.2844807526288937,3.6174588788398427
412,3.6174588788398427,4.416882536247792
413,4.416882536247792,6.263076492174758
414,6.263076492174758,9.79360164712898
415,9.79360164712898,14.784377168968597
416,14.784377168968597,19.398145340705682
417,19.398145340705682,21.045257904667345
418,21.045257904667345,18.637232706132366
419,18.637232706132366,13.68429753006324
420,13.68429753006324,8.82042840697841
421,8.82042840697841,5.673172397032468
422,5.673172397032468,4.316880524017857
423,4.316880524017857,4.1315693835215
424,4.1315693835215,4.747595281895857
425,4.747595281895857,6.4492950018212545
426,6.4492950018212545,9.880617855715162
427,9.880617855715162,15.09302255272133
428,15.09302255272133,20.802837581352065
429,20.802837581352065,25.03630492303899
430,25.03630492303899,26.653202923247427
431,26.653202923247427,25.77395449467499
432,25.77395449467499,22.874407279538907
433,22.874407279538907,18.444399573448006
434,18.444399573448006,13.504986622275862
435,13.504986622275862,9.386538949549895
436,9.386538949549895,6.754822585578863
437,6.754822585578863,5.349530130469797
438,5.349530130469797,4.656836533382997
439,4.656836533382997,4.488993421777444
440,4.488993421777444,4.929881082528701
441,4.929881082528701,6.047117252323416
442,6.047117252323416,7.899924129012398
443,7.899924129012398,10.77689911410371
444,10.77689911410371,14.956111650084674
445,14.956111650084674,19.757356153004494
446,19.757356153004494,23.151466808595657
447,23.151466808595657,9.633233996973997
448,9.633233996973997,11.781434808783896
449,11.781434808783896,14.50389387669162
450,14.50389387669162,15.773037457551172
451,15.773037457551172,14.739361394598163
452,14.739361394598163,12.415986330498724
453,12.415986330498724,10.592650388039909
454,10.592650388039909,10.160507464814742
455,10.160507464814742,10.618868901649776
456,10.618868901649776,10.96091312597043
457,10.96091312597043,10.730029556330699
458,10.730029556330699,10.192550893730756
459,10.192550893730756,9.774144502885537
460,9.774144502885537,9.68913598752078
461,9.68913598752078,10.095124777124422
462,10.095124777124422,11.21516124190762
463,11.21516124190762,13.048051831417297
464,13.048051831417297,15.118146059885301
465,15.118146059885301,16.70838688962401
466,16.70838688962401,17.2892635487939
467,17.2892635487939,16.672363517719198
468,16.672363517719198,14.95503964953524
469,14.95503964953524,12.497048511358868
470,12.497048511358868,9.90396194997875
471,9.90396194997875,7.879932857558384
472,7.879932857558384,6.945358629767803
473,6.945358629767803,7.161155296536437
474,7.161155296536437,8.07713756154794
475,8.07713756154794,8.99667980445215
476,8.99667980445215,9.394271591563081
477,9.394271591563081,9.172166540702037
478,9.172166540702037,8.611532441899827
479,8.611532441899827,8.128341340194355
480,8.128341340194355,8.012558541694421
481,8.012558541694421,8.237307032650032
482,8.237307032650032,8.443325514936207
483,8.443325514936207,8.224786616105073
484,8.224786616105073,7.523990618796857
485,7.523990618796857,6.702727669873163
486,6.702727669873163,6.222134965706266
487,6.222134965706266,6.348542307022458
488,6.348542307022458,7.151119455258771
489,7.151119455258771,8.550274147364677
490,8.550274147364677,10.200813550245773
491,10.200813550245773,11.484231636572694
492,11.484231636572694,11.87565000580679
493,11.87565000580679,11.31488047013909
494,11.31488047013909,10.271712114542563
495,10.271712114542563,9.704651156935597
496,9.704651156935597,11.09779252858033
497,11.09779252858033,15.980472950669498
498,15.980472950669498,24.42840520082651
499,24.42840520082651,33.727851410670254
500,33.727851410670254,39.642414956756355
501,39.642414956756355,40.177913682082405
502,40.177913682082405,37.4817103914334
503,37.4817103914334,35.1212160045594
504,35.1212160045594,34.298574326018354
505,34.298574326018354,33.59214638128362
506,33.59214638128362,31.479388551186613
507,31.479388551186613,27.948359790864924
508,27.948359790864924,24.018223962677318
509,24.018223962677318,20.748314775506977
510,20.748314775506977,18.902233693215916
511,18.902233693215916,29.609370753727994
512,29.609370753727994,29.124620401556825
513,29.124620401556825,28.7595854602494
514,28.7595854602494,29.368658763177365
515,29.368658763177365,31.236147976047434
516,31.236147976047434,33.32270795966927
517,33.32270795966927,33.6952380903163
518,33.6952380903163,31.26447378346523
519,31.26447378346523,26.951152727032504
520,26.951152727032504,22.723524935102006
521,22.723524935102006,19.748491331199165
522,19.748491331199165,17.80090357310409
523,17.80090357310409,16.14111484103578
524,16.14111484103578,14.530843284821975
525,14.530843284821975,13.381157192392255
526,13.381157192392255,13.14272000910198
527,13.14272000910198,13.712410162416084
528,13.712410162416084,14.439155908111765
529,14.439155908111765,14.663307229975661
530,14.663307229975661,14.233147216331425
531,14.233147216331425,13.506411890309387
532,13.506411890309387,12.888846175900914
533,12.888846175900914,12.523177894382233
534,12.523177894382233,12.513618461962679
535,12.513618461962679,13.183563444839582
536,13.183563444839582,14.677801269711075
537,14.677801269711075,16.325645764267875
538,16.325645764267875,16.90557221166352
539,16.90557221166352,15.80717075226726
540,15.80717075226726,13.658797150143172
541,13.658797150143172,11.685456624210303
542,11.685456624210303,10.700711178301548
543,10.700711178301548,10.727125210368333
544,10.727125210368333,11.230445820783522
545,11.230445820783522,11.609760386917063
546,11.609760386917063,11.703819851490817
547,11.703819851490817,11.869518595945884
548,11.869518595945884,12.434145284992695
549,12.434145284992695,13.133763199854425
550,13.133763199854425,13.290034991236528
551,13.290034991236528,12.548927943295489
552,12.548927943295489,11.275799220307174
553,11.275799220307174,10.201930868005347
554,10.201930868005347,9.83996579428521
555,9.83996579428521,10.216149124143303
556,10.216149124143303,10.922628797727556
557,10.922628797727556,11.388847195317721
558,11.388847195317721,11.319639320464237
559,11.319639320464237,10.934602998844504
560,10.934602998844504,10.653524170661036
561,10.653524170661036,10.558286947328842
562,10.558286947328842,10.30007814844457
563,10.30007814844457,9.542170965223708
564,9.542170965223708,8.369803809638594
565,8.369803809638594,7.194090833126969
566,7.194090833126969,6.372312544476339
567,6.372312544476339,6.052441920416456
568,6.052441920416456,6.2846302658975715
569,6.2846302658975715,7.084102448474246
570,7.084102448474246,8.345934662253011
571,8.345934662253011,9.821194764410475
572,9.821194764410475,11.238989918071745
573,11.238989918071745,12.380051691129179
574,12.380051691129179,13.034723956338315
575,13.034723956338315,25.272693846046785
576,25.272693846046785,26.903022750374515
577,26.903022750374515,27.954024184355585
578,27.954024184355585,26.584210410087646
579,26.584210410087646,23.106856800820402
580,23.106856800820402,19.144732558856145
581,19.144732558856145,15.987379673123602
582,15.987379673123602,14.06714001526387
583,14.06714001526387,13.169098178866381
584,13.169098178866381,12.727692478828114
585,12.727692478828114,12.26880040384377
586,12.26880040384377,11.718453484110576
587,11.718453484110576,11.194471673292202
588,11.194471673292202,10.747343692046844
589,10.747343692046844,10.493079477926221
590,10.493079477926221,10.667766314608308
591,10.667766314608308,11.261710910858357
592,11.261710910858357,11.76740613430845
593,11.76740613430845,11.539762924184759
594,11.539762924184759,10.390001240539267
595,10.390001240539267,8.739951733915554
596,8.739951733915554,7.255746240429627
597,7.255746240429627,6.357046160489366
598,6.357046160489366,6.012156667378628
599,6.012156667378628,5.935756463335592
600,5.935756463335592,5.925330984414794
601,5.925330984414794,5.975961865865707
602,5.975961865865707,6.146185949228325
603,6.146185949228325,6.464877589375143
604,6.464877589375143,6.989277287950442
605,6.989277287950442,7.751276546328871
606,7.751276546328871,8.530581748268261
607,8.530581748268261,8.854308952983619
608,8.854308952983619,8.414012778706219
609,8.414012778706219,7.43374384919508
610,7.43374384919508,6.543941355826181
611,6.543941355826181,6.305870834932469
612,6.305870834932469,6.8116687026599445
613,6.8116687026599445,7.660305345070966
614,7.660305345070966,8.305108467733822
615,8.305108467733822,8.451255626915671
616,8.451255626915671,8.170219425178683
617,8.170219425178683,7.743673919226404
618,7.743673919226404,7.446517631947794
619,7.446517631947794,7.402011172172443
620,7.402011172172443,7.538751086467994
621,7.538751086467994,7.67730020707576
622,7.67730020707576,7.695799910920649
623,7.695799910920649,7.6517680810966935
624,7.6517680810966935,7.720835258442117
625,7.720835258442117,7.9741944214716565
626,7.9741944214716565,8.25181866675065
627,8.25181866675065,8.383584709678937
628,8.383584709678937,8.539540995867291
629,8.539540995867291,9.136295853135643
630,9.136295853135643,10.23145726446526
631,10.23145726446526,11.197805340021256
632,11.197805340021256,11.265708977923033
633,11.265708977923033,10.334733825311874
634,10.334733825311874,9.044306391913267
635,9.044306391913267,8.113908455503381
636,8.113908455503381,7.801323742184588
637,7.801323742184588,7.912703857004805
638,7.912703857004805,8.09354729451118
639,8.09354729451118,47.795311014822275
640,47.795311014822275,46.60912612326396
641,46.60912612326396,44.964036856137895
642,44.964036856137895,43.51649408886073
643,43.51649408886073,42.366578268142696
644,42.366578268142696,41.286120469191616
645,41.286120469191616,40.06374522921234
646,40.06374522921234,38.60136808953667
647,38.60136808953667,37.01475507642266
648,37.01475507642266,35.700020494963866
649,35.700020494963866,35.10180976839812
650,35.10180976839812,35.331637826335054
651,35.331637826335054,36.05279235086666
652,36.05279235086666,36.811758729480026
653,36.811758729480026,37.50264018318552
654,37.50264018318552,38.37978048513056
655,38.37978048513056,39.512710296173594
656,39.512710296173594,40.370348823534215
657,40.370348823534215,40.169036364974595
658,40.169036364974595,38.68278238751947
659,38.68278238751947,36.53965355790561
660,36.53965355790561,34.67790078682394
661,34.67790078682394,33.633914799380086
662,33.633914799380086,33.287324966710834
663,33.287324966710834,33.12232229911248
664,33.12232229911248,32.76761699268864
665,32.76761699268864,32.34397469581955
666,32.34397469581955,32.13921634130616
667,32.13921634130616,32.07082814634602
668,32.07082814634602,31.743280515716805
669,31.743280515716805,30.877508872192678
670,30.877508872192678,29.408401891018038
671,29.408401891018038,27.44079179897584
672,27.44079179897584,25.475874515172883
673,25.475874515172883,24.422188126789493
674,24.422188126789493,24.895960113784056
675,24.895960113784056,26.45551951828626
676,26.45551951828626,27.761582822469858
677,27.761582822469858,27.68547017657767
678,27.68547017657767,26.323172255380893
679,26.323172255380893,24.84907976920304
680,24.84907976920304,24.256630677495977
681,24.256630677495977,24.385283671689145
682,24.385283671689145,24.336194712531583
683,24.336194712531583,23.608060312873896
684,23.608060312873896,22.542866937772427
685,22.542866937772427,21.84716045574822
686,21.84716045574822,21.941270434435886
687,21.941270434435886,22.7886293742281
688,22.7886293742281,24.18280072778498
689,24.18280072778498,25.887150988119522
690,25.887150988119522,27.36577997868887
691,27.36577997868887,27.81656305527627
692,27.81656305527627,26.891360026288275
693,26.891360026288275,25.1999075175049
694,25.1999075175049,23.757694043617867
695,23.757694043617867,22.971906244781678
696,22.971906244781678,22.397391064053615
697,22.397391064053615,21.506778052587922
698,21.506778052587922,20.397159692887747
699,20.397159692887747,19.56885947708817
700,19.56885947708817,19.277321736859527
701,19.277321736859527,19.355920975739114
702,19.355920975739114,19.494251134069625
