,Curvature_n,Curvature_n1
0,92.75763777400118,90.33325961979729
1,90.33325961979729,86.67939651704765
2,86.67939651704765,83.46344201597387
3,83.46344201597387,81.55502513853729
4,81.55502513853729,80.10979756247957
5,80.10979756247957,77.13532767469245
6,77.13532767469245,71.31118751926977
7,71.31118751926977,63.393235113373194
8,63.393235113373194,55.78794393768676
9,55.78794393768676,50.63001406999943
10,50.63001406999943,48.24117699990754
11,48.24117699990754,47.38193543727044
12,47.38193543727044,46.768332564937204
13,46.768332564937204,46.12201264234138
14,46.12201264234138,45.785693638192186
15,45.785693638192186,45.79586719236662
16,45.79586719236662,45.97004653473693
17,45.97004653473693,46.64688860244501
18,46.64688860244501,48.43226941331028
19,48.43226941331028,51.085727004267596
20,51.085727004267596,53.31971614552222
21,53.31971614552222,53.87423544827611
22,53.87423544827611,52.57306585732519
23,52.57306585732519,50.49855865425839
24,50.49855865425839,49.30264297781908
25,49.30264297781908,50.11253076537278
26,50.11253076537278,52.80903411118893
27,52.80903411118893,56.15959324570758
28,56.15959324570758,58.54820142609971
29,58.54820142609971,58.82248343066277
30,58.82248343066277,56.945733133291675
31,56.945733133291675,54.07974311238259
32,54.07974311238259,51.80899107119308
33,51.80899107119308,50.95262009470031
34,50.95262009470031,51.04313762122274
35,51.04313762122274,50.82392903376238
36,50.82392903376238,49.11717542322223
37,49.11717542322223,45.59870294694154
38,45.59870294694154,41.33978439010148
39,41.33978439010148,38.42734496878906
40,38.42734496878906,38.278133143890614
41,38.278133143890614,40.211665589978466
42,40.211665589978466,42.257428694698206
43,42.257428694698206,43.409965336428485
44,43.409965336428485,44.4878039364921
45,44.4878039364921,46.65848854087837
46,46.65848854087837,49.60796511640053
47,49.60796511640053,51.4869723301931
48,51.4869723301931,50.6520231983566
49,50.6520231983566,47.45320690307963
50,47.45320690307963,44.29224385808884
51,44.29224385808884,43.75864167930219
52,43.75864167930219,46.42443089036343
53,46.42443089036343,50.37415933810588
54,50.37415933810588,53.023915345264584
55,53.023915345264584,53.40098762159137
56,53.40098762159137,52.467326565732485
57,52.467326565732485,51.465463336095354
58,51.465463336095354,50.601734775494535
59,50.601734775494535,49.397870039817676
60,49.397870039817676,47.633135782497
61,47.633135782497,45.703725213646266
62,45.703725213646266,44.40806478729448
63,44.40806478729448,52.32369270440796
64,52.32369270440796,51.07219778350816
65,51.07219778350816,49.70925675047098
66,49.70925675047098,49.578016628733145
67,49.578016628733145,50.971660861210765
68,50.971660861210765,52.71465028623295
69,52.71465028623295,53.22755198687292
70,53.22755198687292,52.10352985797809
71,52.10352985797809,50.409843186939504
72,50.409843186939504,49.43410540547782
73,49.43410540547782,49.52154447605641
74,49.52154447605641,50.19900032076647
75,50.19900032076647,50.89428109313295
76,50.89428109313295,51.1479560359552
77,51.1479560359552,50.450365366660726
78,50.450365366660726,48.47742517882708
79,48.47742517882708,45.683025791438666
80,45.683025791438666,43.39113209647488
81,43.39113209647488,43.00888698775343
82,43.00888698775343,45.073346574214554
83,45.073346574214554,48.972917960678515
84,48.972917960678515,53.34992994771643
85,53.34992994771643,56.6990742398088
86,56.6990742398088,57.982535714555084
87,57.982535714555084,57.17057300594908
88,57.17057300594908,55.259395558948086
89,55.259395558948086,53.48825438077792
90,53.48825438077792,52.41886550025558
91,52.41886550025558,51.843341518351494
92,51.843341518351494,51.39552129733951
93,51.39552129733951,50.9543386007703
94,50.9543386007703,50.54079866958632
95,50.54079866958632,50.06700443984563
96,50.06700443984563,49.27548132387386
97,49.27548132387386,48.07968106697841
98,48.07968106697841,47.05600929189366
99,47.05600929189366,47.2361309472244
100,47.2361309472244,49.066515439778094
101,49.066515439778094,51.803807144456485
102,51.803807144456485,54.209447161912195
103,54.209447161912195,55.64551356506731
104,55.64551356506731,56.230312728491164
105,56.230312728491164,56.12853019907708
106,56.12853019907708,55.17672206626214
107,55.17672206626214,53.46923050317552
108,53.46923050317552,52.007243815857365
109,52.007243815857365,52.10806820743444
110,52.10806820743444,53.924781187437304
111,53.924781187437304,55.94046126136214
112,55.94046126136214,56.28414620705671
113,56.28414620705671,54.48768313607056
114,54.48768313607056,51.80307376034712
115,51.80307376034712,49.870877746825045
116,49.870877746825045,49.30684525293591
117,49.30684525293591,49.59176250029689
118,49.59176250029689,49.998975918591086
119,49.998975918591086,50.39779947440551
120,50.39779947440551,51.27018941936046
121,51.27018941936046,53.14400208275785
122,53.14400208275785,56.01504712967085
123,56.01504712967085,59.23758129208386
124,59.23758129208386,61.96420314625169
125,61.96420314625169,63.71563702138512
126,63.71563702138512,64.50556419721478
127,64.50556419721478,53.40512075525923
128,53.40512075525923,53.419961064837935
129,53.419961064837935,54.02631707950451
130,54.02631707950451,56.03450670870075
131,56.03450670870075,59.51575329051549
132,59.51575329051549,63.14876729839543
133,63.14876729839543,65.18554316429366
134,65.18554316429366,65.23500830464835
135,65.23500830464835,64.5965948446801
136,64.5965948446801,64.66043672174149
137,64.66043672174149,65.45927644093024
138,65.45927644093024,66.03353787553748
139,66.03353787553748,65.69019485326866
140,65.69019485326866,64.40182122495239
141,64.40182122495239,62.32777370279978
142,62.32777370279978,59.61285969795911
143,59.61285969795911,56.63694052605659
144,56.63694052605659,53.96380379200093
145,53.96380379200093,52.01918007486928
146,52.01918007486928,51.131912783904305
147,51.131912783904305,51.67836489694591
148,51.67836489694591,53.68420315884228
149,53.68420315884228,56.30642220530298
150,56.30642220530298,58.098352131263944
151,58.098352131263944,57.9016221605142
152,57.9016221605142,55.50550445526548
153,55.50550445526548,51.75981798865473
154,51.75981798865473,48.25725062946965
155,48.25725062946965,46.56400877063506
156,46.56400877063506,47.31213144060541
157,47.31213144060541,49.88679006565519
158,49.88679006565519,52.795483656568685
159,52.795483656568685,54.26324183422811
160,54.26324183422811,53.00973179706274
161,53.00973179706274,49.136284469367084
162,49.136284469367084,44.2940806468839
163,44.2940806468839,40.71232553510576
164,40.71232553510576,39.82116193674594
165,39.82116193674594,41.38766735491538
166,41.38766735491538,43.75501562859979
167,43.75501562859979,45.187230172525084
168,45.187230172525084,45.20544036780787
169,45.20544036780787,44.49497406792771
170,44.49497406792771,43.641965182095085
171,43.641965182095085,42.4971715983977
172,42.4971715983977,40.97736122742249
173,40.97736122742249,39.96114464159379
174,39.96114464159379,40.710288463981385
175,40.710288463981385,43.299228150513215
176,43.299228150513215,46.09443850301084
177,46.09443850301084,47.14325232888927
178,47.14325232888927,45.83943337579314
179,45.83943337579314,43.19251718853937
180,43.19251718853937,41.00880303833452
181,41.00880303833452,40.75640212821905
182,40.75640212821905,42.48055586601358
183,42.48055586601358,44.64403131916148
184,44.64403131916148,45.51738248518316
185,45.51738248518316,44.78229439081393
186,44.78229439081393,43.58927363991705
187,43.58927363991705,43.359982233606125
188,43.359982233606125,44.699868197457576
189,44.699868197457576,47.001736288445144
190,47.001736288445144,48.7885104526202
191,48.7885104526202,69.19418531977139
192,69.19418531977139,69.07516988695912
193,69.07516988695912,68.93212838923272
194,68.93212838923272,68.30263303738278
195,68.30263303738278,66.13678027704421
196,66.13678027704421,61.85335971786775
197,61.85335971786775,56.09555698447275
198,56.09555698447275,50.130836526240564
199,50.130836526240564,44.85516955450346
200,44.85516955450346,40.71732574303409
201,40.71732574303409,38.098718000962826
202,38.098718000962826,37.08044309805523
203,37.08044309805523,36.96829895616024
204,36.96829895616024,36.642316564708494
205,36.642316564708494,35.51747396980958
206,35.51747396980958,33.97085511814646
207,33.97085511814646,32.91218124412721
208,32.91218124412721,33.058943903844295
209,33.058943903844295,34.36683403539688
210,34.36683403539688,35.87140500240584
211,35.87140500240584,36.24076829445822
212,36.24076829445822,34.83349175197165
213,34.83349175197165,32.2840873811424
214,32.2840873811424,29.98487456600005
215,29.98487456600005,29.09803244637599
216,29.09803244637599,30.110749423084535
217,30.110749423084535,32.78952306429629
218,32.78952306429629,36.12529785467263
219,36.12529785467263,38.71974770954717
220,38.71974770954717,39.8121623848631
221,39.8121623848631,39.93450484107552
222,39.93450484107552,40.37970284276304
223,40.37970284276304,41.99332189294694
224,41.99332189294694,44.39162201263569
225,44.39162201263569,46.261867848523295
226,46.261867848523295,46.49722475711169
227,46.49722475711169,45.259581607567036
228,45.259581607567036,44.029689540055514
229,44.029689540055514,44.41788577806784
230,44.41788577806784,46.753157680157585
231,46.753157680157585,49.94491555145227
232,49.94491555145227,52.67179450028496
233,52.67179450028496,54.25181543337918
234,54.25181543337918,54.42145750496015
235,54.42145750496015,52.99843920204365
236,52.99843920204365,50.12761579486242
237,50.12761579486242,46.61922854286635
238,46.61922854286635,43.90753083929074
239,43.90753083929074,43.44186215858465
240,43.44186215858465,45.61318593218183
241,45.61318593218183,49.25631806292697
242,49.25631806292697,52.66250048589988
243,52.66250048589988,55.06415547951413
244,55.06415547951413,56.75366287277602
245,56.75366287277602,58.08773737450462
246,58.08773737450462,58.98215965741625
247,58.98215965741625,59.15877650220568
248,59.15877650220568,58.351352607078624
249,58.351352607078624,56.2845560314414
250,56.2845560314414,52.83042761585736
251,52.83042761585736,48.322197109643554
252,48.322197109643554,43.58228833060746
253,43.58228833060746,39.630773332163756
254,39.630773332163756,37.37931530749447
255,37.37931530749447,38.06597198796465
256,38.06597198796465,38.63300299831994
257,38.63300299831994,39.98356020251573
258,39.98356020251573,42.24233323782415
259,42.24233323782415,45.354068773786864
260,45.354068773786864,49.141838573035386
261,49.141838573035386,53.108803393977766
262,53.108803393977766,56.29269553980399
263,56.29269553980399,57.76350366370965
264,57.76350366370965,57.47287821452025
265,57.47287821452025,56.3273477122151
266,56.3273477122151,55.12540346587534
267,55.12540346587534,53.54936520276931
268,53.54936520276931,50.562647786735525
269,50.562647786735525,45.91858798967168
270,45.91858798967168,41.0293651038569
271,41.0293651038569,38.12103752123622
272,38.12103752123622,38.482172880843905
273,38.482172880843905,41.501402739039115
274,41.501402739039115,45.20961650817145
275,45.20961650817145,47.59239877595597
276,47.59239877595597,47.59597438509826
277,47.59597438509826,45.45177540384135
278,45.45177540384135,42.27086886300465
279,42.27086886300465,39.18121332910913
280,39.18121332910913,36.837482799112415
281,36.837482799112415,35.68031054375457
282,35.68031054375457,36.17655591686684
283,36.17655591686684,38.41791109004498
284,38.41791109004498,41.77588744635671
285,41.77588744635671,45.33272824881356
286,45.33272824881356,48.44846186376101
287,48.44846186376101,50.64228841509771
288,50.64228841509771,51.180034209635366
289,51.180034209635366,49.228221122360466
290,49.228221122360466,44.717421403603666
291,44.717421403603666,39.11675796906211
292,39.11675796906211,35.0125745226521
293,35.0125745226521,34.36619881411567
294,34.36619881411567,36.94144031472771
295,36.94144031472771,40.685839664502645
296,40.685839664502645,43.80394928452499
297,43.80394928452499,46.10404527829817
298,46.10404527829817,48.21292879891969
299,48.21292879891969,50.29056227285504
300,50.29056227285504,52.11359819410977
301,52.11359819410977,53.71211855785569
302,53.71211855785569,55.03861122066899
303,55.03861122066899,55.34996551070684
304,55.34996551070684,53.7120533930856
305,53.7120533930856,50.0840930923642
306,50.0840930923642,45.46945519129116
307,45.46945519129116,41.03863034222158
308,41.03863034222158,37.4283508670969
309,37.4283508670969,34.943993348044856
310,34.943993348044856,33.99933267729943
311,33.99933267729943,34.748180365970036
312,34.748180365970036,36.30881350566746
313,36.30881350566746,37.06286713010603
314,37.06286713010603,36.033209570824276
315,36.033209570824276,33.590225341808676
316,33.590225341808676,30.734531652133683
317,30.734531652133683,28.271806280934673
318,28.271806280934673,26.80831575569394
319,26.80831575569394,47.1676313145026
320,47.1676313145026,45.924656499731725
321,45.924656499731725,44.174664376722475
322,44.174664376722475,42.48692259406842
323,42.48692259406842,40.78691465000942
324,40.78691465000942,38.87765244971777
325,38.87765244971777,37.09483304526324
326,37.09483304526324,36.26970721401517
327,36.26970721401517,37.13428535294493
328,37.13428535294493,39.718347672861114
329,39.718347672861114,43.09784772681872
330,43.09784772681872,45.63991159164024
331,45.63991159164024,45.8622900313278
332,45.8622900313278,43.60170495314624
333,43.60170495314624,40.39971001675341
334,40.39971001675341,38.46132222466986
335,38.46132222466986,39.204932220564196
336,39.204932220564196,42.69932432599235
337,42.69932432599235,47.814665764523866
338,47.814665764523866,52.46471810060811
339,52.46471810060811,54.316751402327284
340,54.316751402327284,52.2087539706824
341,52.2087539706824,47.19399703425807
342,47.19399703425807,41.974176082273765
343,41.974176082273765,39.05523994993413
344,39.05523994993413,39.27617352606589
345,39.27617352606589,41.888746448617695
346,41.888746448617695,45.588533573787245
347,45.588533573787245,49.101399818540514
348,49.101399818540514,51.086482890383024
349,51.086482890383024,50.381676673042236
350,50.381676673042236,46.94658456273961
351,46.94658456273961,42.41397722979666
352,42.41397722979666,39.30816029366423
353,39.30816029366423,39.38902139332251
354,39.38902139332251,42.340843799416504
355,42.340843799416504,45.91809184872943
356,45.91809184872943,47.727181005828825
357,47.727181005828825,47.17529362916777
358,47.17529362916777,45.61126492195931
359,45.61126492195931,44.63298116476778
360,44.63298116476778,44.624992661009465
361,44.624992661009465,45.02434431499955
362,45.02434431499955,45.46648744499549
363,45.46648744499549,46.170767975524356
364,46.170767975524356,47.37334747384659
365,47.37334747384659,48.85928536484708
366,48.85928536484708,50.1126974911635
367,50.1126974911635,50.72027474707528
368,50.72027474707528,50.577478382878994
369,50.577478382878994,49.79891101973234
370,49.79891101973234,48.49112172529895
371,48.49112172529895,46.727160521452035
372,46.727160521452035,44.760570759735394
373,44.760570759735394,43.17855150140402
374,43.17855150140402,42.73193653463245
375,42.73193653463245,43.848455495737205
376,43.848455495737205,46.21286845520967
377,46.21286845520967,48.90109518087213
378,48.90109518087213,50.9115214225095
379,50.9115214225095,51.45334099561397
380,51.45334099561397,50.12615178437767
381,50.12615178437767,47.49783407287
382,47.49783407287,45.32534164096946
383,45.32534164096946,40.27013078364022
384,40.27013078364022,43.303436836690395
385,43.303436836690395,48.20841228665853
386,48.20841228665853,53.246187785560664
387,53.246187785560664,56.79376131459966
388,56.79376131459966,57.925872357241744
389,57.925872357241744,56.98247084943701
390,56.98247084943701,55.67548622408104
391,55.67548622408104,55.966132216549354
392,55.966132216549354,58.34586997629155
393,58.34586997629155,61.42145413663657
394,61.42145413663657,63.25162196265816
395,63.25162196265816,62.79966741924695
396,62.79966741924695,60.31873443963107
397,60.31873443963107,57.01006281110849
398,57.01006281110849,54.43820616456924
399,54.43820616456924,53.812221758602796
400,53.812221758602796,55.47330521267026
401,55.47330521267026,58.77140993524639
402,58.77140993524639,62.22140131377266
403,62.22140131377266,64.19432665984002
404,64.19432665984002,64.06752907092013
405,64.06752907092013,62.67522304852314
406,62.67522304852314,61.39543901458325
407,61.39543901458325,60.83134840772319
408,60.83134840772319,60.30648425795546
409,60.30648425795546,58.505500544602285
410,58.505500544602285,54.903258050568056
411,54.903258050568056,50.82009359222591
412,50.82009359222591,48.6813814930651
413,48.6813814930651,49.881364187667685
414,49.881364187667685,53.52462592584481
415,53.52462592584481,57.303995338323446
416,57.303995338323446,59.332069500908894
417,59.332069500908894,59.0136763269541
418,59.0136763269541,56.52846816696919
419,56.52846816696919,52.21715203629074
420,52.21715203629074,46.81917601031432
421,46.81917601031432,41.806077887719226
422,41.806077887719226,38.86069213892678
423,38.86069213892678,38.887445970434584
424,38.887445970434584,41.54667288297108
425,41.54667288297108,45.638463871715935
426,45.638463871715935,49.811120477725815
427,49.811120477725815,53.064055308087475
428,53.064055308087475,54.890938730388584
429,54.890938730388584,55.14187029116076
430,55.14187029116076,53.93372658399011
431,53.93372658399011,51.857262919487475
432,51.857262919487475,50.01296306318787
433,50.01296306318787,49.32725664805932
434,49.32725664805932,49.68204912349102
435,49.68204912349102,49.97024287705459
436,49.97024287705459,49.09420868201558
437,49.09420868201558,46.84031319779094
438,46.84031319779094,43.88890842298419
439,43.88890842298419,41.088956426311796
440,41.088956426311796,38.782762349191934
441,38.782762349191934,36.868257532883185
442,36.868257532883185,35.32377331421159
443,35.32377331421159,34.47905178219723
444,34.47905178219723,34.710583357349286
445,34.710583357349286,35.830139879247746
446,35.830139879247746,36.88108199815932
447,36.88108199815932,36.84494012466972
448,36.84494012466972,39.64042911075252
449,39.64042911075252,43.15708019363449
450,43.15708019363449,45.126613666674615
451,45.126613666674615,44.92794461565174
452,44.92794461565174,43.66658582286222
453,43.66658582286222,42.805714568202866
454,42.805714568202866,42.961554128403364
455,42.961554128403364,43.84169318036371
456,43.84169318036371,44.976986559531824
457,44.976986559531824,46.22754549590232
458,46.22754549590232,47.53379633681446
459,47.53379633681446,48.40995747417141
460,48.40995747417141,48.05169392837517
461,48.05169392837517,46.06892118323127
462,46.06892118323127,42.96443812804175
463,42.96443812804175,39.85717088361511
464,39.85717088361511,37.89978790032506
465,37.89978790032506,37.93544433492959
466,37.93544433492959,40.29420601260193
467,40.29420601260193,44.40972098814386
468,44.40972098814386,48.66903092036252
469,48.66903092036252,51.23962510565991
470,51.23962510565991,51.397871565891236
471,51.397871565891236,49.96414333876771
472,49.96414333876771,48.425639245989245
473,48.425639245989245,47.769981078201255
474,47.769981078201255,47.98600504187709
475,47.98600504187709,48.15878979385463
476,48.15878979385463,47.03361814006679
477,47.03361814006679,44.13552287223813
478,44.13552287223813,40.47721013637644
479,40.47721013637644,37.68167976361584
480,37.68167976361584,36.471608014413576
481,36.471608014413576,36.370027011902536
482,36.370027011902536,36.58304759444842
483,36.58304759444842,36.694249166548765
484,36.694249166548765,36.667588611952425
485,36.667588611952425,36.64848624866898
486,36.64848624866898,36.86432809585898
487,36.86432809585898,37.6196936322854
488,37.6196936322854,39.29192405989984
489,39.29192405989984,42.056055819069876
490,42.056055819069876,45.29423041355942
491,45.29423041355942,47.4570870748347
492,47.4570870748347,46.99518807339371
493,46.99518807339371,43.644671817188645
494,43.644671817188645,38.8908049609748
495,38.8908049609748,35.27288647046463
496,35.27288647046463,34.91615075938852
497,34.91615075938852,38.1293488322048
498,38.1293488322048,43.18125130508237
499,43.18125130508237,47.52722118718013
500,47.52722118718013,49.43986053766518
501,49.43986053766518,48.78157049987908
502,48.78157049987908,46.619828199018244
503,46.619828199018244,44.28341812942626
504,44.28341812942626,42.60876135402001
505,42.60876135402001,41.809064772873185
506,41.809064772873185,41.77778452874049
507,41.77778452874049,42.29748971905494
508,42.29748971905494,43.03732205799303
509,43.03732205799303,43.65077584010803
510,43.65077584010803,43.96221772524646
511,43.96221772524646,41.942985654743794
512,41.942985654743794,40.96470342998963
513,40.96470342998963,39.617584889320426
514,39.617584889320426,38.52306022055656
515,38.52306022055656,37.66506603202494
516,37.66506603202494,36.37723501831063
517,36.37723501831063,34.077965588467926
518,34.077965588467926,30.945020911131735
519,30.945020911131735,27.79793909385293
520,27.79793909385293,25.48109017537505
521,25.48109017537505,24.571084805013903
522,24.571084805013903,25.516939155096008
523,25.516939155096008,28.651190490666405
524,28.651190490666405,33.8257752820561
525,33.8257752820561,40.14973203084229
526,40.14973203084229,46.40083817130473
527,46.40083817130473,51.750341710672885
528,51.750341710672885,55.88096021256822
529,55.88096021256822,58.460754267587994
530,58.460754267587994,58.985374868323404
531,58.985374868323404,57.33794369703351
532,57.33794369703351,54.168021849353366
533,54.168021849353366,50.49093871952714
534,50.49093871952714,47.23228314260329
535,47.23228314260329,45.29163100354286
536,45.29163100354286,45.494488010836406
537,45.494488010836406,47.93180736910896
538,47.93180736910896,51.587197695159816
539,51.587197695159816,55.116766525919815
540,55.116766525919815,57.965776032319475
541,57.965776032319475,60.41629186005318
542,60.41629186005318,62.63738455885739
543,62.63738455885739,63.9417206824627
544,63.9417206824627,63.07239712771303
545,63.07239712771303,59.3686932949893
546,59.3686932949893,53.659505151262614
547,53.659505151262614,47.764232000271384
548,47.764232000271384,43.151650433584116
549,43.151650433584116,40.28867297247316
550,40.28867297247316,39.11015950886511
551,39.11015950886511,39.60980799210951
552,39.60980799210951,41.77348407138505
553,41.77348407138505,45.052954420508584
554,45.052954420508584,48.17804539717248
555,48.17804539717248,49.790358970753374
556,49.790358970753374,49.455212336813446
557,49.455212336813446,47.92896018995622
558,47.92896018995622,46.34051952940215
559,46.34051952940215,45.30787034521577
560,45.30787034521577,44.92707572636283
561,44.92707572636283,45.27949577603214
562,45.27949577603214,46.56295499201056
563,46.56295499201056,48.72933267315821
564,48.72933267315821,51.25738437513898
565,51.25738437513898,53.402299129614846
566,53.402299129614846,54.57056762037042
567,54.57056762037042,54.51687386952434
568,54.51687386952434,53.54511881084014
569,53.54511881084014,52.54839379925667
570,52.54839379925667,52.4448398414124
571,52.4448398414124,53.374474660036526
572,53.374474660036526,54.646492976966755
573,54.646492976966755,55.52884674910585
574,55.52884674910585,55.86999239148189
575,55.86999239148189,61.3486205804668
576,61.3486205804668,59.43515435967514
577,59.43515435967514,56.60468895438743
578,56.60468895438743,53.98645930434488
579,53.98645930434488,51.939084574928955
580,51.939084574928955,50.04912136121652
581,50.04912136121652,48.00431629461798
582,48.00431629461798,46.231693269851874
583,46.231693269851874,45.471940933995064
584,45.471940933995064,45.84850381388155
585,45.84850381388155,46.592847660697906
586,46.592847660697906,46.75221396303984
587,46.75221396303984,46.03342555772073
588,46.03342555772073,44.950125075853684
589,44.950125075853684,44.39868186413298
590,44.39868186413298,45.197352057947086
591,45.197352057947086,47.68263546769294
592,47.68263546769294,51.35558467893973
593,51.35558467893973,54.91629540893876
594,54.91629540893876,56.81740106740845
595,56.81740106740845,55.976373330412876
596,55.976373330412876,52.366447710784605
597,52.366447710784605,47.2238962101207
598,47.2238962101207,42.37982032865134
599,42.37982032865134,38.931545740307314
600,38.931545740307314,36.62174311222353
601,36.62174311222353,34.75610395138491
602,34.75610395138491,33.426579785762584
603,33.426579785762584,33.409524312241174
604,33.409524312241174,35.17746755745296
605,35.17746755745296,38.56824268295282
606,38.56824268295282,43.2371046195242
607,43.2371046195242,48.77701932147622
608,48.77701932147622,54.29891180996863
609,54.29891180996863,58.49400211967662
610,58.49400211967662,60.54043171761046
611,60.54043171761046,60.758891267901646
612,60.758891267901646,60.0949192087768
613,60.0949192087768,59.005124422147226
614,59.005124422147226,57.076894347666546
615,57.076894347666546,53.85625220466676
616,53.85625220466676,49.869667317140966
617,49.869667317140966,46.527560239415436
618,46.527560239415436,44.8846388292911
619,44.8846388292911,44.68615062232992
620,44.68615062232992,44.81104052359305
621,44.81104052359305,44.58921203906593
622,44.58921203906593,44.37917441733734
623,44.37917441733734,44.69647116976604
624,44.69647116976604,45.12027478787603
625,45.12027478787603,44.58364977634815
626,44.58364977634815,42.69708683813697
627,42.69708683813697,40.33502347897152
628,40.33502347897152,38.86278393552802
629,38.86278393552802,39.067244762842904
630,39.067244762842904,40.86462007382074
631,40.86462007382074,43.764491191585094
632,43.764491191585094,47.232949226526145
633,47.232949226526145,50.45435162657835
634,50.45435162657835,52.124627801988
635,52.124627801988,51.1160425881294
636,51.1160425881294,47.59417418530113
637,47.59417418530113,43.268894483126815
638,43.268894483126815,40.3760877063433
639,40.3760877063433,90.3795233999944
640,90.3795233999944,89.20769396575798
641,89.20769396575798,86.86025971599881
642,86.86025971599881,83.33808539882273
643,83.33808539882273,78.71152471345053
644,78.71152471345053,73.33007479441605
645,73.33007479441605,67.91763889316013
646,67.91763889316013,63.06536122492258
647,63.06536122492258,58.627592733331646
648,58.627592733331646,54.32439742620785
649,54.32439742620785,50.95952495347716
650,50.95952495347716,49.888576697657456
651,49.888576697657456,51.02009566683259
652,51.02009566683259,52.46107366258636
653,52.46107366258636,52.60248220692624
654,52.60248220692624,51.71325382276202
655,51.71325382276202,51.14381847941159
656,51.14381847941159,51.41955430131031
657,51.41955430131031,51.48889181574464
658,51.48889181574464,49.79346258775044
659,49.79346258775044,45.87322141375979
660,45.87322141375979,40.6809271244035
661,40.6809271244035,35.510835514921894
662,35.510835514921894,31.0758729435162
663,31.0758729435162,27.67906276598016
664,27.67906276598016,25.67750381542723
665,25.67750381542723,25.227894210356254
666,25.227894210356254,25.676468808173773
667,25.676468808173773,25.840114751087334
668,25.840114751087334,25.091593034466904
669,25.091593034466904,23.793903950427048
670,23.793903950427048,22.595634876930372
671,22.595634876930372,21.816222034273746
672,21.816222034273746,21.56866436453559
673,21.56866436453559,21.89889353321845
674,21.89889353321845,22.64427625874176
675,22.64427625874176,23.56885190979168
676,23.56885190979168,24.612643238066436
677,24.612643238066436,25.67654076673012
678,25.67654076673012,26.35702518201741
679,26.35702518201741,26.41506627709363
680,26.41506627709363,26.430151419498422
681,26.430151419498422,27.456644977021448
682,27.456644977021448,29.78497413173036
683,29.78497413173036,32.35112296343996
684,32.35112296343996,33.604829039731015
685,33.604829039731015,32.779467305638704
686,32.779467305638704,30.185703989412637
687,30.185703989412637,26.590759925582837
688,26.590759925582837,22.655234273214997
689,22.655234273214997,18.897675964665453
690,18.897675964665453,15.933796578638631
691,15.933796578638631,14.553322765072243
692,14.553322765072243,15.389845379395647
693,15.389845379395647,18.33602689473042
694,18.33602689473042,22.229886497897503
695,22.229886497897503,25.28191102069656
696,25.28191102069656,26.032998659654037
697,26.032998659654037,24.110151009108574
698,24.110151009108574,20.336648738997887
699,20.336648738997887,16.269138293336226
700,16.269138293336226,13.335053534693708
701,13.335053534693708,12.006377681230454
702,12.006377681230454,11.718980674790352
