,Curvature_n,Curvature_n1
0,40.93893441810107,38.684411726783324
1,38.684411726783324,36.129236996551654
2,36.129236996551654,35.08569291139822
3,35.08569291139822,35.21476181163074
4,35.21476181163074,34.38604179970561
5,34.38604179970561,31.00600986193369
6,31.00600986193369,25.51804448422032
7,25.51804448422032,19.629174869383384
8,19.629174869383384,14.69206213278014
9,14.69206213278014,11.022698705500712
10,11.022698705500712,8.317882231840683
11,8.317882231840683,6.33554485277475
12,6.33554485277475,5.151985154901723
13,5.151985154901723,4.91192877909829
14,4.91192877909829,5.472648745288916
15,5.472648745288916,6.376833860720132
16,6.376833860720132,7.2236067385106715
17,7.2236067385106715,8.030208366743736
18,8.030208366743736,9.319644121806995
19,9.319644121806995,11.92902937851026
20,11.92902937851026,16.40419989960511
21,16.40419989960511,22.112113897958587
22,22.112113897958587,27.126015453493178
23,27.126015453493178,29.528627205924305
24,29.528627205924305,28.870215993519853
25,28.870215993519853,26.21711329347994
26,26.21711329347994,23.218314132290256
27,23.218314132290256,21.411993878608342
28,21.411993878608342,21.803775596820266
29,21.803775596820266,24.242514230702874
30,24.242514230702874,27.219809544611667
31,27.219809544611667,28.8930750257204
32,28.8930750257204,28.559241841019002
33,28.559241841019002,27.055654671907142
34,27.055654671907142,25.708698758252503
35,25.708698758252503,24.785677414862498
36,24.785677414862498,23.126033733723844
37,23.126033733723844,19.592355958397846
38,19.592355958397846,14.635396178626081
39,14.635396178626081,9.964666124055405
40,9.964666124055405,6.888412003528211
41,6.888412003528211,5.387842378699517
42,5.387842378699517,4.637367022681428
43,4.637367022681428,3.9730425808243024
44,3.9730425808243024,3.326627917618109
45,3.326627917618109,3.0094622651944225
46,3.0094622651944225,3.302412913287611
47,3.302412913287611,4.198552237229562
48,4.198552237229562,5.3613495226757895
49,5.3613495226757895,6.305631264313401
50,6.305631264313401,6.729842387228299
51,6.729842387228299,6.732782630950841
52,6.732782630950841,6.712258478580457
53,6.712258478580457,7.077482105816117
54,7.077482105816117,7.961709112169737
55,7.961709112169737,9.044041159976791
56,9.044041159976791,9.673511823474751
57,9.673511823474751,9.346870722097952
58,9.346870722097952,8.16743095894294
59,8.16743095894294,6.796367170879547
60,6.796367170879547,5.893463760870598
61,5.893463760870598,5.61680299126583
62,5.61680299126583,5.653820260779471
63,5.653820260779471,36.27020990185742
64,36.27020990185742,35.77029124830918
65,35.77029124830918,36.1118790174704
66,36.1118790174704,38.4134777592403
67,38.4134777592403,41.51043447588844
68,41.51043447588844,42.200307706008566
69,42.200307706008566,38.499398225090296
70,38.499398225090296,32.04665988717891
71,32.04665988717891,26.900090270997183
72,26.900090270997183,26.56537510435351
73,26.56537510435351,31.758188698610994
74,31.758188698610994,39.57390380572474
75,39.57390380572474,44.93383253494814
76,44.93383253494814,44.247276055455174
77,44.247276055455174,38.06863905832242
78,38.06863905832242,30.239352254768058
79,30.239352254768058,24.922767494914922
80,24.922767494914922,24.051793377897358
81,24.051793377897358,26.36529953440801
82,26.36529953440801,28.666834435155444
83,28.666834435155444,28.532836684541508
84,28.532836684541508,25.74203063762116
85,25.74203063762116,21.32673751866517
86,21.32673751866517,16.319054688399543
87,16.319054688399543,11.629906193201194
88,11.629906193201194,8.048494690793484
89,8.048494690793484,5.917610326428056
90,5.917610326428056,5.205451678874947
91,5.205451678874947,5.946111575771737
92,5.946111575771737,8.218156365956856
93,8.218156365956856,11.511841439830668
94,11.511841439830668,14.413840193154755
95,14.413840193154755,15.34713397999985
96,15.34713397999985,13.816632987506914
97,13.816632987506914,10.762473394398972
98,10.762473394398972,7.618457284617696
99,7.618457284617696,5.248653346237743
100,5.248653346237743,3.7883947142636183
101,3.7883947142636183,3.1225106009380736
102,3.1225106009380736,3.2145448043182516
103,3.2145448043182516,4.0005207317929985
104,4.0005207317929985,5.1211153051882965
105,5.1211153051882965,5.946227552643421
106,5.946227552643421,6.011785439078015
107,6.011785439078015,5.411091487787843
108,5.411091487787843,4.669578672164682
109,4.669578672164682,4.2693545092325005
110,4.2693545092325005,4.334779850470749
111,4.334779850470749,4.679200110037273
112,4.679200110037273,5.035111972879491
113,5.035111972879491,5.24631963274119
114,5.24631963274119,5.319814027219579
115,5.319814027219579,5.348836558572418
116,5.348836558572418,5.399018109735803
117,5.399018109735803,5.465409465116569
118,5.465409465116569,5.511392905850318
119,5.511392905850318,5.523952174823592
120,5.523952174823592,5.536212189704621
121,5.536212189704621,5.621783811884456
122,5.621783811884456,5.8622980021662805
123,5.8622980021662805,6.285778049609826
124,6.285778049609826,6.820682230913175
125,6.820682230913175,7.319082140050522
126,7.319082140050522,7.621060901931306
127,7.621060901931306,34.878396007924124
128,34.878396007924124,32.531072042411864
129,32.531072042411864,29.004272230644947
130,29.004272230644947,25.856942120725137
131,25.856942120725137,24.04333025124736
132,24.04333025124736,23.584955149813084
133,23.584955149813084,24.111668985037866
134,24.111668985037866,25.416392849382248
135,25.416392849382248,27.259626015367324
136,27.259626015367324,28.97938080417049
137,28.97938080417049,29.87281908047548
138,29.87281908047548,29.96523613601402
139,29.96523613601402,29.83202671288596
140,29.83202671288596,29.672707582239543
141,29.672707582239543,29.335119545204428
142,29.335119545204428,29.194271311840716
143,29.194271311840716,29.878909983783487
144,29.878909983783487,30.81260232036261
145,30.81260232036261,30.163701659973952
146,30.163701659973952,26.85771315248072
147,26.85771315248072,21.84331105595482
148,21.84331105595482,16.913488625613518
149,16.913488625613518,13.081014112763407
150,13.081014112763407,10.472019128435939
151,10.472019128435939,8.994304579425034
152,8.994304579425034,8.55056998099215
153,8.55056998099215,8.872172102857228
154,8.872172102857228,9.457216354926844
155,9.457216354926844,9.722089196333801
156,9.722089196333801,9.333293558766703
157,9.333293558766703,8.536086169476322
158,8.536086169476322,8.016970046379626
159,8.016970046379626,8.217735561166108
160,8.217735561166108,8.79137997493061
161,8.79137997493061,8.901822870830538
162,8.901822870830538,8.093272451307884
163,8.093272451307884,6.730953345175794
164,6.730953345175794,5.589735929296602
165,5.589735929296602,5.203951057088879
166,5.203951057088879,5.619372431306237
167,5.619372431306237,6.518965677310051
168,6.518965677310051,7.487791562659858
169,7.487791562659858,8.316281491489594
170,8.316281491489594,9.167059456779208
171,9.167059456779208,10.381132766174744
172,10.381132766174744,12.08195621977162
173,12.08195621977162,14.015876104414039
174,14.015876104414039,15.691383744045638
175,15.691383744045638,16.53003067288488
176,16.53003067288488,16.059920544937988
177,16.059920544937988,14.295900032143011
178,14.295900032143011,11.918276218104408
179,11.918276218104408,9.853252565480615
180,9.853252565480615,8.630112455614427
181,8.630112455614427,8.119986260562506
182,8.119986260562506,7.78560870961123
183,7.78560870961123,7.164099597775872
184,7.164099597775872,6.204436232575732
185,6.204436232575732,5.280908454885941
186,5.280908454885941,4.950864240511335
187,4.950864240511335,5.565738436008064
188,5.565738436008064,6.9491018372261415
189,6.9491018372261415,8.453574528143857
190,8.453574528143857,9.392316135526892
191,9.392316135526892,35.751910693697134
192,35.751910693697134,38.350782455568286
193,38.350782455568286,42.48717184083203
194,42.48717184083203,46.32818283001357
195,46.32818283001357,47.84297492882134
196,47.84297492882134,45.95179710359228
197,45.95179710359228,41.76446819952485
198,41.76446819952485,38.24277566721923
199,38.24277566721923,37.649375409887064
200,37.649375409887064,39.150915415807575
201,39.150915415807575,39.64238172680262
202,39.64238172680262,37.137662802144945
203,37.137662802144945,32.59494856413062
204,32.59494856413062,28.26666694886762
205,28.26666694886762,25.241167452614654
206,25.241167452614654,23.006318138124364
207,23.006318138124364,20.65805423970127
208,20.65805423970127,18.00737397344801
209,18.00737397344801,15.785339385610541
210,15.785339385610541,14.971746644939124
211,14.971746644939124,15.798872886798188
212,15.798872886798188,17.36933622382788
213,17.36933622382788,18.399166464468298
214,18.399166464468298,18.289374450451476
215,18.289374450451476,17.331496564666484
216,17.331496564666484,16.125410957042853
217,16.125410957042853,15.144496487615452
218,15.144496487615452,14.596769272326071
219,14.596769272326071,14.258018824086962
220,14.258018824086962,13.576165513318646
221,13.576165513318646,12.165961816373295
222,12.165961816373295,10.154511854832155
223,10.154511854832155,8.102020457856788
224,8.102020457856788,6.785739325165822
225,6.785739325165822,6.985679585099269
226,6.985679585099269,9.251913576563979
227,9.251913576563979,13.661753482801554
228,13.661753482801554,19.519132479699145
229,19.519132479699145,25.274395273192084
230,25.274395273192084,29.2486804885309
231,29.2486804885309,30.983906246052626
232,30.983906246052626,31.631647323107373
233,31.631647323107373,32.56705199655345
234,32.56705199655345,33.85727582465485
235,33.85727582465485,34.49456220313016
236,34.49456220313016,33.849049409908545
237,33.849049409908545,32.304852272043746
238,32.304852272043746,30.51402912969625
239,30.51402912969625,28.75746321926802
240,28.75746321926802,27.357972049656276
241,27.357972049656276,27.004730392724568
242,27.004730392724568,28.03067596990135
243,28.03067596990135,29.640104734880495
244,29.640104734880495,30.36009353560619
245,30.36009353560619,29.192229596982756
246,29.192229596982756,26.099360633117612
247,26.099360633117612,21.76839504589185
248,21.76839504589185,17.356572074175578
249,17.356572074175578,14.249457546267825
250,14.249457546267825,13.515414331382155
251,13.515414331382155,15.412931588291997
252,15.412931588291997,19.288722348565237
253,19.288722348565237,23.667826648766187
254,23.667826648766187,26.59959949018984
255,26.59959949018984,51.13066742460603
256,51.13066742460603,47.33611561914279
257,47.33611561914279,42.03163878501921
258,42.03163878501921,37.92234541323008
259,37.92234541323008,35.97714170399675
260,35.97714170399675,35.05413168321775
261,35.05413168321775,33.589213584464105
262,33.589213584464105,31.313266555496483
263,31.313266555496483,29.185905115082175
264,29.185905115082175,28.08416844502178
265,28.08416844502178,27.917832333785707
266,27.917832333785707,27.721033913880724
267,27.721033913880724,26.254025370438995
268,26.254025370438995,22.87293239399095
269,22.87293239399095,18.269099433594878
270,18.269099433594878,14.178383818489822
271,14.178383818489822,12.099212851913697
272,12.099212851913697,12.378959744700685
273,12.378959744700685,14.372251288892427
274,14.372251288892427,16.921174539713167
275,16.921174539713167,18.680679817477273
276,18.680679817477273,18.674495185353337
277,18.674495185353337,16.940252923603055
278,16.940252923603055,14.408016827788051
279,14.408016827788051,12.010535328167439
280,12.010535328167439,10.06399240924567
281,10.06399240924567,8.493414096936416
282,8.493414096936416,7.364925272891487
283,7.364925272891487,7.008232332912066
284,7.008232332912066,7.743893361080929
285,7.743893361080929,9.655760467386196
286,9.655760467386196,12.622925493892698
287,12.622925493892698,16.372962027074685
288,16.372962027074685,20.29479695464929
289,20.29479695464929,23.289879909754706
290,23.289879909754706,24.2430486094623
291,24.2430486094623,22.889140194350695
292,22.889140194350695,20.058389371069186
293,20.058389371069186,16.969717549295215
294,16.969717549295215,14.384147342436574
295,14.384147342436574,12.527034429504218
296,12.527034429504218,11.779037602107147
297,11.779037602107147,13.307502301141827
298,13.307502301141827,18.52540618756553
299,18.52540618756553,27.26842780259907
300,27.26842780259907,36.4113491694738
301,36.4113491694738,41.41856733218835
302,41.41856733218835,40.28411422028917
303,40.28411422028917,35.42301847989601
304,35.42301847989601,31.003385328396288
305,31.003385328396288,29.09749124985139
306,29.09749124985139,28.953609208971272
307,28.953609208971272,29.143316688108143
308,29.143316688108143,29.354308124163488
309,29.354308124163488,29.915269192090197
310,29.915269192090197,30.214179229532977
311,30.214179229532977,28.590608806208287
312,28.590608806208287,24.124069258834012
313,24.124069258834012,17.945877172592184
314,17.945877172592184,12.345986878860558
315,12.345986878860558,8.926242768387013
316,8.926242768387013,7.756544400893046
317,7.756544400893046,7.88359605632996
318,7.88359605632996,8.247410503184518
319,8.247410503184518,52.60222881881712
320,52.60222881881712,53.142901822172995
321,53.142901822172995,53.116817165880455
322,53.116817165880455,50.954448421666214
323,50.954448421666214,45.80007780559887
324,45.80007780559887,38.48328922626415
325,38.48328922626415,31.21091451612947
326,31.21091451612947,26.040200479778438
327,26.040200479778438,23.588932289615492
328,23.588932289615492,23.099548426230747
329,23.099548426230747,23.395649852746402
330,23.395649852746402,23.551381334869912
331,23.551381334869912,22.992247747208033
332,22.992247747208033,21.644972242049125
333,21.644972242049125,20.137945860427376
334,20.137945860427376,19.318864006060856
335,19.318864006060856,19.377137049404773
336,19.377137049404773,19.772924255819994
337,19.772924255819994,20.015349695060202
338,20.015349695060202,20.151575267818966
339,20.151575267818966,20.57265684970124
340,20.57265684970124,21.687904032757466
341,21.687904032757466,23.67237433780162
342,23.67237433780162,26.101748115152986
343,26.101748115152986,27.728851777316542
344,27.728851777316542,27.138049433217436
345,27.138049433217436,24.155318067389523
346,24.155318067389523,20.333786405798353
347,20.333786405798353,17.525472266495154
348,17.525472266495154,16.176339978515315
349,16.176339978515315,15.389957711133993
350,15.389957711133993,14.323779720724822
351,14.323779720724822,13.032365037417296
352,13.032365037417296,12.05084059126581
353,12.05084059126581,11.631272472250231
354,11.631272472250231,11.600287645439023
355,11.600287645439023,11.820309678602957
356,11.820309678602957,12.576268888037916
357,12.576268888037916,14.311223078696887
358,14.311223078696887,16.973506283690682
359,16.973506283690682,19.776276463764866
360,19.776276463764866,21.766750116435162
361,21.766750116435162,22.673682368156072
362,22.673682368156072,23.169462563623576
363,23.169462563623576,24.344658867529198
364,24.344658867529198,26.837411352190106
365,26.837411352190106,30.30138281259363
366,30.30138281259363,33.60884709021715
367,33.60884709021715,35.48108472602608
368,35.48108472602608,34.990512374179076
369,34.990512374179076,31.89155403343615
370,31.89155403343615,26.88600628747371
371,26.88600628747371,21.47797687346135
372,21.47797687346135,17.165494866213244
373,17.165494866213244,14.576515263647352
374,14.576515263647352,13.451809306368904
375,13.451809306368904,13.30872460923224
376,13.30872460923224,13.918145914541729
377,13.918145914541729,15.2302595653989
378,15.2302595653989,17.02619202234082
379,17.02619202234082,18.74178416615382
380,18.74178416615382,19.736531366603504
381,19.736531366603504,19.86315375999944
382,19.86315375999944,19.629364835125806
383,19.629364835125806,55.314658599644204
384,55.314658599644204,53.20518983359545
385,53.20518983359545,49.614631772565346
386,49.614631772565346,45.35753976208289
387,45.35753976208289,41.018220093080885
388,41.018220093080885,36.92348201172863
389,36.92348201172863,33.36020305237507
390,33.36020305237507,30.674904391057588
391,30.674904391057588,29.224486792744518
392,29.224486792744518,29.287506849249105
393,29.287506849249105,30.883557866783402
394,30.883557866783402,33.56892565337595
395,33.56892565337595,36.46039463041213
396,36.46039463041213,38.481098499443746
397,38.481098499443746,38.71592171392574
398,38.71592171392574,36.84445311668078
399,36.84445311668078,33.4855030202998
400,33.4855030202998,30.056085858628116
401,30.056085858628116,28.01532972017485
402,28.01532972017485,27.998958585893682
403,27.998958585893682,29.50964317867942
404,29.50964317867942,31.27734428333042
405,31.27734428333042,32.02483328545172
406,32.02483328545172,31.242115818591202
407,31.242115818591202,29.428752445957656
408,29.428752445957656,27.54870890299256
409,27.54870890299256,26.272737067318733
410,26.272737067318733,25.79473247732593
411,25.79473247732593,26.185300562386924
412,26.185300562386924,27.50802812836174
413,27.50802812836174,29.438042638571723
414,29.438042638571723,31.02157225173029
415,31.02157225173029,31.169766733398944
416,31.169766733398944,29.51428585734993
417,29.51428585734993,26.70706586948196
418,26.70706586948196,23.830395276410016
419,23.830395276410016,21.59775806727299
420,21.59775806727299,20.300488116762118
421,20.300488116762118,20.460179747162435
422,20.460179747162435,22.87460647230563
423,22.87460647230563,27.384925654360465
424,27.384925654360465,31.99789566027393
425,31.99789566027393,34.16896931756315
426,34.16896931756315,33.09227326828042
427,33.09227326828042,30.18075886590521
428,30.18075886590521,27.37894036355985
429,27.37894036355985,25.753023048918426
430,25.753023048918426,25.697846630570687
431,25.697846630570687,27.37548504006658
432,27.37548504006658,30.16107116885099
433,30.16107116885099,32.16184959868545
434,32.16184959868545,31.28275152914707
435,31.28275152914707,27.07396955959046
436,27.07396955959046,21.311491193054486
437,21.311491193054486,16.744903564862447
438,16.744903564862447,15.494066907231293
439,15.494066907231293,18.399794080877072
440,18.399794080877072,25.01146025776686
441,25.01146025776686,33.60472546278285
442,33.60472546278285,41.71256260767846
443,41.71256260767846,47.463162916487505
444,47.463162916487505,50.53972048276357
445,50.53972048276357,51.75187892650059
446,51.75187892650059,52.064925473995565
447,52.064925473995565,63.318104041183815
448,63.318104041183815,61.192450243853
449,61.192450243853,58.17028439899386
450,58.17028439899386,55.9729451835207
451,55.9729451835207,55.70604997489323
452,55.70604997489323,57.1871587627456
453,57.1871587627456,59.12997748081253
454,59.12997748081253,59.81402000737049
455,59.81402000737049,57.9125232830942
456,57.9125232830942,53.41265491040264
457,53.41265491040264,47.924923432481194
458,47.924923432481194,43.64309834959069
459,43.64309834959069,41.644061668903234
460,41.644061668903234,41.19089291233965
461,41.19089291233965,40.737634502018196
462,40.737634502018196,39.63882160005088
463,39.63882160005088,38.78208953328816
464,38.78208953328816,39.39458548741074
465,39.39458548741074,41.36703333526458
466,41.36703333526458,43.01199239682063
467,43.01199239682063,42.48212881616453
468,42.48212881616453,39.38630973842242
469,39.38630973842242,35.28776041497908
470,35.28776041497908,32.666179849460455
471,32.666179849460455,32.953972100038065
472,32.953972100038065,35.29832795883075
473,35.29832795883075,37.514522070488404
474,37.514522070488404,38.515011880491464
475,38.515011880491464,39.410959311353565
476,39.410959311353565,41.807675872231485
477,41.807675872231485,45.46126529278397
478,45.46126529278397,48.289114745650465
479,48.289114745650465,48.41094512626196
480,48.41094512626196,45.54752698033378
481,45.54752698033378,40.66737860371054
482,40.66737860371054,35.148102995624456
483,35.148102995624456,30.36482124018187
484,30.36482124018187,27.282439720548638
485,27.282439720548638,26.012191391897034
486,26.012191391897034,25.953366356801844
487,25.953366356801844,26.501564988949312
488,26.501564988949312,27.564424985001015
489,27.564424985001015,29.363234808355056
490,29.363234808355056,31.75852726037389
491,31.75852726037389,33.88254862381308
492,33.88254862381308,34.56057489329956
493,34.56057489329956,33.05894245823043
494,33.05894245823043,29.447823685202763
495,29.447823685202763,24.570323478970543
496,24.570323478970543,19.774345953073
497,19.774345953073,16.29244568002466
498,16.29244568002466,14.613621282187633
499,14.613621282187633,14.413106473086055
500,14.413106473086055,15.082597086181927
501,15.082597086181927,16.31367143150122
502,16.31367143150122,18.137262250107014
503,18.137262250107014,20.364842348268848
504,20.364842348268848,22.242601071744303
505,22.242601071744303,23.052180840966752
506,23.052180840966752,23.01907637256416
507,23.01907637256416,23.214522457011917
508,23.214522457011917,24.413995159942772
509,24.413995159942772,26.266216044637247
510,26.266216044637247,27.64407713822139
511,27.64407713822139,44.731343590453264
512,44.731343590453264,43.280404699570866
513,43.280404699570866,41.65779084582355
514,41.65779084582355,41.07352596543429
515,41.07352596543429,41.41990432123401
516,41.41990432123401,41.50393196289021
517,41.50393196289021,40.448641400590546
518,40.448641400590546,38.48750866150013
519,38.48750866150013,36.268044323644595
520,36.268044323644595,33.935781804122264
521,33.935781804122264,31.470555029517584
522,31.470555029517584,29.554273787427036
523,29.554273787427036,29.22737874339616
524,29.22737874339616,30.572191516923155
525,30.572191516923155,32.4253377112278
526,32.4253377112278,33.6133559609507
527,33.6133559609507,34.02774924888072
528,34.02774924888072,34.225318303478055
529,34.225318303478055,34.241427043408656
530,34.241427043408656,33.24062502406336
531,33.24062502406336,30.48724487785681
532,30.48724487785681,26.37557276096404
533,26.37557276096404,22.234275862480388
534,22.234275862480388,19.346263046285593
535,19.346263046285593,18.327793508472908
536,18.327793508472908,19.094154979321484
537,19.094154979321484,21.061551296528812
538,21.061551296528812,23.543146964378053
539,23.543146964378053,26.220450616307815
540,26.220450616307815,29.181006529768275
541,29.181006529768275,32.45660552076274
542,32.45660552076274,35.69937904464929
543,35.69937904464929,38.384427697373
544,38.384427697373,40.063752210431
545,40.063752210431,40.34197554102011
546,40.34197554102011,38.9787084219453
547,38.9787084219453,36.30770845045
548,36.30770845045,33.33326379447011
549,33.33326379447011,31.087707443690185
550,31.087707443690185,29.957181801333512
551,29.957181801333512,29.663205122993233
552,29.663205122993233,29.62159049990293
553,29.62159049990293,29.278491579453487
554,29.278491579453487,28.465602676578342
555,28.465602676578342,27.59887871514994
556,27.59887871514994,27.380152886900014
557,27.380152886900014,28.116257236682053
558,28.116257236682053,29.289301271424563
559,29.289301271424563,29.946047475407624
560,29.946047475407624,29.59137583995666
561,29.59137583995666,28.62157605659867
562,28.62157605659867,27.83190308517456
563,27.83190308517456,27.6042392893306
564,27.6042392893306,27.613558781440055
565,27.613558781440055,27.240026424794046
566,27.240026424794046,26.220356893574948
567,26.220356893574948,24.966030169822552
568,24.966030169822552,24.37191394958359
569,24.37191394958359,25.361278861769097
570,25.361278861769097,28.33426775010206
571,28.33426775010206,32.71948548233305
572,32.71948548233305,37.158776492438164
573,37.158776492438164,40.39725476699749
574,40.39725476699749,41.97324902554797
575,41.97324902554797,40.87919614451002
576,40.87919614451002,41.63697523974903
577,41.63697523974903,42.84695775133352
578,42.84695775133352,43.55604993689835
579,43.55604993689835,42.48381586637677
580,42.48381586637677,39.249678249688856
581,39.249678249688856,35.261344806594494
582,35.261344806594494,32.88530203565435
583,32.88530203565435,33.36210326620189
584,33.36210326620189,35.71258519327485
585,35.71258519327485,37.867931251576266
586,37.867931251576266,38.53899497336809
587,38.53899497336809,37.83235492288927
588,37.83235492288927,36.6026849440754
589,36.6026849440754,35.68037420948194
590,35.68037420948194,35.48444417358411
591,35.48444417358411,35.917662085278536
592,35.917662085278536,36.59565468112267
593,36.59565468112267,37.45852510142061
594,37.45852510142061,39.08771681384173
595,39.08771681384173,41.92206546989533
596,41.92206546989533,45.14688140363366
597,45.14688140363366,46.97591780722313
598,46.97591780722313,46.13851408008999
599,46.13851408008999,42.64039648215358
600,42.64039648215358,37.322319089835524
601,37.322319089835524,31.387649417714794
602,31.387649417714794,26.198073021565268
603,26.198073021565268,22.781589220955347
604,22.781589220955347,21.3311087200877
605,21.3311087200877,21.29946665107513
606,21.29946665107513,21.92609225577207
607,21.92609225577207,22.6592904190759
608,22.6592904190759,23.232478972420594
609,23.232478972420594,23.566678307578158
610,23.566678307578158,23.754647415242538
611,23.754647415242538,24.01428949339735
612,24.01428949339735,24.419068804688163
613,24.419068804688163,24.800201732234207
614,24.800201732234207,25.219994222681695
615,25.219994222681695,26.391692523695124
616,26.391692523695124,29.078958918815697
617,29.078958918815697,32.846479210919114
618,32.846479210919114,35.90984862860362
619,35.90984862860362,36.74355620601766
620,36.74355620601766,35.60549251971859
621,35.60549251971859,34.11786791655333
622,34.11786791655333,33.65873270744133
623,33.65873270744133,34.46778640340778
624,34.46778640340778,35.881107539465425
625,35.881107539465425,36.95388007192475
626,36.95388007192475,37.05315650553238
627,37.05315650553238,36.21455754790594
628,36.21455754790594,34.95693484257291
629,34.95693484257291,33.7867581060508
630,33.7867581060508,33.02398393812488
631,33.02398393812488,32.89866798944985
632,32.89866798944985,33.454871084690744
633,33.454871084690744,34.37454536422227
634,34.37454536422227,35.21608290293258
635,35.21608290293258,35.89545607479922
636,35.89545607479922,36.70254120131251
637,36.70254120131251,37.74350277147497
638,37.74350277147497,38.56089707081876
639,38.56089707081876,64.93228653461071
640,64.93228653461071,64.74470029099206
641,64.74470029099206,64.34532443591482
642,64.34532443591482,63.62789444133161
643,63.62789444133161,62.28545170066179
644,62.28545170066179,59.9242016453538
645,59.9242016453538,56.52564646726401
646,56.52564646726401,52.750253437738074
647,52.750253437738074,49.66758723924585
648,49.66758723924585,48.222676070824846
649,48.222676070824846,48.83915319264413
650,48.83915319264413,51.17772027340767
651,51.17772027340767,54.11944028590206
652,54.11944028590206,56.238975523379175
653,56.238975523379175,56.54661504456955
654,56.54661504456955,54.886457029593146
655,54.886457029593146,51.850012126578086
656,51.850012126578086,48.457115306805385
657,48.457115306805385,45.7304517556705
658,45.7304517556705,44.31244188403263
659,44.31244188403263,44.33887298038029
660,44.33887298038029,45.47927845548594
661,45.47927845548594,46.952320876747244
662,46.952320876747244,47.83958983555627
663,47.83958983555627,47.83192540743701
664,47.83192540743701,47.57222199430704
665,47.57222199430704,47.953320056840006
666,47.953320056840006,49.17010902715156
667,49.17010902715156,50.62521624271737
668,50.62521624271737,51.60717187871755
669,51.60717187871755,51.87135303552341
670,51.87135303552341,51.566192245938
671,51.566192245938,50.68810489566316
672,50.68810489566316,48.85471686986024
673,48.85471686986024,45.90065854691841
674,45.90065854691841,42.59229281008538
675,42.59229281008538,40.30394507498709
676,40.30394507498709,39.74563561146934
677,39.74563561146934,40.30654898514956
678,40.30654898514956,41.03339661988666
679,41.03339661988666,41.93806578529309
680,41.93806578529309,43.6887539378321
681,43.6887539378321,46.13222973230178
682,46.13222973230178,47.94026100067882
683,47.94026100067882,47.98083158794347
684,47.98083158794347,46.635696138105686
685,46.635696138105686,45.576067281412676
686,45.576067281412676,46.644289968353625
687,46.644289968353625,51.15491388824499
688,51.15491388824499,59.51662720697683
689,59.51662720697683,70.28825556521814
690,70.28825556521814,79.63716069406699
691,79.63716069406699,83.26949980447887
692,83.26949980447887,79.87774333810671
693,79.87774333810671,72.14904510893587
694,72.14904510893587,64.01868402210582
695,64.01868402210582,57.66724231916956
696,57.66724231916956,53.25843977739238
697,53.25843977739238,50.17648254252117
698,50.17648254252117,47.599770302984325
699,47.599770302984325,44.58818952352155
700,44.58818952352155,40.6709905409788
701,40.6709905409788,36.52951546086138
702,36.52951546086138,33.77862962409995
