,Curvature_n,Curvature_n1
0,101.78159929350264,98.71629071307706
1,98.71629071307706,92.83359453282154
2,92.83359453282154,84.692831917771
3,84.692831917771,76.1480324420568
4,76.1480324420568,70.63181896101035
5,70.63181896101035,70.54520483419999
6,70.54520483419999,74.06162286832917
7,74.06162286832917,76.06803466180271
8,76.06803466180271,72.78764671182199
9,72.78764671182199,64.66882687335948
10,64.66882687335948,54.881508760153835
11,54.881508760153835,46.25587103134043
12,46.25587103134043,39.931069852929
13,39.931069852929,35.78146006923301
14,35.78146006923301,33.20627989556955
15,33.20627989556955,31.725096773964538
16,31.725096773964538,31.54719633391092
17,31.54719633391092,33.34116870821668
18,33.34116870821668,36.8903110583521
19,36.8903110583521,40.37108618516056
20,40.37108618516056,41.61121919236126
21,41.61121919236126,39.866494531799546
22,39.866494531799546,36.048494457083464
23,36.048494457083464,31.734543055066084
24,31.734543055066084,28.496746828344126
25,28.496746828344126,27.831342700032586
26,27.831342700032586,30.87851582909069
27,30.87851582909069,37.681481429135694
28,37.681481429135694,46.44643828915264
29,46.44643828915264,53.976485571627784
30,53.976485571627784,57.93754700524958
31,57.93754700524958,59.09323022588082
32,59.09323022588082,60.54307087174337
33,60.54307087174337,64.26853289033319
34,64.26853289033319,68.84853693997132
35,68.84853693997132,70.7019572924257
36,70.7019572924257,67.21160478296093
37,67.21160478296093,58.878659503039486
38,58.878659503039486,49.33725216271551
39,49.33725216271551,43.52998442209793
40,43.52998442209793,45.01462136423572
41,45.01462136423572,53.78098442189432
42,53.78098442189432,65.82357637281653
43,65.82357637281653,75.3767094485575
44,75.3767094485575,78.92539992012217
45,78.92539992012217,77.42135696246477
46,77.42135696246477,74.20854137453554
47,74.20854137453554,71.27546686839956
48,71.27546686839956,68.42251246060962
49,68.42251246060962,65.4344236780421
50,65.4344236780421,63.2780885301249
51,63.2780885301249,62.67186950486987
52,62.67186950486987,62.342491546781886
53,62.342491546781886,59.49333422953747
54,59.49333422953747,52.34154654763181
55,52.34154654763181,42.23894375913692
56,42.23894375913692,33.197623233127445
57,33.197623233127445,28.945701449841966
58,28.945701449841966,29.74307687638337
59,29.74307687638337,31.919694856479417
60,31.919694856479417,31.21682380630216
61,31.21682380630216,27.024970443850655
62,27.024970443850655,22.96981936835747
63,22.96981936835747,94.14258842617996
64,94.14258842617996,90.67847976997577
65,90.67847976997577,83.80671752347862
66,83.80671752347862,74.4143783839199
67,74.4143783839199,64.92403595259057
68,64.92403595259057,58.47574900723904
69,58.47574900723904,56.65951991839073
70,56.65951991839073,58.024529356510776
71,58.024529356510776,59.30702763905971
72,59.30702763905971,58.117997130446994
73,58.117997130446994,54.16922774384534
74,54.16922774384534,48.40493307677557
75,48.40493307677557,42.03619921546283
76,42.03619921546283,36.487702616293056
77,36.487702616293056,33.0633128401694
78,33.0633128401694,31.796533247125513
79,31.796533247125513,31.35548209804255
80,31.35548209804255,31.065076248294677
81,31.065076248294677,32.34753738092208
82,32.34753738092208,36.93629803438456
83,36.93629803438456,43.83880245972766
84,43.83880245972766,49.25331023934666
85,49.25331023934666,50.07714203657483
86,50.07714203657483,46.8283110842799
87,46.8283110842799,42.58535493707547
88,42.58535493707547,39.754493679032535
89,39.754493679032535,38.5263643231186
90,38.5263643231186,37.60946175928882
91,37.60946175928882,35.74009589778987
92,35.74009589778987,33.012542238267116
93,33.012542238267116,31.03889091594488
94,31.03889091594488,31.33366999348985
95,31.33366999348985,33.48983042315645
96,33.48983042315645,35.22992379487449
97,35.22992379487449,34.590664757952624
98,34.590664757952624,32.18688795250965
99,32.18688795250965,30.73618756231874
100,30.73618756231874,31.803204182029596
101,31.803204182029596,33.72178410909801
102,33.72178410909801,33.5273684094944
103,33.5273684094944,30.37780138854814
104,30.37780138854814,26.225094180591398
105,26.225094180591398,23.402479583578987
106,23.402479583578987,22.34194696697146
107,22.34194696697146,21.929276124005483
108,21.929276124005483,21.657086719066935
109,21.657086719066935,22.603609009554116
110,22.603609009554116,25.99584057626158
111,25.99584057626158,31.386331995252505
112,31.386331995252505,36.8020734589405
113,36.8020734589405,40.69856673831652
114,40.69856673831652,43.202301251923416
115,43.202301251923416,44.86966014939122
116,44.86966014939122,44.79624999240005
117,44.79624999240005,41.402413363690215
118,41.402413363690215,35.226897985424046
119,35.226897985424046,29.43267931722731
120,29.43267931722731,26.773452169846824
121,26.773452169846824,26.765244531351346
122,26.765244531351346,26.39758211640222
123,26.39758211640222,23.344331199295986
124,23.344331199295986,18.06038041728003
125,18.06038041728003,12.881895363927898
126,12.881895363927898,9.861250074432112
127,9.861250074432112,73.38715490103193
128,73.38715490103193,67.87554312170049
129,67.87554312170049,57.13327881931875
130,57.13327881931875,43.16065020620299
131,43.16065020620299,29.544901517437708
132,29.544901517437708,19.25156403754949
133,19.25156403754949,13.008822561853062
134,13.008822561853062,9.773225648923974
135,9.773225648923974,8.190285325773807
136,8.190285325773807,7.575064469337271
137,7.575064469337271,7.969005655728405
138,7.969005655728405,9.657204210101094
139,9.657204210101094,12.553464260760748
140,12.553464260760748,15.678385507469356
141,15.678385507469356,17.31011525813423
142,17.31011525813423,16.196612383563146
143,16.196612383563146,12.760229292287384
144,12.760229292287384,8.735738590357201
145,8.735738590357201,5.6371365149427906
146,5.6371365149427906,3.8569971343739216
147,3.8569971343739216,3.0113987965618447
148,3.0113987965618447,2.6479448713065987
149,2.6479448713065987,2.549646781480482
150,2.549646781480482,2.6693416474026
151,2.6693416474026,2.9844836644738812
152,2.9844836644738812,3.3962411325642687
153,3.3962411325642687,3.7051660574137557
154,3.7051660574137557,3.718328400335282
155,3.718328400335282,3.443945201567873
156,3.443945201567873,3.1099761299828006
157,3.1099761299828006,2.9034020685636617
158,2.9034020685636617,2.7753271588362196
159,2.7753271588362196,2.601834989341521
160,2.601834989341521,2.439560387818499
161,2.439560387818499,2.510368837633248
162,2.510368837633248,2.97965529041111
163,2.97965529041111,3.7862078626253384
164,3.7862078626253384,4.614116990297246
165,4.614116990297246,5.0283487992065625
166,5.0283487992065625,4.779671745477511
167,4.779671745477511,4.030436910354309
168,4.030436910354309,3.2129329375872056
169,3.2129329375872056,2.655822163710134
170,2.655822163710134,2.401748541112451
171,2.401748541112451,2.328598688561912
172,2.328598688561912,2.3169896905001437
173,2.3169896905001437,2.280929525252689
174,2.280929525252689,2.159870759506288
175,2.159870759506288,1.9859766333043627
176,1.9859766333043627,1.9522467450826653
177,1.9522467450826653,2.332331271785319
178,2.332331271785319,3.2460473078824617
179,3.2460473078824617,4.476974655118912
180,4.476974655118912,5.594645536224715
181,5.594645536224715,6.330961407764579
182,6.330961407764579,6.791533841451334
183,6.791533841451334,7.244515116072172
184,7.244515116072172,7.750238232546721
185,7.750238232546721,8.031119924765537
186,8.031119924765537,7.694976291820351
187,7.694976291820351,6.609363733919536
188,6.609363733919536,5.081427062638165
189,5.081427062638165,3.6697100982476374
190,3.6697100982476374,2.8494903426965665
191,2.8494903426965665,2.407047287237772
192,2.407047287237772,2.7001284127116794
193,2.7001284127116794,3.286727194441334
194,3.286727194441334,4.216432925669932
195,4.216432925669932,5.56421373152701
196,5.56421373152701,7.2266682033222365
197,7.2266682033222365,8.71343716515856
198,8.71343716515856,9.302133627304462
199,9.302133627304462,8.590213213981407
200,8.590213213981407,6.873462480846132
201,6.873462480846132,4.889033804677895
202,4.889033804677895,3.2524158501703924
203,3.2524158501703924,2.1996553539813517
204,2.1996553539813517,1.7045766570931433
205,1.7045766570931433,1.655193908393257
206,1.655193908393257,1.9206360444320851
207,1.9206360444320851,2.3742525187570735
208,2.3742525187570735,2.9522173503442666
209,2.9522173503442666,3.7517317049945356
210,3.7517317049945356,5.022691897836275
211,5.022691897836275,6.85002975918277
212,6.85002975918277,8.72228097500802
213,8.72228097500802,9.668241255473072
214,9.668241255473072,9.143340087724145
215,9.143340087724145,7.669727431633649
216,7.669727431633649,6.390151813813995
217,6.390151813813995,6.115815554673383
218,6.115815554673383,6.8563723913273
219,6.8563723913273,7.975537852709692
220,7.975537852709692,8.665278758723636
221,8.665278758723636,8.475113429800231
222,8.475113429800231,7.495283750674622
223,7.495283750674622,6.07462047977876
224,6.07462047977876,4.538397793899991
225,4.538397793899991,3.1852654266223386
226,3.1852654266223386,2.272807883167752
227,2.272807883167752,1.8856068828178958
228,1.8856068828178958,1.9226961657908768
229,1.9226961657908768,2.2549669111017803
230,2.2549669111017803,2.8540525663404157
231,2.8540525663404157,3.7410479541612203
232,3.7410479541612203,4.8046113973810884
233,4.8046113973810884,5.685713289139695
234,5.685713289139695,5.956196095792948
235,5.956196095792948,5.508511169694013
236,5.508511169694013,4.690961023077217
237,4.690961023077217,3.9598587568377237
238,3.9598587568377237,3.479555657946125
239,3.479555657946125,3.14808632269882
240,3.14808632269882,2.904590324408953
241,2.904590324408953,2.8618827462549703
242,2.8618827462549703,3.132982197659991
243,3.132982197659991,3.6130670638241726
244,3.6130670638241726,4.014272490923633
245,4.014272490923633,4.131376852555778
246,4.131376852555778,4.009262375629405
247,4.009262375629405,3.800376098372029
248,3.800376098372029,3.542386910178923
249,3.542386910178923,3.164673163617342
250,3.164673163617342,2.656921428299104
251,2.656921428299104,2.1331771240777258
252,2.1331771240777258,1.7341898051095852
253,1.7341898051095852,1.5160260552793032
254,1.5160260552793032,1.4374964851528973
255,1.4374964851528973,2.550503874045276
256,2.550503874045276,2.887053660412777
257,2.887053660412777,3.3827116087321905
258,3.3827116087321905,3.7808338127356365
259,3.7808338127356365,3.8943224030286885
260,3.8943224030286885,3.717806914248599
261,3.717806914248599,3.4173411059546943
262,3.4173411059546943,3.1983633819289734
263,3.1983633819289734,3.168497204784267
264,3.168497204784267,3.32567985596279
265,3.32567985596279,3.6872773787914506
266,3.6872773787914506,4.394724205619848
267,4.394724205619848,5.674806488369974
268,5.674806488369974,7.658931140224324
269,7.658931140224324,10.078935460626813
270,10.078935460626813,12.034124708032682
271,12.034124708032682,12.3518415284286
272,12.3518415284286,10.57646349202567
273,10.57646349202567,7.53288748022916
274,7.53288748022916,4.653856794978543
275,4.653856794978543,2.8599528192238424
276,2.8599528192238424,2.2260660730427744
277,2.2260660730427744,2.4405503712374825
278,2.4405503712374825,3.244164105309921
279,3.244164105309921,4.439729351153446
280,4.439729351153446,5.723953724541198
281,5.723953724541198,6.725737127761452
282,6.725737127761452,7.372450770043633
283,7.372450770043633,8.186461618391496
284,8.186461618391496,9.95404052305427
285,9.95404052305427,12.893324595180905
286,12.893324595180905,16.241159394732673
287,16.241159394732673,18.820915450932958
288,18.820915450932958,20.028364656847092
289,20.028364656847092,20.40597947625973
290,20.40597947625973,21.33135186835857
291,21.33135186835857,23.754346442303266
292,23.754346442303266,26.85404175641009
293,26.85404175641009,28.366078805562484
294,28.366078805562484,26.791486150287927
295,26.791486150287927,22.828427062148002
296,22.828427062148002,18.18444306853091
297,18.18444306853091,13.78971916862995
298,13.78971916862995,9.801727324890734
299,9.801727324890734,6.513111347213079
300,6.513111347213079,4.502562927284203
301,4.502562927284203,4.16919777218484
302,4.16919777218484,5.459601311721784
303,5.459601311721784,7.8204571543001915
304,7.8204571543001915,10.256071189541515
305,10.256071189541515,11.687735653051169
306,11.687735653051169,11.577534574919977
307,11.577534574919977,10.366523035881054
308,10.366523035881054,9.208470342545334
309,9.208470342545334,9.023068222304067
310,9.023068222304067,9.71041357828762
311,9.71041357828762,10.369291068630105
312,10.369291068630105,10.318689449668268
313,10.318689449668268,9.792018488459586
314,9.792018488459586,9.508656113893357
315,9.508656113893357,9.681714474552365
316,9.681714474552365,9.788887080267955
317,9.788887080267955,9.412367187103488
318,9.412367187103488,8.906765418284646
319,8.906765418284646,20.528330464514866
320,20.528330464514866,25.566159911806036
321,25.566159911806036,32.67500359051855
322,32.67500359051855,37.41313242094936
323,37.41313242094936,36.41723306503985
324,36.41723306503985,29.683518888406326
325,29.683518888406326,20.46541617799143
326,20.46541617799143,12.496630681329204
327,12.496630681329204,7.354623396847835
328,7.354623396847835,4.523544922367956
329,4.523544922367956,3.0720576630134326
330,3.0720576630134326,2.6495184748815115
331,2.6495184748815115,3.3094876573203593
332,3.3094876573203593,4.922987426041914
333,4.922987426041914,6.821745984017365
334,6.821745984017365,7.998462573247513
335,7.998462573247513,7.88524875557004
336,7.88524875557004,6.88346655644864
337,6.88346655644864,5.95903167317841
338,5.95903167317841,5.801539998788472
339,5.801539998788472,6.537310920101405
340,6.537310920101405,8.15062277188634
341,8.15062277188634,10.80383660851041
342,10.80383660851041,14.365590488090803
343,14.365590488090803,17.63272588930369
344,17.63272588930369,18.65828249323895
345,18.65828249323895,16.457860165485926
346,16.457860165485926,12.147233794988887
347,12.147233794988887,7.918283540662327
348,7.918283540662327,5.148685817668096
349,5.148685817668096,3.795289863528948
350,3.795289863528948,3.1603898427853676
351,3.1603898427853676,2.7289438386612135
352,2.7289438386612135,2.3734096224495684
353,2.3734096224495684,2.1492860967712026
354,2.1492860967712026,2.0883458342145724
355,2.0883458342145724,2.132810437842058
356,2.132810437842058,2.1903065005318187
357,2.1903065005318187,2.2251261125053396
358,2.2251261125053396,2.305676290582872
359,2.305676290582872,2.5323529017282307
360,2.5323529017282307,2.9125380246890478
361,2.9125380246890478,3.3782282235964636
362,3.3782282235964636,3.9330880863028024
363,3.9330880863028024,4.6268506514316465
364,4.6268506514316465,5.300420115850503
365,5.300420115850503,5.5546447680928015
366,5.5546447680928015,5.294980938226008
367,5.294980938226008,5.332613418456635
368,5.332613418456635,7.387730858351946
369,7.387730858351946,13.158706756503443
370,13.158706756503443,22.538377137078218
371,22.538377137078218,32.275753587064166
372,32.275753587064166,37.60648204773038
373,37.60648204773038,36.503024573721504
374,36.503024573721504,31.47777258829305
375,31.47777258829305,26.19536316083792
376,26.19536316083792,21.66123175850198
377,21.66123175850198,16.886884600916723
378,16.886884600916723,11.693519111273634
379,11.693519111273634,7.210547461834555
380,7.210547461834555,4.3541866061655625
381,4.3541866061655625,3.020795445379643
382,3.020795445379643,2.585352833093252
383,2.585352833093252,5.918431771402017
384,5.918431771402017,7.8097405034340595
385,7.8097405034340595,11.212744513782765
386,11.212744513782765,14.760170893297147
387,14.760170893297147,16.41319914447586
388,16.41319914447586,15.071847991323025
389,15.071847991323025,11.585616904012904
390,11.585616904012904,7.846302862461777
391,7.846302862461777,5.224273223096259
392,5.224273223096259,4.076772092306433
393,4.076772092306433,4.1852458111805335
394,4.1852458111805335,5.130281345676766
395,5.130281345676766,6.376122255315034
396,6.376122255315034,7.420192315786158
397,7.420192315786158,8.081037365433636
398,8.081037365433636,8.510861680992948
399,8.510861680992948,8.817212793567366
400,8.817212793567366,8.770134910841248
401,8.770134910841248,8.017243900400057
402,8.017243900400057,6.538830153724831
403,6.538830153724831,4.771690103620656
404,4.771690103620656,3.259556385008442
405,3.259556385008442,2.26442588141157
406,2.26442588141157,1.7415015856652623
407,1.7415015856652623,1.5852702609458849
408,1.5852702609458849,1.8143269955487267
409,1.8143269955487267,2.570869631990875
410,2.570869631990875,3.9938659904057086
411,3.9938659904057086,6.0347971297187675
412,6.0347971297187675,8.288064188638904
413,8.288064188638904,10.051711128906968
414,10.051711128906968,10.711036835900675
415,10.711036835900675,10.142574738601606
416,10.142574738601606,8.75034285746789
417,8.75034285746789,7.1370604204409815
418,7.1370604204409815,5.815984289253509
419,5.815984289253509,5.239197811989429
420,5.239197811989429,5.9823876393126945
421,5.9823876393126945,8.572180316773913
422,8.572180316773913,12.916779167923956
423,12.916779167923956,18.061471837069117
424,18.061471837069117,23.141632988467006
425,23.141632988467006,28.6624560404521
426,28.6624560404521,35.61796408369721
427,35.61796408369721,42.552049366806315
428,42.552049366806315,45.0229504703744
429,45.0229504703744,39.78273946277628
430,39.78273946277628,28.687301133559252
431,28.687301133559252,17.03203387036279
432,17.03203387036279,8.796352645432414
433,8.796352645432414,4.539104976521252
434,4.539104976521252,2.8420183395726446
435,2.8420183395726446,2.2748551599253033
436,2.2748551599253033,2.096465536021206
437,2.096465536021206,2.0625637984458383
438,2.0625637984458383,2.1231257424531256
439,2.1231257424531256,2.2362096642454867
440,2.2362096642454867,2.349069815748183
441,2.349069815748183,2.447217015592109
442,2.447217015592109,2.5622627678283463
443,2.5622627678283463,2.6934260691013967
444,2.6934260691013967,2.7678715422772573
445,2.7678715422772573,2.7350657586648075
446,2.7350657586648075,2.663042697472602
447,2.663042697472602,2.1223684670870213
448,2.1223684670870213,2.2374919794994472
449,2.2374919794994472,2.341995027501342
450,2.341995027501342,2.314174072691493
451,2.314174072691493,2.1474448391876733
452,2.1474448391876733,1.940909987141909
453,1.940909987141909,1.812901815070358
454,1.812901815070358,1.8302291912929172
455,1.8302291912929172,1.9895200874400676
456,1.9895200874400676,2.2644784943430065
457,2.2644784943430065,2.6827784469807425
458,2.6827784469807425,3.3069584529036593
459,3.3069584529036593,4.070685927144202
460,4.070685927144202,4.694172413507815
461,4.694172413507815,4.8891739699644425
462,4.8891739699644425,4.645534275807055
463,4.645534275807055,4.233590519802885
464,4.233590519802885,3.9652188249545466
465,3.9652188249545466,4.046961284497125
466,4.046961284497125,4.615868491663541
467,4.615868491663541,5.732054324615429
468,5.732054324615429,7.188886518269376
469,7.188886518269376,8.383639259682386
470,8.383639259682386,8.625442016039568
471,8.625442016039568,7.733054465418879
472,7.733054465418879,6.232680845516965
473,6.232680845516965,4.886987911359705
474,4.886987911359705,4.125662111432777
475,4.125662111432777,3.9182704046050407
476,3.9182704046050407,3.9984552357134664
477,3.9984552357134664,4.122611872271429
478,4.122611872271429,4.2294850477831645
479,4.2294850477831645,4.483487772104363
480,4.483487772104363,5.257452894680805
481,5.257452894680805,6.959711134947686
482,6.959711134947686,9.53390336922124
483,9.53390336922124,11.988388144400506
484,11.988388144400506,12.837016300840082
485,12.837016300840082,11.443703281596118
486,11.443703281596118,8.752024568947904
487,8.752024568947904,6.387227993036724
488,6.387227993036724,5.239927600572333
489,5.239927600572333,5.142752355194552
490,5.142752355194552,5.612428862384581
491,5.612428862384581,6.427923343428869
492,6.427923343428869,7.418257931866901
493,7.418257931866901,8.104552349981374
494,8.104552349981374,7.96722116147208
495,7.96722116147208,7.00643973280841
496,7.00643973280841,5.772577718591435
497,5.772577718591435,4.891733139456734
498,4.891733139456734,4.8227855713547925
499,4.8227855713547925,5.877844433327795
500,5.877844433327795,7.940308693866834
501,7.940308693866834,10.063827361359934
502,10.063827361359934,10.862671701116435
503,10.862671701116435,9.694627021004301
504,9.694627021004301,7.290888193656464
505,7.290888193656464,5.046023800835859
506,5.046023800835859,3.868267454093048
507,3.868267454093048,3.7481905112259817
508,3.7481905112259817,4.122132628586057
509,4.122132628586057,4.461921747330422
510,4.461921747330422,4.598581055726903
511,4.598581055726903,18.05655575245096
512,18.05655575245096,17.541888394973366
513,17.541888394973366,16.24987206166505
514,16.24987206166505,14.108888614370235
515,14.108888614370235,11.469928623064545
516,11.469928623064545,8.919506889172872
517,8.919506889172872,6.9516716480612875
518,6.9516716480612875,5.732879334458275
519,5.732879334458275,5.129236746811777
520,5.129236746811777,4.948620702395864
521,4.948620702395864,5.103013483842149
522,5.103013483842149,5.50501775394576
523,5.50501775394576,5.897718347159298
524,5.897718347159298,5.95907261906095
525,5.95907261906095,5.70770249798961
526,5.70770249798961,5.6988429482361935
527,5.6988429482361935,6.575126616004025
528,6.575126616004025,8.348642244646408
529,8.348642244646408,10.219565920615192
530,10.219565920615192,11.142227407542222
531,11.142227407542222,10.599824812829029
532,10.599824812829029,8.95365094505323
533,8.95365094505323,7.1676634084657875
534,7.1676634084657875,6.160408476613982
535,6.160408476613982,6.328527726105061
536,6.328527726105061,7.520350607458332
537,7.520350607458332,9.186949563638906
538,9.186949563638906,10.502816899326314
539,10.502816899326314,10.705222278979008
540,10.705222278979008,9.683296107223
541,9.683296107223,8.156415040707596
542,8.156415040707596,7.026410800488848
543,7.026410800488848,6.66279317484185
544,6.66279317484185,6.916760558401784
545,6.916760558401784,7.647986016270227
546,7.647986016270227,9.070531431277553
547,9.070531431277553,11.895880125729564
548,11.895880125729564,17.12574221001228
549,17.12574221001228,24.783885209118232
550,24.783885209118232,32.25644959757885
551,32.25644959757885,35.1279153633052
552,35.1279153633052,31.106589917107797
553,31.106589917107797,22.548579548436503
554,22.548579548436503,14.133148019307361
555,14.133148019307361,8.812252405693808
556,8.812252405693808,6.662560112519369
557,6.662560112519369,6.518433545179075
558,6.518433545179075,7.479347648610197
559,7.479347648610197,8.979227373572
560,8.979227373572,10.234811336676412
561,10.234811336676412,10.326961188474021
562,10.326961188474021,8.972686985103994
563,8.972686985103994,6.938942729282998
564,6.938942729282998,5.461026738921709
565,5.461026738921709,5.475236933121895
566,5.475236933121895,7.307315633374012
567,7.307315633374012,10.460910008001546
568,10.460910008001546,13.43251518731151
569,13.43251518731151,14.35889000304783
570,14.35889000304783,12.498639137928405
571,12.498639137928405,8.941189604556271
572,8.941189604556271,5.551681228992715
573,5.551681228992715,3.4323811312772112
574,3.4323811312772112,2.5652182160873505
575,2.5652182160873505,5.1005259269455365
576,5.1005259269455365,4.690275321045522
577,4.690275321045522,4.14195801047753
578,4.14195801047753,3.6815606905594267
579,3.6815606905594267,3.309328045768981
580,3.309328045768981,2.9542915558002782
581,2.9542915558002782,2.660483349798444
582,2.660483349798444,2.5421974272065224
583,2.5421974272065224,2.6359625154847848
584,2.6359625154847848,2.8748667745330003
585,2.8748667745330003,3.1640336598465826
586,3.1640336598465826,3.416834809684348
587,3.416834809684348,3.55713053036013
588,3.55713053036013,3.5549409058602803
589,3.5549409058602803,3.433257892025682
590,3.433257892025682,3.21037604992917
591,3.21037604992917,2.9017851240796793
592,2.9017851240796793,2.5913257723263095
593,2.5913257723263095,2.413045170582768
594,2.413045170582768,2.431095843245398
595,2.431095843245398,2.5965341936804665
596,2.5965341936804665,2.8409740583353194
597,2.8409740583353194,3.174908285453683
598,3.174908285453683,3.653234923724428
599,3.653234923724428,4.242209601468015
600,4.242209601468015,4.754183815673031
601,4.754183815673031,4.956593255624757
602,4.956593255624757,4.7643689312133475
603,4.7643689312133475,4.307425031488433
604,4.307425031488433,3.8070596265007937
605,3.8070596265007937,3.4317253606543727
606,3.4317253606543727,3.3414948648595417
607,3.3414948648595417,3.841657132997968
608,3.841657132997968,5.416186964819914
609,5.416186964819914,8.42648175724993
610,8.42648175724993,12.495514903962759
611,12.495514903962759,16.12422906143658
612,16.12422906143658,17.395074839872983
613,17.395074839872983,15.580496389425168
614,15.580496389425168,11.909854652142297
615,11.909854652142297,8.43678255032848
616,8.43678255032848,6.41864433394933
617,6.41864433394933,5.937774706755736
618,5.937774706755736,6.496920218272466
619,6.496920218272466,7.479828365046906
620,7.479828365046906,8.3716679698931
621,8.3716679698931,9.166614249476183
622,9.166614249476183,10.62896475764769
623,10.62896475764769,14.006635764365363
624,14.006635764365363,20.283449636777632
625,20.283449636777632,28.94404430381544
626,28.94404430381544,36.84168741299198
627,36.84168741299198,39.363950356278224
628,39.363950356278224,34.34870621351205
629,34.34870621351205,24.461872734195218
630,24.461872734195218,14.656110866735874
631,14.656110866735874,7.974905228088313
632,7.974905228088313,4.475003729770169
633,4.475003729770169,2.9434606687537532
634,2.9434606687537532,2.409541605790846
635,2.409541605790846,2.395654683475957
636,2.395654683475957,2.6592824709625624
637,2.6592824709625624,3.012109802026183
638,3.012109802026183,3.25769631834857
639,3.25769631834857,81.09493737725535
640,81.09493737725535,69.68643057991862
641,69.68643057991862,51.710256669090306
642,51.710256669090306,33.56992127879914
643,33.56992127879914,19.73917601614515
644,19.73917601614515,11.47894388475698
645,11.47894388475698,7.674504430465848
646,7.674504430465848,6.409735231421743
647,6.409735231421743,6.175396878845448
648,6.175396878845448,6.356606122630947
649,6.356606122630947,7.138520181400194
650,7.138520181400194,9.03348831422842
651,9.03348831422842,12.172026340339116
652,12.172026340339116,15.812281520406893
653,15.812281520406893,18.683691260152198
654,18.683691260152198,19.8895631926882
655,19.8895631926882,19.302835727558353
656,19.302835727558353,17.232237521748978
657,17.232237521748978,14.20422733869356
658,14.20422733869356,10.985499628002103
659,10.985499628002103,8.271614674979668
660,8.271614674979668,6.3113588761575645
661,6.3113588761575645,5.03313020056142
662,5.03313020056142,4.35198561770407
663,4.35198561770407,4.159185803020639
664,4.159185803020639,4.167820203547273
665,4.167820203547273,4.027118522491264
666,4.027118522491264,3.613757134969447
667,3.613757134969447,3.1122463375503693
668,3.1122463375503693,2.8277629529654402
669,2.8277629529654402,3.0576669040365223
670,3.0576669040365223,4.1835147929469025
671,4.1835147929469025,6.598292025967923
672,6.598292025967923,10.144738729650602
673,10.144738729650602,13.61948575585317
674,13.61948575585317,15.336811217848359
675,15.336811217848359,14.531740914074252
676,14.531740914074252,11.961471903663092
677,11.961471903663092,9.001164163233742
678,9.001164163233742,6.535011134022195
679,6.535011134022195,4.787150989461988
680,4.787150989461988,3.689404521434411
681,3.689404521434411,3.1032109749099086
682,3.1032109749099086,2.8707111317016336
683,2.8707111317016336,2.8523038407074646
684,2.8523038407074646,2.957613343029188
685,2.957613343029188,3.1671865720317904
686,3.1671865720317904,3.562485847337207
687,3.562485847337207,4.329159213322996
688,4.329159213322996,5.654165267450944
689,5.654165267450944,7.449090763020693
690,7.449090763020693,9.097351019196992
691,9.097351019196992,9.704276692970682
692,9.704276692970682,8.858063471296227
693,8.858063471296227,7.045833473539478
694,7.045833473539478,5.147944707657576
695,5.147944707657576,3.695592371056734
696,3.695592371056734,2.7823587721309577
697,2.7823587721309577,2.4760249571065356
698,2.4760249571065356,3.0965288305155747
699,3.0965288305155747,5.110429911565812
700,5.110429911565812,8.637349926383955
701,8.637349926383955,12.800719144021222
702,12.800719144021222,15.717696768087496
