,Curvature_n,Curvature_n1
0,88.20926699889063,88.46124448773628
1,88.46124448773628,88.78907470110394
2,88.78907470110394,88.67971012325671
3,88.67971012325671,87.36750816771205
4,87.36750816771205,84.10667995169635
5,84.10667995169635,78.58689543581914
6,78.58689543581914,71.70479828378792
7,71.70479828378792,65.88722075911437
8,65.88722075911437,63.68170181347969
9,63.68170181347969,65.59662060624528
10,65.59662060624528,69.70555454055994
11,69.70555454055994,73.31160058939678
12,73.31160058939678,74.82213673940872
13,74.82213673940872,74.75285545488974
14,74.75285545488974,75.36759332527356
15,75.36759332527356,78.6359971830062
16,78.6359971830062,84.04153957811658
17,84.04153957811658,88.70334435062838
18,88.70334435062838,89.80362951847405
19,89.80362951847405,86.96458867010728
20,86.96458867010728,82.53319055759425
21,82.53319055759425,79.51422513242522
22,79.51422513242522,79.19357244482393
23,79.19357244482393,80.79991252995916
24,80.79991252995916,82.92371088590671
25,82.92371088590671,84.6768150485473
26,84.6768150485473,85.86334317056873
27,85.86334317056873,86.73451972991573
28,86.73451972991573,87.57759232336274
29,87.57759232336274,88.42926301220629
30,88.42926301220629,89.25393532069457
31,89.25393532069457,90.07523720653177
32,90.07523720653177,90.60702389714012
33,90.60702389714012,90.20733051406876
34,90.20733051406876,88.6499422362154
35,88.6499422362154,86.55394548168883
36,86.55394548168883,84.5445669540965
37,84.5445669540965,82.31371559956955
38,82.31371559956955,79.17342553425115
39,79.17342553425115,75.44372144080647
40,75.44372144080647,72.62298213918842
41,72.62298213918842,72.03127414087994
42,72.03127414087994,73.62736070498498
43,73.62736070498498,75.99851120924087
44,75.99851120924087,77.38206491072731
45,77.38206491072731,77.04722403351313
46,77.04722403351313,75.73512845930948
47,75.73512845930948,74.4809478609873
48,74.4809478609873,73.21262793203869
49,73.21262793203869,71.15966242633647
50,71.15966242633647,68.72139893546608
51,68.72139893546608,68.04302016930474
52,68.04302016930474,71.0009883886871
53,71.0009883886871,76.89180423281162
54,76.89180423281162,82.82115588429721
55,82.82115588429721,86.45781896384668
56,86.45781896384668,87.88548288941337
57,87.88548288941337,88.72134928193879
58,88.72134928193879,90.1522013768475
59,90.1522013768475,92.19830423523453
60,92.19830423523453,94.2902341506304
61,94.2902341506304,95.90739493082509
62,95.90739493082509,96.76530899030752
63,96.76530899030752,98.75175023311773
64,98.75175023311773,96.57739332663081
65,96.57739332663081,94.29331779878521
66,94.29331779878521,94.07464544088944
67,94.07464544088944,96.07517651668415
68,96.07517651668415,98.17252727166581
69,98.17252727166581,97.9714641591001
70,97.9714641591001,95.12791432506208
71,95.12791432506208,91.61489212671461
72,91.61489212671461,89.6689393697477
73,89.6689393697477,89.705744814388
74,89.705744814388,90.4753240745471
75,90.4753240745471,90.79228114387911
76,90.79228114387911,90.3516247867438
77,90.3516247867438,89.0755403197941
78,89.0755403197941,86.94317522659122
79,86.94317522659122,84.81644786077995
80,84.81644786077995,84.11940827943278
81,84.11940827943278,85.00433341348713
82,85.00433341348713,85.78752952257925
83,85.78752952257925,84.91626021855654
84,84.91626021855654,82.8438534921074
85,82.8438534921074,81.29581383032668
86,81.29581383032668,81.24238360875708
87,81.24238360875708,82.33879476136612
88,82.33879476136612,83.99378095657114
89,83.99378095657114,86.13078599097884
90,86.13078599097884,88.68690773405041
91,88.68690773405041,90.76687744974829
92,90.76687744974829,90.67166960541985
93,90.67166960541985,87.10546602615548
94,87.10546602615548,80.86055742412164
95,80.86055742412164,75.11061964069158
96,75.11061964069158,73.15132721812034
97,73.15132721812034,75.63716487852358
98,75.63716487852358,80.56483286122719
99,80.56483286122719,85.8299824032973
100,85.8299824032973,90.87078974120831
101,90.87078974120831,95.63974203409862
102,95.63974203409862,99.12528758918552
103,99.12528758918552,99.8758752125753
104,99.8758752125753,97.66225822667107
105,97.66225822667107,93.93913453056891
106,93.93913453056891,90.82300188361486
107,90.82300188361486,89.83005562607525
108,89.83005562607525,91.10580551937015
109,91.10580551937015,93.42351431963127
110,93.42351431963127,95.23942952948643
111,95.23942952948643,96.09851043215122
112,96.09851043215122,96.84619961917345
113,96.84619961917345,98.37290508377359
114,98.37290508377359,100.3327547800842
115,100.3327547800842,101.15486416092214
116,101.15486416092214,99.24332737903771
117,99.24332737903771,94.26376707148967
118,94.26376707148967,87.64241624829603
119,87.64241624829603,82.02855025132101
120,82.02855025132101,79.78164493958234
121,79.78164493958234,81.30249465497187
122,81.30249465497187,84.48785164638836
123,84.48785164638836,85.90994933585999
124,85.90994933585999,83.29290883952646
125,83.29290883952646,77.65044251644579
126,77.65044251644579,72.97126365997258
127,72.97126365997258,83.5713222916828
128,83.5713222916828,84.55727155727456
129,84.55727155727456,85.68677124963088
130,85.68677124963088,85.94971416156639
131,85.94971416156639,84.95419001458109
132,84.95419001458109,83.384772150643
133,83.384772150643,82.71608649520543
134,82.71608649520543,84.08657468833829
135,84.08657468833829,87.23487749348085
136,87.23487749348085,90.68911330199626
137,90.68911330199626,93.2167831582953
138,93.2167831582953,95.00037280046229
139,95.00037280046229,97.11280283825623
140,97.11280283825623,100.06604324929276
141,100.06604324929276,103.18769844337427
142,103.18769844337427,105.04407731590248
143,105.04407731590248,104.2911859869154
144,104.2911859869154,100.64524037078078
145,100.64524037078078,95.40485190826703
146,95.40485190826703,90.85381361959651
147,90.85381361959651,88.89971948636588
148,88.89971948636588,89.84448793975031
149,89.84448793975031,91.91585727953785
150,91.91585727953785,92.28190354964093
151,92.28190354964093,89.4930475411401
152,89.4930475411401,85.08571584997127
153,85.08571584997127,82.09160827080716
154,82.09160827080716,81.96984147444032
155,81.96984147444032,83.57341021182823
156,83.57341021182823,84.91497657663245
157,84.91497657663245,85.13531052459922
158,85.13531052459922,84.60349831934211
159,84.60349831934211,83.71472076268061
160,83.71472076268061,82.06253051146652
161,82.06253051146652,79.05388107943146
162,79.05388107943146,75.19460783571745
163,75.19460783571745,72.0135665286549
164,72.0135665286549,70.39124790965127
165,70.39124790965127,69.78518004376625
166,69.78518004376625,69.48089832210177
167,69.48089832210177,69.72403064985329
168,69.72403064985329,71.16388776162215
169,71.16388776162215,73.9469058087537
170,73.9469058087537,77.83977610993894
171,77.83977610993894,82.65772065816195
172,82.65772065816195,88.05798141966763
173,88.05798141966763,93.33361652798034
174,93.33361652798034,97.89170439253803
175,97.89170439253803,101.65336143372483
176,101.65336143372483,104.59160846326179
177,104.59160846326179,106.07903474134056
178,106.07903474134056,104.96555156176773
179,104.96555156176773,100.38005840919419
180,100.38005840919419,92.61318336064411
181,92.61318336064411,83.3990719989512
182,83.3990719989512,75.20231710128587
183,75.20231710128587,69.98633218994985
184,69.98633218994985,68.63164255289692
185,68.63164255289692,70.96565594556323
186,70.96565594556323,75.26593402146301
187,75.26593402146301,78.03388970747301
188,78.03388970747301,76.13104667740492
189,76.13104667740492,70.16566128299662
190,70.16566128299662,64.85376680019462
191,64.85376680019462,72.96099232339839
192,72.96099232339839,68.43070711779762
193,68.43070711779762,60.81325887178239
194,60.81325887178239,53.06721816399287
195,53.06721816399287,48.376372255551196
196,48.376372255551196,48.15700187857489
197,48.15700187857489,51.564835448776925
198,51.564835448776925,56.72366360130083
199,56.72366360130083,62.05876757545764
200,62.05876757545764,66.84131504230314
201,66.84131504230314,71.06221470302923
202,71.06221470302923,74.83907911795147
203,74.83907911795147,77.86110003180622
204,77.86110003180622,79.66549598638328
205,79.66549598638328,80.36656639893327
206,80.36656639893327,80.69897693308923
207,80.69897693308923,81.25141003155022
208,81.25141003155022,81.98356262126298
209,81.98356262126298,82.52415336253301
210,82.52415336253301,82.77439549471333
211,82.77439549471333,83.17134891024733
212,83.17134891024733,84.1064766129931
213,84.1064766129931,84.67436893175028
214,84.67436893175028,82.64531536998541
215,82.64531536998541,77.00797163090829
216,77.00797163090829,70.49427787718307
217,70.49427787718307,67.98028235232945
218,67.98028235232945,71.76712142264799
219,71.76712142264799,79.33469693151713
220,79.33469693151713,85.97277247330803
221,85.97277247330803,88.78134760941889
222,88.78134760941889,88.01441288772449
223,88.01441288772449,85.5550369593787
224,85.5550369593787,82.98161560362465
225,82.98161560362465,80.9510030224701
226,80.9510030224701,79.6308884107059
227,79.6308884107059,79.05649514576902
228,79.05649514576902,79.27775802646487
229,79.27775802646487,80.52514592483038
230,80.52514592483038,82.95752268253021
231,82.95752268253021,85.97526242038239
232,85.97526242038239,88.20718789769862
233,88.20718789769862,88.34903658931344
234,88.34903658931344,85.87805461985117
235,85.87805461985117,81.17382333670515
236,81.17382333670515,75.54978500797746
237,75.54978500797746,71.04562199513754
238,71.04562199513754,69.29614352388843
239,69.29614352388843,70.075786172893
240,70.075786172893,71.12654629046241
241,71.12654629046241,69.803018207891
242,69.803018207891,65.25180680633304
243,65.25180680633304,59.40675915207126
244,59.40675915207126,55.927640917571225
245,55.927640917571225,57.52749241939493
246,57.52749241939493,63.72388422847888
247,63.72388422847888,71.07281333919721
248,71.07281333919721,75.8036449564327
249,75.8036449564327,76.33642277461132
250,76.33642277461132,73.64680676216446
251,73.64680676216446,69.82100181482843
252,69.82100181482843,66.47457413729339
253,66.47457413729339,64.21850867692592
254,64.21850867692592,63.10209445859188
255,63.10209445859188,62.29649810750322
256,62.29649810750322,59.82504966515218
257,59.82504966515218,55.56985581616292
258,55.56985581616292,51.143569395207976
259,51.143569395207976,48.68750335697941
260,48.68750335697941,49.363567008142105
261,49.363567008142105,52.13590078392941
262,52.13590078392941,54.66014546516109
263,54.66014546516109,55.49839112441334
264,55.49839112441334,55.18046312610002
265,55.18046312610002,55.22612272428851
266,55.22612272428851,56.477354933796605
267,56.477354933796605,58.50949559909277
268,58.50949559909277,60.592562089403486
269,60.592562089403486,62.973983478775345
270,62.973983478775345,66.54836305527618
271,66.54836305527618,71.08027725981434
272,71.08027725981434,74.7855584808097
273,74.7855584808097,76.49175831964726
274,76.49175831964726,77.1903296103396
275,77.1903296103396,78.4194148249683
276,78.4194148249683,79.83475932666965
277,79.83475932666965,79.39093306088604
278,79.39093306088604,75.66475182294887
279,75.66475182294887,69.56435053852077
280,69.56435053852077,63.938710549705476
281,63.938710549705476,61.74138250838864
282,61.74138250838864,64.2637112678061
283,64.2637112678061,70.46023145848828
284,70.46023145848828,77.53645159288351
285,77.53645159288351,82.52781876965706
286,82.52781876965706,84.06384358872796
287,84.06384358872796,83.01678510571088
288,83.01678510571088,81.26030133103474
289,81.26030133103474,79.70060196083335
290,79.70060196083335,78.05245482442444
291,78.05245482442444,76.65937541245808
292,76.65937541245808,77.10032836210641
293,77.10032836210641,79.84621399661128
294,79.84621399661128,82.3768943759627
295,82.3768943759627,81.22562452902696
296,81.22562452902696,75.76784283284874
297,75.76784283284874,69.23552399621437
298,69.23552399621437,65.94772230977487
299,65.94772230977487,67.63797460207533
300,67.63797460207533,72.24730928483112
301,72.24730928483112,76.2081372699623
302,76.2081372699623,77.71715617586256
303,77.71715617586256,77.40651153225609
304,77.40651153225609,76.3473046084965
305,76.3473046084965,74.57280389020802
306,74.57280389020802,71.79031463881589
307,71.79031463881589,68.56189522289151
308,68.56189522289151,66.15597156637331
309,66.15597156637331,65.53060257564671
310,65.53060257564671,66.79511686277621
311,66.79511686277621,69.34033967888836
312,69.34033967888836,72.17021775095563
313,72.17021775095563,74.42653045139365
314,74.42653045139365,76.03565485987104
315,76.03565485987104,77.77965111635572
316,77.77965111635572,80.35349220235625
317,80.35349220235625,83.35316644309438
318,83.35316644309438,85.4250670511062
319,85.4250670511062,72.77620815695207
320,72.77620815695207,69.44752184865169
321,69.44752184865169,62.51575115214516
322,62.51575115214516,53.21016351750126
323,53.21016351750126,44.91702878007454
324,44.91702878007454,41.08712525705816
325,41.08712525705816,42.677753390894345
326,42.677753390894345,48.14716144894972
327,48.14716144894972,55.37511339234109
328,55.37511339234109,62.91775625490703
329,62.91775625490703,69.7398542206041
330,69.7398542206041,74.49176663829812
331,74.49176663829812,75.78299532851563
332,75.78299532851563,73.6649323477084
333,73.6649323477084,70.21915509863648
334,70.21915509863648,67.81517390481288
335,67.81517390481288,67.17582433826156
336,67.17582433826156,67.66338554303805
337,67.66338554303805,68.43176219536129
338,68.43176219536129,68.25166145494333
339,68.25166145494333,65.23438620355654
340,65.23438620355654,58.62673676873088
341,58.62673676873088,50.9366860670458
342,50.9366860670458,46.83322365683578
343,46.83322365683578,49.1825264811409
344,49.1825264811409,56.587673867407915
345,56.587673867407915,64.85816812556556
346,64.85816812556556,70.46327505551088
347,70.46327505551088,72.65139340512752
348,72.65139340512752,72.82496066404934
349,72.82496066404934,72.31187712024806
350,72.31187712024806,70.98904468628592
351,70.98904468628592,67.95980172773274
352,67.95980172773274,63.170215744877915
353,63.170215744877915,58.12882828973573
354,58.12882828973573,55.12413306994129
355,55.12413306994129,55.52570385549832
356,55.52570385549832,58.53460495248641
357,58.53460495248641,61.610590359468816
358,61.610590359468816,62.25984482074976
359,62.25984482074976,59.520415091265235
360,59.520415091265235,54.375232161913466
361,54.375232161913466,49.309350651817525
362,49.309350651817525,46.911654598688045
363,46.911654598688045,47.97912502333575
364,47.97912502333575,51.07503941235496
365,51.07503941235496,54.17379510480207
366,54.17379510480207,56.15297564088003
367,56.15297564088003,56.766812129513795
368,56.766812129513795,56.51960187608236
369,56.51960187608236,56.946430324568944
370,56.946430324568944,59.62953604628204
371,59.62953604628204,64.16049127120972
372,64.16049127120972,67.8129326299337
373,67.8129326299337,67.65785879034719
374,67.65785879034719,62.82038165907413
375,62.82038165907413,55.01531031605907
376,55.01531031605907,47.631127859239655
377,47.631127859239655,44.16580621342331
378,44.16580621342331,46.38169972235764
379,46.38169972235764,53.01491516514011
380,53.01491516514011,60.54509779183865
381,60.54509779183865,65.8855208182778
382,65.8855208182778,68.2523590417595
383,68.2523590417595,53.0768581103465
384,53.0768581103465,51.846793819900164
385,51.846793819900164,50.15442752203906
386,50.15442752203906,49.4676824337048
387,49.4676824337048,50.857972627154325
388,50.857972627154325,53.767907999761924
389,53.767907999761924,56.48565293845087
390,56.48565293845087,57.94892840507921
391,57.94892840507921,58.80311986118149
392,58.80311986118149,60.490520657806
393,60.490520657806,63.407810283411955
394,63.407810283411955,66.29875334241713
395,66.29875334241713,67.72382974835654
396,67.72382974835654,67.62202934558552
397,67.62202934558552,66.91723009251841
398,66.91723009251841,66.0305280482649
399,66.0305280482649,64.30153890485265
400,64.30153890485265,60.67869961391985
401,60.67869961391985,54.83584850904186
402,54.83584850904186,48.06355158289355
403,48.06355158289355,43.154877831469584
404,43.154877831469584,42.68576615038796
405,42.68576615038796,46.89385994362871
406,46.89385994362871,53.21330680912361
407,53.21330680912361,57.959446781549175
408,57.959446781549175,58.654420444788656
409,58.654420444788656,55.331127073277
410,55.331127073277,50.310773904574646
411,50.310773904574646,46.736599977332894
412,46.736599977332894,46.52966321761249
413,46.52966321761249,49.27167716291784
414,49.27167716291784,53.01944989730261
415,53.01944989730261,56.02043061573367
416,56.02043061573367,57.26646265376404
417,57.26646265376404,55.78086764274952
418,55.78086764274952,50.885477293702834
419,50.885477293702834,43.82790016413483
420,43.82790016413483,37.8813090007345
421,37.8813090007345,35.750173828009814
422,35.750173828009814,37.2350041893841
423,37.2350041893841,39.72991144801313
424,39.72991144801313,40.68020178630814
425,40.68020178630814,39.668050603441515
426,39.668050603441515,38.65147875448088
427,38.65147875448088,40.169566960793055
428,40.169566960793055,45.14651194518
429,45.14651194518,52.451337304620736
430,52.451337304620736,60.14472406834278
431,60.14472406834278,66.49978559870664
432,66.49978559870664,69.95497016598806
433,69.95497016598806,69.18691589369193
434,69.18691589369193,64.17426477400817
435,64.17426477400817,56.99299346470862
436,56.99299346470862,50.84163944906204
437,50.84163944906204,47.8552958278602
438,47.8552958278602,47.82273935627124
439,47.82273935627124,49.07447541303841
440,49.07447541303841,50.285474974253326
441,50.285474974253326,50.80046451255652
442,50.80046451255652,49.67741055027171
443,49.67741055027171,45.88933437730567
444,45.88933437730567,39.87353773560727
445,39.87353773560727,33.83685938044611
446,33.83685938044611,30.178977004943953
447,30.178977004943953,72.94114128192174
448,72.94114128192174,72.06383087311679
449,72.06383087311679,68.65225660790892
450,68.65225660790892,61.38706233589126
451,61.38706233589126,51.276264189848995
452,51.276264189848995,41.40292517875184
453,41.40292517875184,34.55588097775527
454,34.55588097775527,31.374113740417567
455,31.374113740417567,30.94115642407843
456,30.94115642407843,32.74561597008528
457,32.74561597008528,37.40333681208682
458,37.40333681208682,45.3457383632789
459,45.3457383632789,55.38292617506968
460,55.38292617506968,64.93546322619903
461,64.93546322619903,71.34919560046637
462,71.34919560046637,72.92450846506576
463,72.92450846506576,69.36054246331139
464,69.36054246331139,61.69582269746934
465,61.69582269746934,51.76570823283057
466,51.76570823283057,41.67062499787785
467,41.67062499787785,33.72115282090206
468,33.72115282090206,30.300782524138157
469,30.300782524138157,32.89012669625753
470,32.89012669625753,40.50474288489802
471,40.50474288489802,49.167644117809274
472,49.167644117809274,53.94749915171073
473,53.94749915171073,52.5268380628583
474,52.5268380628583,46.984870123877876
475,46.984870123877876,42.095110640589105
476,42.095110640589105,41.84424038806818
477,41.84424038806818,46.71247767557121
478,46.71247767557121,53.26802172977743
479,53.26802172977743,56.533011838081265
480,56.533011838081265,53.6959492228638
481,53.6959492228638,46.04430881956943
482,46.04430881956943,37.59481553418299
483,37.59481553418299,32.222012836723266
484,32.222012836723266,31.70016363522368
485,31.70016363522368,35.220945773611184
486,35.220945773611184,39.989681636510866
487,39.989681636510866,42.91995791051484
488,42.91995791051484,42.85716418843146
489,42.85716418843146,41.40263612199451
490,41.40263612199451,41.104785490182046
491,41.104785490182046,42.84904558882297
492,42.84904558882297,45.3936545340935
493,45.3936545340935,47.11527001642024
494,47.11527001642024,47.76264318312264
495,47.76264318312264,48.69886246901331
496,48.69886246901331,51.415780731693516
497,51.415780731693516,55.695897790778744
498,55.695897790778744,59.745565451496375
499,59.745565451496375,62.12267942376183
500,62.12267942376183,62.80977441233241
501,62.80977441233241,62.71813605707425
502,62.71813605707425,62.93189920610095
503,62.93189920610095,63.897598615778605
504,63.897598615778605,64.73398823075253
505,64.73398823075253,63.854152842412915
506,63.854152842412915,60.49860261605181
507,60.49860261605181,55.326355512776516
508,55.326355512776516,49.78330452682946
509,49.78330452682946,45.314353103302324
510,45.314353103302324,42.88491730012019
511,42.88491730012019,58.45353894756636
512,58.45353894756636,58.69791307452455
513,58.69791307452455,59.52525538898725
514,59.52525538898725,60.82516879115073
515,60.82516879115073,61.37684308674417
516,61.37684308674417,59.54452055957873
517,59.54452055957873,54.86603263052646
518,54.86603263052646,48.54918132472376
519,48.54918132472376,42.426263015208306
520,42.426263015208306,38.13390211452141
521,38.13390211452141,37.387992868021
522,37.387992868021,41.74393911984413
523,41.74393911984413,50.946421308753976
524,50.946421308753976,61.93457765258164
525,61.93457765258164,70.30527236331612
526,70.30527236331612,73.05081168110908
527,73.05081168110908,70.09338562169317
528,70.09338562169317,63.67395139097874
529,63.67395139097874,56.575949780634105
530,56.575949780634105,50.921058531898176
531,50.921058531898176,48.08833486380995
532,48.08833486380995,48.4947999931749
533,48.4947999931749,50.887952044139986
534,50.887952044139986,53.00042337755249
535,53.00042337755249,53.62596825179129
536,53.62596825179129,53.162384204446866
537,53.162384204446866,51.902403110988224
538,51.902403110988224,49.19686694432599
539,49.19686694432599,44.787643304134164
540,44.787643304134164,39.87700938583168
541,39.87700938583168,36.36054235569009
542,36.36054235569009,35.56796466784633
543,35.56796466784633,37.668589383888005
544,37.668589383888005,41.767271310376515
545,41.767271310376515,46.71631153540882
546,46.71631153540882,52.15657141123379
547,52.15657141123379,58.441405665000254
548,58.441405665000254,65.37221547328086
549,65.37221547328086,71.44295386737403
550,71.44295386737403,74.65629635005048
551,74.65629635005048,74.03629585252261
552,74.03629585252261,70.46374186361054
553,70.46374186361054,66.16385817671654
554,66.16385817671654,63.175237957282064
555,63.175237957282064,62.04130690641868
556,62.04130690641868,61.79881252226432
557,61.79881252226432,61.031863953846674
558,61.031863953846674,59.113219858753816
559,59.113219858753816,56.854918348840656
560,56.854918348840656,55.717849211225854
561,55.717849211225854,55.87048077539496
562,55.87048077539496,55.519779698583065
563,55.519779698583065,52.925850358177826
564,52.925850358177826,48.692146747306694
565,48.692146747306694,45.36191563568691
566,45.36191563568691,45.06549191228912
567,45.06549191228912,47.96997592096155
568,47.96997592096155,52.51057236224207
569,52.51057236224207,56.72175719333281
570,56.72175719333281,59.71317359367474
571,59.71317359367474,62.031789413389845
572,62.031789413389845,64.52838942763447
573,64.52838942763447,67.13632135249489
574,67.13632135249489,68.89056394049702
575,68.89056394049702,65.19403467229664
576,65.19403467229664,64.98622646235636
577,64.98622646235636,62.210227023737986
578,62.210227023737986,55.44019177296248
579,55.44019177296248,47.01733558825904
580,47.01733558825904,41.73990984484912
581,41.73990984484912,42.35988903442843
582,42.35988903442843,46.89699866596236
583,46.89699866596236,50.81447180217623
584,50.81447180217623,51.33538237189484
585,51.33538237189484,49.265468878471964
586,49.265468878471964,47.25870308996657
587,47.25870308996657,47.271498035540105
588,47.271498035540105,49.753930367678265
589,49.753930367678265,54.24384917285737
590,54.24384917285737,59.67978459630761
591,59.67978459630761,64.26769436382106
592,64.26769436382106,66.01532231966155
593,66.01532231966155,63.94707058066547
594,63.94707058066547,58.85637804563163
595,58.85637804563163,52.952697411257596
596,52.952697411257596,48.74377273570687
597,48.74377273570687,47.452898610589116
598,47.452898610589116,47.791167365764444
599,47.791167365764444,46.87835633581759
600,46.87835633581759,43.221288750213276
601,43.221288750213276,38.48596703314405
602,38.48596703314405,35.82816544783795
603,35.82816544783795,36.944728174261414
604,36.944728174261414,41.2178430729397
605,41.2178430729397,47.23063509551305
606,47.23063509551305,54.06388423922132
607,54.06388423922132,60.78483910496778
608,60.78483910496778,65.58510130079904
609,65.58510130079904,66.7686423156116
610,66.7686423156116,64.71723089357496
611,64.71723089357496,61.695826013790445
612,61.695826013790445,59.34328662031528
613,59.34328662031528,57.224878114458065
614,57.224878114458065,54.12230615757282
615,54.12230615757282,49.86466741172748
616,49.86466741172748,45.40408942873255
617,45.40408942873255,41.83351255593028
618,41.83351255593028,40.01601387511891
619,40.01601387511891,40.4904668805584
620,40.4904668805584,42.77948685242537
621,42.77948685242537,45.19905240016864
622,45.19905240016864,46.125808076066455
623,46.125808076066455,45.34926953152544
624,45.34926953152544,43.780368222707274
625,43.780368222707274,42.257687376729635
626,42.257687376729635,41.208955290822416
627,41.208955290822416,41.16754461742461
628,41.16754461742461,42.87316188543166
629,42.87316188543166,46.386928820464995
630,46.386928820464995,50.20173463893505
631,50.20173463893505,51.781017021670564
632,51.781017021670564,49.38498565132119
633,49.38498565132119,43.380929710533174
634,43.380929710533174,35.88079082653601
635,35.88079082653601,29.30959124275437
636,29.30959124275437,25.157868526401693
637,25.157868526401693,23.47248077841676
638,23.47248077841676,23.176812158341306
639,23.176812158341306,80.27254663752214
640,80.27254663752214,77.01075975091516
641,77.01075975091516,71.58499102143628
642,71.58499102143628,65.70830955895458
643,65.70830955895458,61.05154132734942
644,61.05154132734942,58.5416552928154
645,58.5416552928154,57.79226852109143
646,57.79226852109143,57.35537983845068
647,57.35537983845068,55.93103540071962
648,55.93103540071962,53.29311210236031
649,53.29311210236031,49.94609270890078
650,49.94609270890078,46.40866799913941
651,46.40866799913941,43.3365340403371
652,43.3365340403371,41.91579190787834
653,41.91579190787834,43.18583902704822
654,43.18583902704822,46.6835650269301
655,46.6835650269301,50.302755611627916
656,50.302755611627916,52.05556483012149
657,52.05556483012149,51.82716928400454
658,51.82716928400454,50.90296775416703
659,50.90296775416703,50.08052488125675
660,50.08052488125675,48.99534167776871
661,48.99534167776871,47.2668108484328
662,47.2668108484328,45.458070169595445
663,45.458070169595445,44.54405431346496
664,44.54405431346496,44.90240041301462
665,44.90240041301462,46.29173373426295
666,46.29173373426295,48.40634520293108
667,48.40634520293108,50.79771351343367
668,50.79771351343367,52.42282089520564
669,52.42282089520564,52.15766290746415
670,52.15766290746415,50.25663214326036
671,50.25663214326036,48.602258807292145
672,48.602258807292145,48.75412486182694
673,48.75412486182694,50.02731677544769
674,50.02731677544769,49.99256419367647
675,49.99256419367647,46.75247224513818
676,46.75247224513818,40.470364199083605
677,40.470364199083605,32.87360599488955
678,32.87360599488955,25.791029844622635
679,25.791029844622635,20.492547741286206
680,20.492547741286206,17.908606258954748
681,17.908606258954748,18.462305377632234
682,18.462305377632234,21.1935183621059
683,21.1935183621059,23.69719343019353
684,23.69719343019353,23.780640341940234
685,23.780640341940234,21.253585195346034
686,21.253585195346034,17.764990796312723
687,17.764990796312723,15.018914582446051
688,15.018914582446051,13.530690291887668
689,13.530690291887668,12.88835691136775
690,12.88835691136775,12.664081074552866
691,12.664081074552866,13.012957475924214
692,13.012957475924214,14.745142233628783
693,14.745142233628783,18.732305935166092
694,18.732305935166092,24.655104260383368
695,24.655104260383368,30.249022062175143
696,30.249022062175143,32.649911204503525
697,32.649911204503525,31.099789817921007
698,31.099789817921007,27.751476960252862
699,27.751476960252862,25.32460449726335
700,25.32460449726335,24.615256835886846
701,24.615256835886846,24.72977944352961
702,24.72977944352961,24.84944656020928
