,Curvature_n,Curvature_n1
0,128.06083221786412,121.83283178847243
1,121.83283178847243,109.63766987256402
2,109.63766987256402,92.77912805305009
3,92.77912805305009,74.10838667934927
4,74.10838667934927,57.77883243252206
5,57.77883243252206,48.65866619782639
6,48.65866619782639,50.70088018863882
7,50.70088018863882,63.53747890491124
8,63.53747890491124,80.45337707150523
9,80.45337707150523,92.07385139715602
10,92.07385139715602,93.30438600715634
11,93.30438600715634,86.068144362516
12,86.068144362516,75.8946307996008
13,75.8946307996008,67.39851277053998
14,67.39851277053998,62.46080084922829
15,62.46080084922829,60.7324854540318
16,60.7324854540318,61.204124655962374
17,61.204124655962374,62.763756938284445
18,62.763756938284445,63.23701922250746
19,63.23701922250746,59.78117981224699
20,59.78117981224699,51.762956212950925
21,51.762956212950925,42.318679532130275
22,42.318679532130275,35.819153768693674
23,35.819153768693674,33.911322052197725
24,33.911322052197725,35.220233214291476
25,35.220233214291476,38.946403610094514
26,38.946403610094514,46.31101411225244
27,46.31101411225244,56.73883231868061
28,56.73883231868061,64.95218574952881
29,64.95218574952881,65.41691330912768
30,65.41691330912768,59.15002404368492
31,59.15002404368492,52.85767152161172
32,52.85767152161172,51.313336292970675
33,51.313336292970675,53.288388805912255
34,53.288388805912255,54.86541386809477
35,54.86541386809477,53.428305883408626
36,53.428305883408626,48.00929765821468
37,48.00929765821468,39.01037131283328
38,39.01037131283328,28.75978920158707
39,28.75978920158707,20.38972429944467
40,20.38972429944467,15.444515676010688
41,15.444515676010688,13.178798812098035
42,13.178798812098035,11.900676658064329
43,11.900676658064329,10.547851441880498
44,10.547851441880498,9.205320759256608
45,9.205320759256608,8.523410047797794
46,8.523410047797794,8.79780413125116
47,8.79780413125116,9.8261235863278
48,9.8261235863278,11.65021451065564
49,11.65021451065564,15.12765210045244
50,15.12765210045244,21.48796325469484
51,21.48796325469484,30.944860670075933
52,30.944860670075933,41.601927017251185
53,41.601927017251185,50.30439725785979
54,50.30439725785979,54.924820514010165
55,54.924820514010165,55.040063628793106
56,55.040063628793106,50.651032510310856
57,50.651032510310856,42.14504921239944
58,42.14504921239944,31.468194129510884
59,31.468194129510884,21.44925196419944
60,21.44925196419944,13.870261527075991
61,13.870261527075991,9.044129338270318
62,9.044129338270318,6.7159137582783215
63,6.7159137582783215,97.28412549792536
64,97.28412549792536,103.25669674757555
65,103.25669674757555,113.24132263812514
66,113.24132263812514,121.3858789224483
67,121.3858789224483,119.94036450408751
68,119.94036450408751,105.4890005682949
69,105.4890005682949,82.53928189515383
70,82.53928189515383,60.49332745370576
71,60.49332745370576,47.43464570402413
72,47.43464570402413,45.55050469425793
73,45.55050469425793,50.089873491987
74,50.089873491987,52.65831968889019
75,52.65831968889019,47.658456110931866
76,47.658456110931866,36.39653028445461
77,36.39653028445461,24.921451628712347
78,24.921451628712347,18.838130871287635
79,18.838130871287635,20.649615652257605
80,20.649615652257605,30.124622233129976
81,30.124622233129976,45.1474841703018
82,45.1474841703018,62.2663194828841
83,62.2663194828841,77.85496162618624
84,77.85496162618624,89.9677799557937
85,89.9677799557937,98.93107096098343
86,98.93107096098343,105.67956789196603
87,105.67956789196603,109.94837291266403
88,109.94837291266403,111.07132338296817
89,111.07132338296817,109.77721405241401
90,109.77721405241401,107.50091666857077
91,107.50091666857077,104.11077131050799
92,104.11077131050799,97.81581445442497
93,97.81581445442497,87.38831322121351
94,87.38831322121351,74.0971911838751
95,74.0971911838751,61.779826224333405
96,61.779826224333405,54.26663011503063
97,54.26663011503063,51.68025274653404
98,51.68025274653404,50.4047845677474
99,50.4047845677474,47.83224128330349
100,47.83224128330349,45.11895128708806
101,45.11895128708806,43.74807006816607
102,43.74807006816607,42.00258192669043
103,42.00258192669043,37.14242809516335
104,37.14242809516335,29.374080337997437
105,29.374080337997437,21.633198229050542
106,21.633198229050542,16.50693410187391
107,16.50693410187391,14.466751099301202
108,14.466751099301202,14.261475102943542
109,14.261475102943542,14.20435479431773
110,14.20435479431773,13.527258416308594
111,13.527258416308594,12.92656164482359
112,12.92656164482359,13.807686657560083
113,13.807686657560083,16.898275685721543
114,16.898275685721543,21.517580497188927
115,21.517580497188927,26.21378664302339
116,26.21378664302339,30.26792901774741
117,30.26792901774741,34.435374828441496
118,34.435374828441496,40.017351534030084
119,40.017351534030084,47.1074895459619
120,47.1074895459619,53.41354615425483
121,53.41354615425483,55.11005542692695
122,55.11005542692695,49.93372523498341
123,49.93372523498341,39.49379205628155
124,39.49379205628155,27.916304592648387
125,27.916304592648387,18.791460313366372
126,18.791460313366372,13.93017630967908
127,13.93017630967908,51.67539981919539
128,51.67539981919539,53.30608457470791
129,53.30608457470791,53.79637701315638
130,53.79637701315638,49.90351689349178
131,49.90351689349178,41.001195780878746
132,41.001195780878746,30.110412728043055
133,30.110412728043055,21.531623594036922
134,21.531623594036922,17.542818841603662
135,17.542818841603662,17.47080401770338
136,17.47080401770338,19.06352648457936
137,19.06352648457936,20.262181708031306
138,20.262181708031306,20.37522276500023
139,20.37522276500023,20.245531215612445
140,20.245531215612445,21.321828166490292
141,21.321828166490292,24.409948522329373
142,24.409948522329373,28.95425286640927
143,28.95425286640927,32.84211125815024
144,32.84211125815024,33.36081974220965
145,33.36081974220965,29.63092179994931
146,29.63092179994931,23.956917535066296
147,23.956917535066296,19.689969809079503
148,19.689969809079503,17.95480567487388
149,17.95480567487388,17.383491649484437
150,17.383491649484437,16.711756336155418
151,16.711756336155418,16.59336700910703
152,16.59336700910703,18.67167458232356
153,18.67167458232356,23.417234469253057
154,23.417234469253057,29.008031071866867
155,29.008031071866867,32.170258680699135
156,32.170258680699135,30.53593244596412
157,30.53593244596412,24.65078536686187
158,24.65078536686187,17.61008735179441
159,17.61008735179441,12.793064367532446
160,12.793064367532446,12.05285659681928
161,12.05285659681928,15.42200295711073
162,15.42200295711073,21.484577223984104
163,21.484577223984104,28.04042883462433
164,28.04042883462433,33.15805239108691
165,33.15805239108691,35.949582397538286
166,35.949582397538286,36.48262189966855
167,36.48262189966855,35.49764301769588
168,35.49764301769588,34.38050905391367
169,34.38050905391367,34.53478119884307
170,34.53478119884307,36.09284222659102
171,36.09284222659102,37.617203905054396
172,37.617203905054396,37.54116027539929
173,37.54116027539929,35.56542604606627
174,35.56542604606627,32.44158085672507
175,32.44158085672507,28.99955290700119
176,28.99955290700119,25.75017427868567
177,25.75017427868567,23.063301631440403
178,23.063301631440403,21.373870912364048
179,21.373870912364048,21.28130845171384
180,21.28130845171384,23.418994760848065
181,23.418994760848065,28.064848638727238
182,28.064848638727238,34.620566640330466
183,34.620566640330466,41.1876609400434
184,41.1876609400434,44.932327086862095
185,44.932327086862095,43.95016626361317
186,43.95016626361317,39.33846835137466
187,39.33846835137466,34.74006927959128
188,34.74006927959128,33.29459676781748
189,33.29459676781748,35.042381739620474
190,35.042381739620474,37.25846238422554
191,37.25846238422554,22.310946111112433
192,22.310946111112433,20.6676151855046
193,20.6676151855046,18.000360428204154
194,18.000360428204154,15.834669630984603
195,15.834669630984603,15.941731405894087
196,15.941731405894087,18.891302367315074
197,18.891302367315074,23.29935635462583
198,23.29935635462583,26.530159179684098
199,26.530159179684098,26.413297073531666
200,26.413297073531666,22.992694056494894
201,22.992694056494894,18.9360742243728
202,18.9360742243728,18.02020466572694
203,18.02020466572694,22.685742374545878
204,22.685742374545878,32.11781403437251
205,32.11781403437251,42.00104137209758
206,42.00104137209758,47.00877197202374
207,47.00877197202374,44.94614610200153
208,44.94614610200153,38.368762486296546
209,38.368762486296546,31.652839614498497
210,31.652839614498497,27.071049095977003
211,27.071049095977003,24.236148997447362
212,24.236148997447362,22.33493561106789
213,22.33493561106789,21.392518783983245
214,21.392518783983245,21.143426244869758
215,21.143426244869758,20.13622206608663
216,20.13622206608663,17.191014045852423
217,17.191014045852423,13.145199131073332
218,13.145199131073332,10.337725823621247
219,10.337725823621247,10.607541603197333
220,10.607541603197333,13.951408414130386
221,13.951408414130386,18.50773652493037
222,18.50773652493037,21.8674201726313
223,21.8674201726313,23.151889311677962
224,23.151889311677962,23.859254747318346
225,23.859254747318346,26.181342224521348
226,26.181342224521348,30.466087902122368
227,30.466087902122368,34.69337680608808
228,34.69337680608808,36.73181098023272
229,36.73181098023272,37.04936907430822
230,37.04936907430822,38.34605736536532
231,38.34605736536532,42.01290148301207
232,42.01290148301207,45.859095207629366
233,45.859095207629366,46.19216320535458
234,46.19216320535458,41.65475415402709
235,41.65475415402709,34.33204054725477
236,34.33204054725477,27.496869185932475
237,27.496869185932475,22.981304293202598
238,22.981304293202598,20.586699770001832
239,20.586699770001832,19.25369710446683
240,19.25369710446683,18.28443906102555
241,18.28443906102555,17.570269895912944
242,17.570269895912944,17.147203999886187
243,17.147203999886187,17.002583652538835
244,17.002583652538835,17.605813649944203
245,17.605813649944203,20.361989249973377
246,20.361989249973377,26.57495144014208
247,26.57495144014208,35.32050956954973
248,35.32050956954973,42.90010983858599
249,42.90010983858599,45.38441344081573
250,45.38441344081573,41.62733622757099
251,41.62733622757099,33.45849844274194
252,33.45849844274194,23.839459201328296
253,23.839459201328296,15.552091151287925
254,15.552091151287925,10.781743962612618
255,10.781743962612618,36.083724816053106
256,36.083724816053106,33.575983553178794
257,33.575983553178794,28.30229327276227
258,28.30229327276227,21.127959429201887
259,21.127959429201887,14.126129953580405
260,14.126129953580405,9.21637511460099
261,9.21637511460099,7.505407309882676
262,7.505407309882676,9.649873137208791
263,9.649873137208791,15.781248094718613
264,15.781248094718613,24.64865466003431
265,24.64865466003431,33.721094129985104
266,33.721094129985104,41.20264605522589
267,41.20264605522589,47.42790679326339
268,47.42790679326339,52.874299399116325
269,52.874299399116325,55.587288176925355
270,55.587288176925355,52.91637789740989
271,52.91637789740989,45.83601991552503
272,45.83601991552503,39.345379229769094
273,39.345379229769094,37.697167549927904
274,37.697167549927904,40.07591523420075
275,40.07591523420075,41.73467289957961
276,41.73467289957961,39.15358148458523
277,39.15358148458523,33.09337943536955
278,33.09337943536955,26.669142265662117
279,26.669142265662117,22.238560988574633
280,22.238560988574633,20.654017166058278
281,20.654017166058278,21.71916273992483
282,21.71916273992483,24.27018311336156
283,24.27018311336156,26.604705210147912
284,26.604705210147912,27.35971182847367
285,27.35971182847367,25.927779093816284
286,25.927779093816284,22.50013934597139
287,22.50013934597139,18.16810675411477
288,18.16810675411477,14.548159094980363
289,14.548159094980363,12.80275248717273
290,12.80275248717273,12.890371004735767
291,12.890371004735767,13.741733783888538
292,13.741733783888538,14.21467349766776
293,14.21467349766776,14.103697935390413
294,14.103697935390413,14.439079069663098
295,14.439079069663098,16.586816347658456
296,16.586816347658456,20.63906618609301
297,20.63906618609301,24.870557005621528
298,24.870557005621528,27.4182112970011
299,27.4182112970011,28.45379503724901
300,28.45379503724901,29.910564952742934
301,29.910564952742934,33.06440490569075
302,33.06440490569075,37.1929031092424
303,37.1929031092424,40.642774703328314
304,40.642774703328314,42.362789101216045
305,42.362789101216045,42.14963384098273
306,42.14963384098273,39.96217608423418
307,39.96217608423418,35.75378712719211
308,35.75378712719211,30.279643979913438
309,30.279643979913438,25.288885626305348
310,25.288885626305348,22.045432391596833
311,22.045432391596833,20.175348552499845
312,20.175348552499845,18.67338205633949
313,18.67338205633949,17.386515235343367
314,17.386515235343367,16.838253833707075
315,16.838253833707075,17.247326682052023
316,17.247326682052023,18.391484368697363
317,18.391484368697363,19.859488304708748
318,19.859488304708748,20.951188479564998
319,20.951188479564998,1.124155701455798
320,1.124155701455798,1.171681797270871
321,1.171681797270871,1.5240102933982207
322,1.5240102933982207,2.6556492654999366
323,2.6556492654999366,5.028509885867951
324,5.028509885867951,8.515383289417464
325,8.515383289417464,11.906321290314821
326,11.906321290314821,13.440430779353042
327,13.440430779353042,12.374834215597872
328,12.374834215597872,9.892652782609177
329,9.892652782609177,8.165538085220089
330,8.165538085220089,8.639960806377566
331,8.639960806377566,11.142113760526376
332,11.142113760526376,14.14992510891705
333,14.14992510891705,15.9367249871498
334,15.9367249871498,15.873792294384934
335,15.873792294384934,14.672826223419507
336,14.672826223419507,13.403344096963748
337,13.403344096963748,12.816664981024475
338,12.816664981024475,13.614996277526453
339,13.614996277526453,16.32149253766228
340,16.32149253766228,20.458980638858687
341,20.458980638858687,24.739310358547538
342,24.739310358547538,28.615120924114663
343,28.615120924114663,32.827628490203516
344,32.827628490203516,37.79583890460301
345,37.79583890460301,42.250648650805424
346,42.250648650805424,44.13742038820213
347,44.13742038820213,42.48966578744408
348,42.48966578744408,37.93997945492675
349,37.93997945492675,31.729094001757602
350,31.729094001757602,24.880444673400397
351,24.880444673400397,18.277417034269245
352,18.277417034269245,12.891831340950121
353,12.891831340950121,9.768170301276982
354,9.768170301276982,9.911644345420846
355,9.911644345420846,13.839820367435864
356,13.839820367435864,20.68010803623323
357,20.68010803623323,27.922226654297866
358,27.922226654297866,32.954928040165015
359,32.954928040165015,35.02117417153964
360,35.02117417153964,35.075789772732556
361,35.075789772732556,34.14729229175949
362,34.14729229175949,32.74278297856087
363,32.74278297856087,31.072415918113833
364,31.072415918113833,28.64619528903186
365,28.64619528903186,24.42485976627851
366,24.42485976627851,18.327778164473898
367,18.327778164473898,11.920550660723077
368,11.920550660723077,7.095932078397382
369,7.095932078397382,4.633742399302796
370,4.633742399302796,4.214075092031305
371,4.214075092031305,5.229723113486713
372,5.229723113486713,7.218110984834089
373,7.218110984834089,9.756773321555267
374,9.756773321555267,12.305231197643167
375,12.305231197643167,14.444731831877537
376,14.444731831877537,16.231342509999912
377,16.231342509999912,17.95731006714465
378,17.95731006714465,19.444622302694377
379,19.444622302694377,19.990431071629928
380,19.990431071629928,19.283408351990207
381,19.283408351990207,17.958753706077665
382,17.958753706077665,17.007792365240242
383,17.007792365240242,12.638481310724753
384,12.638481310724753,13.58580335666594
385,13.58580335666594,13.797169110949646
386,13.797169110949646,12.14460980012734
387,12.14460980012734,9.765526521462032
388,9.765526521462032,9.48134189311047
389,9.48134189311047,13.76015140945157
390,13.76015140945157,22.673374891992466
391,22.673374891992466,32.96691765816852
392,32.96691765816852,39.790972961150814
393,39.790972961150814,40.743505189600214
394,40.743505189600214,37.995196616876534
395,37.995196616876534,35.4544185011223
396,35.4544185011223,34.39257631521612
397,34.39257631521612,33.03307858879103
398,33.03307858879103,30.07638106314036
399,30.07638106314036,27.088668789507494
400,27.088668789507494,26.679620933602987
401,26.679620933602987,29.323914049279495
402,29.323914049279495,33.08505538261399
403,33.08505538261399,35.85542473016585
404,35.85542473016585,36.66124693120022
405,36.66124693120022,35.211054461711974
406,35.211054461711974,31.786641254503223
407,31.786641254503223,27.541733747297346
408,27.541733747297346,23.82066525811194
409,23.82066525811194,21.332930608105443
410,21.332930608105443,20.555332663447782
411,20.555332663447782,22.466733696273977
412,22.466733696273977,28.032284546167542
413,28.032284546167542,36.53452744970956
414,36.53452744970956,44.58498488575117
415,44.58498488575117,47.646671803897426
416,47.646671803897426,43.46911194827835
417,43.46911194827835,34.04953192389158
418,34.04953192389158,23.830162230993718
419,23.830162230993718,16.253613474167054
420,16.253613474167054,12.227425373350934
421,12.227425373350934,11.135785676019395
422,11.135785676019395,12.537492686130674
423,12.537492686130674,16.981395838123596
424,16.981395838123596,25.245403779967763
425,25.245403779967763,36.23781541328803
426,36.23781541328803,45.6972130567093
427,45.6972130567093,48.37503238728769
428,48.37503238728769,42.57793199038966
429,42.57793199038966,32.000538166936586
430,32.000538166936586,22.743116190482713
431,22.743116190482713,19.253459144776425
432,19.253459144776425,22.688856804505452
433,22.688856804505452,31.319035915692815
434,31.319035915692815,41.7096469314757
435,41.7096469314757,50.153452271809144
436,50.153452271809144,53.5645379873532
437,53.5645379873532,50.025197666486825
438,50.025197666486825,40.021273912044244
439,40.021273912044244,27.126021917569183
440,27.126021917569183,16.00880532848457
441,16.00880532848457,9.484794908735916
442,9.484794908735916,7.953278268173591
443,7.953278268173591,10.952364419883542
444,10.952364419883542,17.79156379745062
445,17.79156379745062,26.320221439093636
446,26.320221439093636,32.41964487029971
447,32.41964487029971,24.906901235637257
448,24.906901235637257,23.84978386176601
449,23.84978386176601,22.40601148896882
450,22.40601148896882,22.023767909863327
451,22.023767909863327,23.829374841209066
452,23.829374841209066,26.8982069648972
453,26.8982069648972,28.44265490362325
454,28.44265490362325,26.49706401927402
455,26.49706401927402,22.001060884855356
456,22.001060884855356,17.77410363258541
457,17.77410363258541,15.969930640082492
458,15.969930640082492,16.832891392371895
459,16.832891392371895,19.341879055435076
460,19.341879055435076,22.479639028956413
461,22.479639028956413,25.593740828753134
462,25.593740828753134,27.68696074654431
463,27.68696074654431,27.236072169500815
464,27.236072169500815,23.44663637131511
465,23.44663637131511,17.411958219884436
466,17.411958219884436,11.457741635722527
467,11.457741635722527,7.431712805152642
468,7.431712805152642,5.8098632387636595
469,5.8098632387636595,6.086899050667959
470,6.086899050667959,7.585899281846766
471,7.585899281846766,9.943351486886376
472,9.943351486886376,13.016568856193107
473,13.016568856193107,16.429742552920175
474,16.429742552920175,19.48425854992049
475,19.48425854992049,21.709804273540623
476,21.709804273540623,23.20003783337663
477,23.20003783337663,24.16679331461154
478,24.16679331461154,24.439739389727688
479,24.439739389727688,23.50849824748049
480,23.50849824748049,21.043937546145763
481,21.043937546145763,17.686585069126476
482,17.686585069126476,15.26518289701527
483,15.26518289701527,15.674381606252776
484,15.674381606252776,19.57217199493972
485,19.57217199493972,26.40963654415095
486,26.40963654415095,35.00440100473182
487,35.00440100473182,43.25821611720027
488,43.25821611720027,48.26171757396354
489,48.26171757396354,48.23830605049736
490,48.23830605049736,44.00068495310319
491,44.00068495310319,37.620867290906745
492,37.620867290906745,30.54173274374874
493,30.54173274374874,23.571715307392328
494,23.571715307392328,17.57878211712082
495,17.57878211712082,13.481260043137773
496,13.481260043137773,11.954258625013065
497,11.954258625013065,13.221405572658155
498,13.221405572658155,16.835438300367738
499,16.835438300367738,21.63207165270558
500,21.63207165270558,26.076521079362877
501,26.076521079362877,28.999983960600026
502,28.999983960600026,30.489058640948258
503,30.489058640948258,32.05365975330629
504,32.05365975330629,35.221907625831214
505,35.221907625831214,39.74733790494883
506,39.74733790494883,43.931436543981135
507,43.931436543981135,46.992140486518494
508,46.992140486518494,50.123478955931
509,50.123478955931,54.260773695426266
510,54.260773695426266,57.69046254912709
511,57.69046254912709,6.643646796960831
512,6.643646796960831,8.713768838069553
513,8.713768838069553,12.248245362518556
514,12.248245362518556,16.07557381614742
515,16.07557381614742,18.847656293527436
516,18.847656293527436,19.66806417339282
517,19.66806417339282,18.434995180589482
518,18.434995180589482,15.76968218820435
519,15.76968218820435,12.72518298701971
520,12.72518298701971,10.345869743881627
521,10.345869743881627,9.23285143181756
522,9.23285143181756,9.479714833202136
523,9.479714833202136,10.913663270105417
524,10.913663270105417,13.30827044096964
525,13.30827044096964,16.37664831718739
526,16.37664831718739,19.453191468357428
527,19.453191468357428,21.256905551814974
528,21.256905551814974,20.57817510075446
529,20.57817510075446,17.562915469231836
530,17.562915469231836,13.804562038205033
531,13.804562038205033,10.864009987676429
532,10.864009987676429,9.213085069822009
533,9.213085069822009,8.89184403296445
534,8.89184403296445,10.376815803964325
535,10.376815803964325,13.915218728251368
536,13.915218728251368,18.167704517351424
537,18.167704517351424,20.484594174551617
538,20.484594174551617,19.121180609389995
539,19.121180609389995,14.803123543010942
540,14.803123543010942,9.80086705826157
541,9.80086705826157,5.923389406953127
542,5.923389406953127,3.6617148399314012
543,3.6617148399314012,2.650270212523284
544,2.650270212523284,2.354728988602977
545,2.354728988602977,2.376118925832982
546,2.376118925832982,2.4635892495454677
547,2.4635892495454677,2.4735858316567025
548,2.4735858316567025,2.3570211491742645
549,2.3570211491742645,2.1536515457558405
550,2.1536515457558405,1.935894768232088
551,1.935894768232088,1.7692251349140053
552,1.7692251349140053,1.7204572892660426
553,1.7204572892660426,1.8518619688691098
554,1.8518619688691098,2.1487522736384674
555,2.1487522736384674,2.4625351102152035
556,2.4625351102152035,2.591728825449016
557,2.591728825449016,2.460199162481655
558,2.460199162481655,2.1959948006423256
559,2.1959948006423256,2.025726834169026
560,2.025726834169026,2.139415665675803
561,2.139415665675803,2.633309033445549
562,2.633309033445549,3.445244298019284
563,3.445244298019284,4.282764450376226
564,4.282764450376226,4.7411225952535485
565,4.7411225952535485,4.620739932570274
566,4.620739932570274,4.098458300692208
567,4.098458300692208,3.540786551061453
568,3.540786551061453,3.211330898230251
569,3.211330898230251,3.16637542517495
570,3.16637542517495,3.3082696720055225
571,3.3082696720055225,3.4636396957997833
572,3.4636396957997833,3.483738322083935
573,3.483738322083935,3.3563808192142326
574,3.3563808192142326,3.2190558831125418
575,3.2190558831125418,34.427725826740414
576,34.427725826740414,31.32360050427049
577,31.32360050427049,25.460024070716912
578,25.460024070716912,18.287455785349884
579,18.287455785349884,11.858583374845331
580,11.858583374845331,7.387717420613574
581,7.387717420613574,4.834373553550033
582,4.834373553550033,3.611627771515378
583,3.611627771515378,3.2531587255839285
584,3.2531587255839285,3.5785129507328666
585,3.5785129507328666,4.541431413066948
586,4.541431413066948,6.057247717045363
587,6.057247717045363,8.093971897972756
588,8.093971897972756,11.001796716696115
589,11.001796716696115,15.348059516576377
590,15.348059516576377,20.872670371700444
591,20.872670371700444,25.596808246559608
592,25.596808246559608,26.821937094989934
593,26.821937094989934,23.722250678974437
594,23.722250678974437,18.544920507397435
595,18.544920507397435,14.658688060422563
596,14.658688060422563,13.833643564235114
597,13.833643564235114,15.628848666826707
598,15.628848666826707,18.415817246813976
599,18.415817246813976,20.31163205749008
600,20.31163205749008,19.94431406350017
601,19.94431406350017,17.403143453217737
602,17.403143453217737,14.425116957243526
603,14.425116957243526,12.980281010131973
604,12.980281010131973,13.45389209960666
605,13.45389209960666,14.32756706146088
606,14.32756706146088,13.718501334576601
607,13.718501334576601,11.174273098664408
608,11.174273098664408,7.959966529611442
609,7.959966529611442,5.925698009395572
610,5.925698009395572,6.397728628357854
611,6.397728628357854,9.819585227143929
612,9.819585227143929,15.64178534696877
613,15.64178534696877,22.122567365933318
614,22.122567365933318,26.624561839248972
615,26.624561839248972,26.97052002590927
616,26.97052002590927,23.144323652153233
617,23.144323652153233,17.4769648410237
618,17.4769648410237,12.71333197801032
619,12.71333197801032,10.003320816094341
620,10.003320816094341,8.887135153160717
621,8.887135153160717,8.710718755005907
622,8.710718755005907,9.489995137979172
623,9.489995137979172,11.57042600713411
624,11.57042600713411,14.97706124055414
625,14.97706124055414,19.369443852031512
626,19.369443852031512,24.29126207555005
627,24.29126207555005,29.0371497966225
628,29.0371497966225,32.44839303518914
629,32.44839303518914,33.51003626116307
630,33.51003626116307,32.25075496671738
631,32.25075496671738,29.442553223467822
632,29.442553223467822,25.460357841492637
633,25.460357841492637,20.285186571129834
634,20.285186571129834,14.536357360911943
635,14.536357360911943,9.51319296594868
636,9.51319296594868,6.1314883372293325
637,6.1314883372293325,4.377587096109822
638,4.377587096109822,3.7141967553502924
639,3.7141967553502924,28.652621957153524
640,28.652621957153524,29.535825624286012
641,29.535825624286012,29.237547083026207
642,29.237547083026207,26.08089037030159
643,26.08089037030159,20.593296573933845
644,20.593296573933845,14.940602597775689
645,14.940602597775689,11.369918358102872
646,11.369918358102872,11.187137388528948
647,11.187137388528948,14.121174764592478
648,14.121174764592478,17.99040437015399
649,17.99040437015399,19.73483624658991
650,19.73483624658991,17.745225997666335
651,17.745225997666335,13.12265678716414
652,13.12265678716414,8.35464339351387
653,8.35464339351387,5.124058250961811
654,5.124058250961811,3.581302728048594
655,3.581302728048594,3.069502709623618
656,3.069502709623618,2.9736535896032326
657,2.9736535896032326,3.032682090069422
658,3.032682090069422,3.2800044091487237
659,3.2800044091487237,3.899557839661488
660,3.899557839661488,5.043503228737899
661,5.043503228737899,6.5705833062970544
662,6.5705833062970544,7.871781915534653
663,7.871781915534653,8.183433117731905
664,8.183433117731905,7.26299278388823
665,7.26299278388823,5.6404118860950865
666,5.6404118860950865,4.100658668644111
667,4.100658668644111,3.0636292696399012
668,3.0636292696399012,2.5048144890543393
669,2.5048144890543393,2.2452857532543242
670,2.2452857532543242,2.156673082853459
671,2.156673082853459,2.1783238804501925
672,2.1783238804501925,2.2837958819332638
673,2.2837958819332638,2.4804944851314628
674,2.4804944851314628,2.805503192870103
675,2.805503192870103,3.281092719296644
676,3.281092719296644,3.836309752110325
677,3.836309752110325,4.281892783901734
678,4.281892783901734,4.4163224221281805
679,4.4163224221281805,4.197469114605571
680,4.197469114605571,3.808079131686454
681,3.808079131686454,3.5318109770458213
682,3.5318109770458213,3.5306019305722702
683,3.5306019305722702,3.7097375474648864
684,3.7097375474648864,3.8053634647896284
685,3.8053634647896284,3.631859122699363
686,3.631859122699363,3.2586271245655274
687,3.2586271245655274,2.93830412397996
688,2.93830412397996,2.858566387466546
689,2.858566387466546,2.978652833928457
690,2.978652833928457,3.1104209806749292
691,3.1104209806749292,3.1257734710004654
692,3.1257734710004654,3.0457174635940714
693,3.0457174635940714,2.9815647949479027
694,2.9815647949479027,3.10576205978255
695,3.10576205978255,3.727963149990675
696,3.727963149990675,5.218191109044458
697,5.218191109044458,7.5852922216536385
698,7.5852922216536385,10.100115652416385
699,10.100115652416385,11.622660504213448
700,11.622660504213448,11.554997089936853
701,11.554997089936853,10.411137663096703
702,10.411137663096703,9.380251287685883
