,Curvature_n,Curvature_n1
0,4.82303748030637,5.245093445336822
1,5.245093445336822,5.716386048634804
2,5.716386048634804,5.901645484403009
3,5.901645484403009,5.814855990608167
4,5.814855990608167,5.673345933913373
5,5.673345933913373,5.564438004729705
6,5.564438004729705,5.416121255182668
7,5.416121255182668,5.2447783597629725
8,5.2447783597629725,5.226744186550042
9,5.226744186550042,5.470801301399071
10,5.470801301399071,5.855014173978997
11,5.855014173978997,6.145888429738562
12,6.145888429738562,6.205418556109369
13,6.205418556109369,6.071388515129314
14,6.071388515129314,5.878714341130692
15,5.878714341130692,5.676388754268755
16,5.676388754268755,5.3418810050774175
17,5.3418810050774175,4.769914197399938
18,4.769914197399938,4.122115850270599
19,4.122115850270599,3.755912207337107
20,3.755912207337107,3.881970983938112
21,3.881970983938112,4.347930684411982
22,4.347930684411982,4.768553181235172
23,4.768553181235172,4.8381138604534435
24,4.8381138604534435,4.518299149390543
25,4.518299149390543,3.980942227918196
26,3.980942227918196,3.441318410901884
27,3.441318410901884,3.04625836362493
28,3.04625836362493,2.852423265522556
29,2.852423265522556,2.8695919636769878
30,2.8695919636769878,3.137550600766822
31,3.137550600766822,3.788542412155495
32,3.788542412155495,4.975695607061449
33,4.975695607061449,6.607339867581858
34,6.607339867581858,8.129125933748334
35,8.129125933748334,8.77073697030178
36,8.77073697030178,8.200877957319381
37,8.200877957319381,6.854958200032678
38,6.854958200032678,5.5120474885847806
39,5.5120474885847806,4.688699265231617
40,4.688699265231617,4.505679627752632
41,4.505679627752632,4.8659975734771415
42,4.8659975734771415,5.524860605042377
43,5.524860605042377,6.108004525873524
44,6.108004525873524,6.30158060825333
45,6.30158060825333,6.073111403975924
46,6.073111403975924,5.622594090887244
47,5.622594090887244,5.118871482608217
48,5.118871482608217,4.5572062997217495
49,4.5572062997217495,3.8913669923659944
50,3.8913669923659944,3.214922916139514
51,3.214922916139514,2.7404579885640112
52,2.7404579885640112,2.6178137857697017
53,2.6178137857697017,2.813977164342911
54,2.813977164342911,3.147974574160216
55,3.147974574160216,3.4095163022713595
56,3.4095163022713595,3.4753351612870143
57,3.4753351612870143,3.357585306967227
58,3.357585306967227,3.1608055360821954
59,3.1608055360821954,2.9944570586768973
60,2.9944570586768973,2.9100011563024175
61,2.9100011563024175,2.8935128452586447
62,2.8935128452586447,2.9014752932543946
63,2.9014752932543946,9.442415367349852
64,9.442415367349852,9.925057994814615
65,9.925057994814615,10.155875320894372
66,10.155875320894372,9.449122223715111
67,9.449122223715111,7.873466433002614
68,7.873466433002614,6.173729948595656
69,6.173729948595656,5.112098589553806
70,5.112098589553806,4.945160408014704
71,4.945160408014704,5.424181778003799
72,5.424181778003799,6.168380026551926
73,6.168380026551926,6.995725346986246
74,6.995725346986246,7.872418166343586
75,7.872418166343586,8.597243848385347
76,8.597243848385347,8.748031598794086
77,8.748031598794086,8.067385282172046
78,8.067385282172046,6.76410823437683
79,6.76410823437683,5.318014032767227
80,5.318014032767227,4.104585485598746
81,4.104585485598746,3.271792198689519
82,3.271792198689519,2.8276577607719235
83,2.8276577607719235,2.7082150481491922
84,2.7082150481491922,2.7992154532362417
85,2.7992154532362417,2.9863680736444835
86,2.9863680736444835,3.2225218180533473
87,3.2225218180533473,3.537213272499107
88,3.537213272499107,3.9706347729730274
89,3.9706347729730274,4.489454042005592
90,4.489454042005592,4.968293457271299
91,4.968293457271299,5.259189564017677
92,5.259189564017677,5.311361575323609
93,5.311361575323609,5.248950552821762
94,5.248950552821762,5.3105811853363125
95,5.3105811853363125,5.658683992394716
96,5.658683992394716,6.222099646699364
97,6.222099646699364,6.737670264473294
98,6.737670264473294,6.975396343203717
99,6.975396343203717,6.912373170423888
100,6.912373170423888,6.660925378031735
101,6.660925378031735,6.262900713538912
102,6.262900713538912,5.65124673865855
103,5.65124673865855,4.842792273082242
104,4.842792273082242,4.072870168354126
105,4.072870168354126,3.6513909199815364
106,3.6513909199815364,3.704729188907824
107,3.704729188907824,4.088738511967389
108,4.088738511967389,4.52017667894113
109,4.52017667894113,4.77699304844764
110,4.77699304844764,4.821986901635611
111,4.821986901635611,4.791240686381327
112,4.791240686381327,4.87330923993818
113,4.87330923993818,5.16319042848125
114,5.16319042848125,5.592663026401092
115,5.592663026401092,5.975062429578296
116,5.975062429578296,6.120734657408689
117,6.120734657408689,5.938740417729303
118,5.938740417729303,5.477051312247925
119,5.477051312247925,4.8914833564891005
120,4.8914833564891005,4.35162463748526
121,4.35162463748526,3.941179549128928
122,3.941179549128928,3.6473267141545724
123,3.6473267141545724,3.4460255752835387
124,3.4460255752835387,3.355159773505643
125,3.355159773505643,3.3760392917539948
126,3.3760392917539948,3.432468366081597
127,3.432468366081597,8.235353795383578
128,8.235353795383578,8.23646321344281
129,8.23646321344281,8.227394982642695
130,8.227394982642695,8.128249814164189
131,8.128249814164189,7.842495714316533
132,7.842495714316533,7.390005529868049
133,7.390005529868049,6.880558092925647
134,6.880558092925647,6.336229579552448
135,6.336229579552448,5.672961303718614
136,5.672961303718614,4.912286960476431
137,4.912286960476431,4.2696309606561105
138,4.2696309606561105,3.9411114462936565
139,3.9411114462936565,3.8931651879229623
140,3.8931651879229623,3.9374361170827346
141,3.9374361170827346,3.9898904205134027
142,3.9898904205134027,4.218483785047478
143,4.218483785047478,5.023204874162899
144,5.023204874162899,6.8396740947020565
145,6.8396740947020565,9.64339284207563
146,9.64339284207563,12.430032151846175
147,12.430032151846175,13.603360540869847
148,13.603360540869847,12.392036144091776
149,12.392036144091776,9.673725458142604
150,9.673725458142604,7.040731924137784
151,7.040731924137784,5.353174893713006
152,5.353174893713006,4.469185561868852
153,4.469185561868852,3.938067931885479
154,3.938067931885479,3.5044397406390484
155,3.5044397406390484,3.1172972206229277
156,3.1172972206229277,2.8165608506985373
157,2.8165608506985373,2.6763867974570132
158,2.6763867974570132,2.7419394381728743
159,2.7419394381728743,2.998750383349553
160,2.998750383349553,3.4085807950367633
161,3.4085807950367633,3.9406197187322305
162,3.9406197187322305,4.517742166719938
163,4.517742166719938,4.954388181132351
164,4.954388181132351,5.017633382850488
165,5.017633382850488,4.607244226167895
166,4.607244226167895,3.873999655935934
167,3.873999655935934,3.126003059317704
168,3.126003059317704,2.6187650224895758
169,2.6187650224895758,2.4425314454490774
170,2.4425314454490774,2.548882431257839
171,2.548882431257839,2.810014832671434
172,2.810014832671434,3.0759749573885715
173,3.0759749573885715,3.2608277268032717
174,3.2608277268032717,3.4007139296487257
175,3.4007139296487257,3.6002680141999206
176,3.6002680141999206,3.922198204756226
177,3.922198204756226,4.322100127378133
178,4.322100127378133,4.676815698718433
179,4.676815698718433,4.900882789882914
180,4.900882789882914,5.08788611957359
181,5.08788611957359,5.495364327447469
182,5.495364327447469,6.283098374793766
183,6.283098374793766,7.240453785991803
184,7.240453785991803,7.875815090203469
185,7.875815090203469,7.848009103926168
186,7.848009103926168,7.22460927112212
187,7.22460927112212,6.276787355074072
188,6.276787355074072,5.208585079759077
189,5.208585079759077,4.207110918445704
190,4.207110918445704,3.5697664028585643
191,3.5697664028585643,29.81561066750682
192,29.81561066750682,30.66190779995716
193,30.66190779995716,31.991634183718165
194,31.991634183718165,32.93992652098243
195,32.93992652098243,32.360011845496416
196,32.360011845496416,30.082676062636835
197,30.082676062636835,27.91752057087303
198,27.91752057087303,28.20725671966025
199,28.20725671966025,30.92329258155913
200,30.92329258155913,32.968881059391954
201,32.968881059391954,31.04198294595431
202,31.04198294595431,24.966028704892878
203,24.966028704892878,17.77188148086273
204,17.77188148086273,12.806351871851886
205,12.806351871851886,11.225225026849962
206,11.225225026849962,11.873753648823211
207,11.873753648823211,12.821751930814418
208,12.821751930814418,12.895661299831623
209,12.895661299831623,12.083823433839768
210,12.083823433839768,10.899032464054477
211,10.899032464054477,9.78645918098497
212,9.78645918098497,9.029783437517313
213,9.029783437517313,8.638673821227405
214,8.638673821227405,8.20219877497964
215,8.20219877497964,7.2264613660695165
216,7.2264613660695165,5.691872687837608
217,5.691872687837608,4.0861630578894745
218,4.0861630578894745,2.914315555238687
219,2.914315555238687,2.3348314578283986
220,2.3348314578283986,2.203079999734058
221,2.203079999734058,2.281727933277691
222,2.281727933277691,2.3950831589167594
223,2.3950831589167594,2.523636450241029
224,2.523636450241029,2.8583874939645737
225,2.8583874939645737,3.686430306248078
226,3.686430306248078,5.065632972322531
227,5.065632972322531,6.604258475979844
228,6.604258475979844,7.744758995758351
229,7.744758995758351,8.3993160098642
230,8.3993160098642,9.113455368469634
231,9.113455368469634,10.334734134843576
232,10.334734134843576,11.59493859969452
233,11.59493859969452,11.75873270424086
234,11.75873270424086,10.225264492430407
235,10.225264492430407,7.645633946491756
236,7.645633946491756,5.318973131326513
237,5.318973131326513,4.106151907071086
238,4.106151907071086,3.9938801919790925
239,3.9938801919790925,4.37286920463242
240,4.37286920463242,4.558880683157528
241,4.558880683157528,4.238953424043649
242,4.238953424043649,3.5976130771738792
243,3.5976130771738792,3.037622632021664
244,3.037622632021664,2.801829960641066
245,2.801829960641066,2.8664183598970485
246,2.8664183598970485,3.0596357570444157
247,3.0596357570444157,3.1843172353692584
248,3.1843172353692584,3.0883923471616894
249,3.0883923471616894,2.740594958448356
250,2.740594958448356,2.259067075680872
251,2.259067075680872,1.8121548160620278
252,1.8121548160620278,1.4892385112265853
253,1.4892385112265853,1.287115453090963
254,1.287115453090963,1.1859445762138763
255,1.1859445762138763,53.74367467122163
256,53.74367467122163,47.12783981357247
257,47.12783981357247,36.563108273644744
258,36.563108273644744,25.67082244200236
259,25.67082244200236,17.05156876512773
260,17.05156876512773,11.460038414742284
261,11.460038414742284,8.34990213546106
262,8.34990213546106,6.984844105115226
263,6.984844105115226,7.114833670668296
264,7.114833670668296,8.77338069960851
265,8.77338069960851,11.577376037456318
266,11.577376037456318,14.537684661700926
267,14.537684661700926,16.857603759265714
268,16.857603759265714,18.800036228372186
269,18.800036228372186,21.33191778786894
270,21.33191778786894,24.83597870961915
271,24.83597870961915,28.46982279966982
272,28.46982279966982,30.869615164613577
273,30.869615164613577,31.27920864469135
274,31.27920864469135,29.916394783396505
275,29.916394783396505,27.49607271967159
276,27.49607271967159,24.814597658812175
277,24.814597658812175,22.74725388396887
278,22.74725388396887,21.950401692842917
279,21.950401692842917,22.16333483021907
280,22.16333483021907,22.259419320687492
281,22.259419320687492,21.391974356677245
282,21.391974356677245,19.796090296554077
283,19.796090296554077,18.24510251465508
284,18.24510251465508,17.131003238541858
285,17.131003238541858,16.271888398654422
286,16.271888398654422,15.240720634361988
287,15.240720634361988,13.69733153233716
288,13.69733153233716,11.678552681598122
289,11.678552681598122,9.667117186618922
290,9.667117186618922,8.212714936243842
291,8.212714936243842,7.479336745891253
292,7.479336745891253,7.254205478201568
293,7.254205478201568,7.271905821157428
294,7.271905821157428,7.387091632771295
295,7.387091632771295,7.589944781574832
296,7.589944781574832,8.118005598777795
297,8.118005598777795,9.545226052197052
298,9.545226052197052,12.510271685143875
299,12.510271685143875,17.093479701919694
300,17.093479701919694,22.301998327053404
301,22.301998327053404,26.24045247397448
302,26.24045247397448,27.246033988646793
303,27.246033988646793,25.282820228404898
304,25.282820228404898,22.06443890120497
305,22.06443890120497,19.506570838818085
306,19.506570838818085,18.160344671685884
307,18.160344671685884,17.23799148713036
308,17.23799148713036,15.829029799515439
309,15.829029799515439,13.80094872810676
310,13.80094872810676,11.726307125971474
311,11.726307125971474,10.314311030723008
312,10.314311030723008,9.887527032077973
313,9.887527032077973,10.130923265220538
314,10.130923265220538,10.322136882566571
315,10.322136882566571,9.951663459400068
316,9.951663459400068,9.124737322624885
317,9.124737322624885,8.311723403211428
318,8.311723403211428,7.858481516626808
319,7.858481516626808,23.000268860015712
320,23.000268860015712,24.858714701969937
321,24.858714701969937,27.150474617397244
322,27.150474617397244,28.12954798519479
323,28.12954798519479,26.910108383166865
324,26.910108383166865,23.839113556773952
325,23.839113556773952,20.033537319159507
326,20.033537319159507,16.673482298545068
327,16.673482298545068,14.483529422790053
328,14.483529422790053,13.474044572127852
329,13.474044572127852,12.97958591134234
330,12.97958591134234,12.124621723980177
331,12.124621723980177,10.502953256416152
332,10.502953256416152,8.441913760402976
333,8.441913760402976,6.618146881520538
334,6.618146881520538,5.539442116453589
335,5.539442116453589,5.422724335026347
336,5.422724335026347,6.284061858395209
337,6.284061858395209,7.933311970569436
338,7.933311970569436,9.92711131611275
339,9.92711131611275,11.710638446678852
340,11.710638446678852,12.9355128974297
341,12.9355128974297,13.663452847873709
342,13.663452847873709,14.210711237883068
343,14.210711237883068,14.756401071543202
344,14.756401071543202,15.125703826218825
345,15.125703826218825,14.941663205188348
346,14.941663205188348,13.995241738181294
347,13.995241738181294,12.56442076240948
348,12.56442076240948,11.434079543625362
349,11.434079543625362,11.47495148743225
350,11.47495148743225,12.979597386766962
351,12.979597386766962,15.273587590715858
352,15.273587590715858,17.04234337644099
353,17.04234337644099,17.292548190671045
354,17.292548190671045,16.12306982794866
355,16.12306982794866,14.477132563831212
356,14.477132563831212,13.155889670736894
357,13.155889670736894,12.219974015628456
358,12.219974015628456,11.320604912027678
359,11.320604912027678,10.355126740540436
360,10.355126740540436,9.59380692546547
361,9.59380692546547,9.240912997048909
362,9.240912997048909,9.187712969169496
363,9.187712969169496,9.316009346755106
364,9.316009346755106,9.826368452331748
365,9.826368452331748,11.073045670117986
366,11.073045670117986,13.098682368787514
367,13.098682368787514,15.414650432126868
368,15.414650432126868,17.402834435043445
369,17.402834435043445,18.98906567879507
370,18.98906567879507,20.585722551699924
371,20.585722551699924,22.12272313409589
372,22.12272313409589,22.581239009994555
373,22.581239009994555,21.01218954322541
374,21.01218954322541,17.82209324745209
375,17.82209324745209,14.59659124011259
376,14.59659124011259,12.762639329582623
377,12.762639329582623,12.72705604282428
378,12.72705604282428,14.050109243948555
379,14.050109243948555,15.88424760868006
380,15.88424760868006,17.28671277990556
381,17.28671277990556,17.75214413806288
382,17.75214413806288,17.640801683230265
383,17.640801683230265,42.88612365398866
384,42.88612365398866,41.60774552059235
385,41.60774552059235,39.227334767896096
386,39.227334767896096,35.72759429498184
387,35.72759429498184,30.887938628489405
388,30.887938628489405,24.941304893391415
389,24.941304893391415,18.95159693458142
390,18.95159693458142,14.201929798400949
391,14.201929798400949,11.421063631188662
392,11.421063631188662,10.856231180933857
393,10.856231180933857,12.697880375569081
394,12.697880375569081,16.903437230132532
395,16.903437230132532,22.53994118053807
396,22.53994118053807,27.689798669582622
397,27.689798669582622,30.478465836603007
398,30.478465836603007,30.301199092625364
399,30.301199092625364,27.98341326520137
400,27.98341326520137,24.79943388589942
401,24.79943388589942,21.515209722722293
402,21.515209722722293,18.417254869672114
403,18.417254869672114,15.993341732458017
404,15.993341732458017,15.120325960339875
405,15.120325960339875,16.388543959462694
406,16.388543959462694,19.38941016019742
407,19.38941016019742,22.81030965784111
408,22.81030965784111,25.314257040173434
409,25.314257040173434,26.40864234596517
410,26.40864234596517,26.616638821933165
411,26.616638821933165,27.058508382259408
412,27.058508382259408,28.663331730889638
413,28.663331730889638,31.016491170843054
414,31.016491170843054,31.91977280028287
415,31.91977280028287,29.093880827099785
416,29.093880827099785,22.72111340723738
417,22.72111340723738,15.680768734851451
418,15.680768734851451,11.216152785473323
419,11.216152785473323,10.766223715996563
420,10.766223715996563,13.581000809787822
421,13.581000809787822,17.52098104267948
422,17.52098104267948,20.56004384661786
423,20.56004384661786,22.497431186365212
424,22.497431186365212,25.260353559481068
425,25.260353559481068,30.91935641842653
426,30.91935641842653,39.316491003628165
427,39.316491003628165,47.57697495027273
428,47.57697495027273,51.62457313834114
429,51.62457313834114,48.674688732327255
430,48.674688732327255,39.3393152480957
431,39.3393152480957,27.56542632991095
432,27.56542632991095,18.214758465729133
433,18.214758465729133,14.514907040076427
434,14.514907040076427,17.318407360983226
435,17.318407360983226,25.485237013406046
436,25.485237013406046,36.07357008840077
437,36.07357008840077,44.83013220403595
438,44.83013220403595,48.43649729067832
439,48.43649729067832,47.36939324148571
440,47.36939324148571,45.68148406598295
441,45.68148406598295,46.970592010166214
442,46.970592010166214,51.50189680009639
443,51.50189680009639,57.92445840238937
444,57.92445840238937,65.72045257793471
445,65.72045257793471,74.05525486113416
446,74.05525486113416,79.88774572438976
447,79.88774572438976,58.24148526616666
448,58.24148526616666,52.194017390763584
449,52.194017390763584,42.468918053201484
450,42.468918053201484,32.20918004496827
451,32.20918004496827,23.59047997439366
452,23.59047997439366,17.132097718090833
453,17.132097718090833,12.32324623575453
454,12.32324623575453,8.748062336268902
455,8.748062336268902,6.430791703499432
456,6.430791703499432,5.340177215380931
457,5.340177215380931,5.052949200850364
458,5.052949200850364,5.0336248176657366
459,5.0336248176657366,5.005254477723142
460,5.005254477723142,4.960416070909547
461,4.960416070909547,5.03969792094483
462,5.03969792094483,5.541435179611443
463,5.541435179611443,7.102662076562376
464,7.102662076562376,10.7392698280392
465,10.7392698280392,17.270639186434504
466,17.270639186434504,26.159041600989433
467,26.159041600989433,34.99474953515141
468,34.99474953515141,40.87309653297262
469,40.87309653297262,42.67780415736332
470,42.67780415736332,41.66389113453212
471,41.66389113453212,39.67969890478885
472,39.67969890478885,37.438153728341526
473,37.438153728341526,34.948263429935054
474,34.948263429935054,32.84099656675285
475,32.84099656675285,32.10739846576958
476,32.10739846576958,32.45977989666431
477,32.45977989666431,31.897820679747717
478,31.897820679747717,28.575122548983934
479,28.575122548983934,22.87179954494132
480,22.87179954494132,17.30413900425396
481,17.30413900425396,14.53304654296653
482,14.53304654296653,15.304189713646002
483,15.304189713646002,17.77953990325284
484,17.77953990325284,18.908616814996346
485,18.908616814996346,17.05992830529269
486,17.05992830529269,13.429247435590355
487,13.429247435590355,10.832172469631704
488,10.832172469631704,11.444458226210484
489,11.444458226210484,15.551115610864219
490,15.551115610864219,21.679511531196614
491,21.679511531196614,27.944682513708003
492,27.944682513708003,33.739413857547504
493,33.739413857547504,39.72864004878182
494,39.72864004878182,45.76486474252593
495,45.76486474252593,49.608888413449876
496,49.608888413449876,48.46013580315426
497,48.46013580315426,41.484304760762335
498,41.484304760762335,30.70011145410671
499,30.70011145410671,19.64573511368572
500,19.64573511368572,11.172685754491134
501,11.172685754491134,6.220006182310177
502,6.220006182310177,4.205099410797319
503,4.205099410797319,4.117541490064493
504,4.117541490064493,5.180824844788182
505,5.180824844788182,6.878404216829218
506,6.878404216829218,8.741280694481524
507,8.741280694481524,10.25857544386152
508,10.25857544386152,11.039070369961124
509,11.039070369961124,11.097094735886927
510,11.097094735886927,10.886330200042723
511,10.886330200042723,55.81269323627539
512,55.81269323627539,53.12374908584584
513,53.12374908584584,48.7233803458413
514,48.7233803458413,44.21972678971825
515,44.21972678971825,40.63417156703491
516,40.63417156703491,37.443099444968084
517,37.443099444968084,33.49574469008127
518,33.49574469008127,28.88451121666376
519,28.88451121666376,25.40040248574114
520,25.40040248574114,24.881801004196905
521,24.881801004196905,27.153182374217163
522,27.153182374217163,29.815192362933587
523,29.815192362933587,30.36310078982159
524,30.36310078982159,28.56570212081577
525,28.56570212081577,26.46796321275616
526,26.46796321275616,26.000607042269937
527,26.000607042269937,27.05292395263043
528,27.05292395263043,28.087327417546096
529,28.087327417546096,28.067115444068982
530,28.067115444068982,27.22829468118595
531,27.22829468118595,26.154071395568856
532,26.154071395568856,24.70207568816459
533,24.70207568816459,22.204445621672264
534,22.204445621672264,18.557056231420052
535,18.557056231420052,14.656410167630431
536,14.656410167630431,11.587750017108934
537,11.587750017108934,9.725627868749074
538,9.725627868749074,8.793495521973552
539,8.793495521973552,8.519581181227823
540,8.519581181227823,9.031511224550224
541,9.031511224550224,10.622578060113353
542,10.622578060113353,13.115304784976885
543,13.115304784976885,15.44758427519223
544,15.44758427519223,16.235899918445664
545,16.235899918445664,15.096371615812524
546,15.096371615812524,13.216450815608432
547,13.216450815608432,12.263876939376079
548,12.263876939376079,12.804759943141685
549,12.804759943141685,13.989100958464313
550,13.989100958464313,14.64663661083583
551,14.64663661083583,14.416027281246706
552,14.416027281246706,13.744984241078864
553,13.744984241078864,13.125396349247229
554,13.125396349247229,12.696817532928904
555,12.696817532928904,12.408013590200023
556,12.408013590200023,12.16939100660283
557,12.16939100660283,11.870813535223725
558,11.870813535223725,11.48238785042148
559,11.48238785042148,11.111036036274376
560,11.111036036274376,10.975778869117692
561,10.975778869117692,11.435487404440842
562,11.435487404440842,12.856708616637052
563,12.856708616637052,15.194844730775696
564,15.194844730775696,17.888895438523612
565,17.888895438523612,20.491058791979675
566,20.491058791979675,23.15813077388488
567,23.15813077388488,26.163409481381315
568,26.163409481381315,29.047786569989405
569,29.047786569989405,30.65019604337501
570,30.65019604337501,30.10847677885575
571,30.10847677885575,27.627276721580028
572,27.627276721580028,24.247454435927487
573,24.247454435927487,21.173901769781093
574,21.173901769781093,19.370890390713427
575,19.370890390713427,8.4510052541108
576,8.4510052541108,8.693661941481475
577,8.693661941481475,9.25701847362889
578,9.25701847362889,10.479341738902004
579,10.479341738902004,12.792698373021803
580,12.792698373021803,16.162968721989643
581,16.162968721989643,19.81340547535764
582,19.81340547535764,22.655698940358903
583,22.655698940358903,23.992484510642043
584,23.992484510642043,23.77149720090737
585,23.77149720090737,22.308221286302476
586,22.308221286302476,20.00203203400002
587,20.00203203400002,17.280869274044214
588,17.280869274044214,14.663693320451952
589,14.663693320451952,12.925369745519891
590,12.925369745519891,13.070228447494229
591,13.070228447494229,15.627824204441872
592,15.627824204441872,19.769929705918273
593,19.769929705918273,23.455201680945375
594,23.455201680945375,24.786934974382035
595,24.786934974382035,23.34805558708907
596,23.34805558708907,20.436799607239802
597,20.436799607239802,18.154085579937618
598,18.154085579937618,17.97896459665235
599,17.97896459665235,19.841249263058984
600,19.841249263058984,22.522556737115
601,22.522556737115,24.8909127622073
602,24.8909127622073,26.53633126387694
603,26.53633126387694,27.484301476976597
604,27.484301476976597,27.884862498765735
605,27.884862498765735,27.88321886084395
606,27.88321886084395,27.32804318918474
607,27.32804318918474,25.804376472741048
608,25.804376472741048,23.282129013455837
609,23.282129013455837,20.42866245799069
610,20.42866245799069,18.088872974789798
611,18.088872974789798,16.728724287219134
612,16.728724287219134,16.37049411090273
613,16.37049411090273,16.726214604659077
614,16.726214604659077,17.386798362402942
615,17.386798362402942,18.083576062031007
616,18.083576062031007,18.85163003669623
617,18.85163003669623,19.916942381793103
618,19.916942381793103,21.2305738803295
619,21.2305738803295,22.11273944842211
620,22.11273944842211,21.794505520246673
621,21.794505520246673,20.509315443046077
622,20.509315443046077,19.570127414730415
623,19.570127414730415,20.035885779369462
624,20.035885779369462,21.545620703192135
625,21.545620703192135,22.72352398669779
626,22.72352398669779,22.537469889372886
627,22.537469889372886,21.037662669922472
628,21.037662669922472,19.076538097706575
629,19.076538097706575,17.664945145823392
630,17.664945145823392,17.322307162470768
631,17.322307162470768,17.609462480245686
632,17.609462480245686,17.47201586304387
633,17.47201586304387,16.383716069019027
634,16.383716069019027,14.997148583885023
635,14.997148583885023,14.430719061482119
636,14.430719061482119,15.099146589446073
637,15.099146589446073,16.42510226094265
638,16.42510226094265,17.42817893050644
639,17.42817893050644,63.40543917568121
640,63.40543917568121,56.835513862414786
641,56.835513862414786,45.90329559301266
642,45.90329559301266,34.202728550702496
643,34.202728550702496,25.23984661128638
644,25.23984661128638,20.841307151274417
645,20.841307151274417,20.532900037263452
646,20.532900037263452,22.46450627373922
647,22.46450627373922,24.841150167491143
648,24.841150167491143,26.290111812084035
649,26.290111812084035,25.54124061263678
650,25.54124061263678,21.99685040998233
651,21.99685040998233,16.630407820031955
652,16.630407820031955,11.41087024504096
653,11.41087024504096,7.748565955711139
654,7.748565955711139,5.838011994532559
655,5.838011994532559,5.153228315543041
656,5.153228315543041,5.100402813060897
657,5.100402813060897,5.331744829419163
658,5.331744829419163,5.780783220372499
659,5.780783220372499,6.497012831120296
660,6.497012831120296,7.473494299978403
661,7.473494299978403,8.669425294091651
662,8.669425294091651,10.03164600253495
663,10.03164600253495,11.366869999746804
664,11.366869999746804,12.280937463999399
665,12.280937463999399,12.43153294561593
666,12.43153294561593,11.889785853164568
667,11.889785853164568,11.197903000765546
668,11.197903000765546,10.992677134821054
669,10.992677134821054,11.515530034789151
670,11.515530034789151,12.417166085916854
671,12.417166085916854,13.01027939045794
672,13.01027939045794,12.818581315862943
673,12.818581315862943,11.935140646661274
674,11.935140646661274,10.820241676331408
675,10.820241676331408,9.83325434558109
676,9.83325434558109,9.10536976026522
677,9.10536976026522,8.763641373852138
678,8.763641373852138,8.943076347013228
679,8.943076347013228,9.461676344375737
680,9.461676344375737,9.764051174730916
681,9.764051174730916,9.470275936373707
682,9.470275936373707,8.892209867228669
683,8.892209867228669,8.769405632876865
684,8.769405632876865,9.450048194018812
685,9.450048194018812,10.440726301776106
686,10.440726301776106,10.870457476058395
687,10.870457476058395,10.454007895308557
688,10.454007895308557,9.99891583383833
689,9.99891583383833,10.830254916823675
690,10.830254916823675,13.482193203605334
691,13.482193203605334,16.79393145281464
692,16.79393145281464,18.571084155431844
693,18.571084155431844,17.528125580947897
694,17.528125580947897,14.407420715734748
695,14.407420715734748,10.984863461220352
696,10.984863461220352,8.428955310727645
697,8.428955310727645,6.873579486823356
698,6.873579486823356,6.003333130790979
699,6.003333130790979,5.515334605993942
700,5.515334605993942,5.190722314934181
701,5.190722314934181,4.915014442412045
702,4.915014442412045,4.727994845302088
