,Curvature_n,Curvature_n1
0,6.462223118520982,8.355508552108205
1,8.355508552108205,11.03281355206261
2,11.03281355206261,12.899237011454066
3,12.899237011454066,12.993236696790394
4,12.993236696790394,11.64844689490034
5,11.64844689490034,9.909163786833219
6,9.909163786833219,8.484004969670995
7,8.484004969670995,7.489069424095262
8,7.489069424095262,6.815216438316408
9,6.815216438316408,6.290148367101912
10,6.290148367101912,5.657425698077371
11,5.657425698077371,4.763899663970895
12,4.763899663970895,3.7508913962346577
13,3.7508913962346577,2.918640345020486
14,2.918640345020486,2.468311614980414
15,2.468311614980414,2.4416248025628398
16,2.4416248025628398,2.8049047793115327
17,2.8049047793115327,3.4414616153410904
18,3.4414616153410904,4.075214861299121
19,4.075214861299121,4.3672680345852415
20,4.3672680345852415,4.206739068706925
21,4.206739068706925,3.8306884079218624
22,3.8306884079218624,3.553896534930504
23,3.553896534930504,3.431460057217794
24,3.431460057217794,3.269879722285517
25,3.269879722285517,2.9122762255675143
26,2.9122762255675143,2.4258383363829843
27,2.4258383363829843,2.038809486160195
28,2.038809486160195,1.9622099577581302
29,1.9622099577581302,2.2485636242341798
30,2.2485636242341798,2.742069798236934
31,2.742069798236934,3.1460870345338163
32,3.1460870345338163,3.2121913230320436
33,3.2121913230320436,2.9464906805264306
34,2.9464906805264306,2.637944022681691
35,2.637944022681691,2.6788753670545633
36,2.6788753670545633,3.3229618940310313
37,3.3229618940310313,4.47709129914405
38,4.47709129914405,5.624690447361841
39,5.624690447361841,6.101739250627434
40,6.101739250627434,5.652147958581596
41,5.652147958581596,4.694369830759908
42,4.694369830759908,3.9832986572620763
43,3.9832986572620763,4.133023382828993
44,4.133023382828993,5.47189186796605
45,5.47189186796605,8.043401470434876
46,8.043401470434876,11.483880268467823
47,11.483880268467823,14.970239574519072
48,14.970239574519072,17.460703819740104
49,17.460703819740104,18.052035887928433
50,18.052035887928433,16.34330472095367
51,16.34330472095367,12.824713052131106
52,12.824713052131106,8.82175654846915
53,8.82175654846915,5.681835974812985
54,5.681835974812985,3.9448909947343322
55,3.9448909947343322,3.3281763085238096
56,3.3281763085238096,3.2883114834837794
57,3.2883114834837794,3.446460340143803
58,3.446460340143803,3.6283646030439947
59,3.6283646030439947,3.7528532130647267
60,3.7528532130647267,3.7858620921774335
61,3.7858620921774335,3.7511050027960375
62,3.7511050027960375,3.7104374766992776
63,3.7104374766992776,33.2395590555295
64,33.2395590555295,29.150805352518102
65,29.150805352518102,23.070648731335645
66,23.070648731335645,17.469171636166905
67,17.469171636166905,13.605683807220561
68,13.605683807220561,11.329849160805855
69,11.329849160805855,9.895806030841065
70,9.895806030841065,8.805426635048805
71,8.805426635048805,8.069816225572632
72,8.069816225572632,7.988783493028183
73,7.988783493028183,8.78883383294646
74,8.78883383294646,10.307724532894252
75,10.307724532894252,11.854953667098034
76,11.854953667098034,12.522555711368186
77,12.522555711368186,11.9046424984905
78,11.9046424984905,10.454332772853322
79,10.454332772853322,8.970236338693317
80,8.970236338693317,7.875659523570454
81,7.875659523570454,7.138542945131278
82,7.138542945131278,6.641709390789723
83,6.641709390789723,6.342382938553781
84,6.342382938553781,6.169746293485543
85,6.169746293485543,6.003418186472105
86,6.003418186472105,5.792301233096062
87,5.792301233096062,5.597203501889552
88,5.597203501889552,5.488478639167405
89,5.488478639167405,5.425160523677119
90,5.425160523677119,5.284953170060118
91,5.284953170060118,5.041397040294609
92,5.041397040294609,4.855543944413325
93,4.855543944413325,4.8996291886301515
94,4.8996291886301515,5.1051928877456625
95,5.1051928877456625,5.1852415102265885
96,5.1852415102265885,4.945671044953409
97,4.945671044953409,4.504292646781575
98,4.504292646781575,4.14512857162785
99,4.14512857162785,4.010382164568316
100,4.010382164568316,3.9972360378887926
101,3.9972360378887926,3.9124325617563755
102,3.9124325617563755,3.6631902189213164
103,3.6631902189213164,3.316297409467996
104,3.316297409467996,3.0309582034105533
105,3.0309582034105533,2.941595863518361
106,2.941595863518361,3.071888379713876
107,3.071888379713876,3.348521805530918
108,3.348521805530918,3.6951213808129353
109,3.6951213808129353,4.103542077285829
110,4.103542077285829,4.589615186732223
111,4.589615186732223,5.090188225116548
112,5.090188225116548,5.457464786269941
113,5.457464786269941,5.574007609433766
114,5.574007609433766,5.434213654406371
115,5.434213654406371,5.111081460337281
116,5.111081460337281,4.700667355519893
117,4.700667355519893,4.298786558490878
118,4.298786558490878,3.958559024972491
119,3.958559024972491,3.6640848890896236
120,3.6640848890896236,3.4022599752255402
121,3.4022599752255402,3.2481072136006537
122,3.2481072136006537,3.3327530469821696
123,3.3327530469821696,3.732682172669275
124,3.732682172669275,4.389100881921236
125,4.389100881921236,5.093904874808338
126,5.093904874808338,5.55596413079574
127,5.55596413079574,37.263958311966974
128,37.263958311966974,33.84980198984859
129,33.84980198984859,28.86244744051954
130,28.86244744051954,23.973347721139767
131,23.973347721139767,19.674530062877572
132,19.674530062877572,16.08961709125925
133,16.08961709125925,13.593648035198672
134,13.593648035198672,12.35196746006978
135,12.35196746006978,11.889795985727782
136,11.889795985727782,11.430156197850236
137,11.430156197850236,10.511130368046778
138,10.511130368046778,9.234451161171656
139,9.234451161171656,8.07483244554506
140,8.07483244554506,7.528904275935243
141,7.528904275935243,7.815600811553414
142,7.815600811553414,8.720209811271978
143,8.720209811271978,9.643661929254343
144,9.643661929254343,9.925509946965677
145,9.925509946965677,9.332780211628794
146,9.332780211628794,8.282407338641276
147,8.282407338641276,7.48646190660883
148,7.48646190660883,7.38146438942475
149,7.38146438942475,7.923996719153795
150,7.923996719153795,8.752530252697014
151,8.752530252697014,9.362609230456744
152,9.362609230456744,9.2988795589626
153,9.2988795589626,8.47840975201639
154,8.47840975201639,7.3238387337792545
155,7.3238387337792545,6.422512804881214
156,6.422512804881214,6.082285201835493
157,6.082285201835493,6.244973611892975
158,6.244973611892975,6.660856695642444
159,6.660856695642444,7.033649942239641
160,7.033649942239641,7.154360343386983
161,7.154360343386983,7.0470447556442295
162,7.0470447556442295,6.90217132764328
163,6.90217132764328,6.796470745640276
164,6.796470745640276,6.6306763087072245
165,6.6306763087072245,6.4296910252389115
166,6.4296910252389115,6.498310890160832
167,6.498310890160832,7.071154995405516
168,7.071154995405516,7.9043621391574215
169,7.9043621391574215,8.457016275090739
170,8.457016275090739,8.506893027394133
171,8.506893027394133,8.395864403195342
172,8.395864403195342,8.607172499689371
173,8.607172499689371,9.288568973005162
174,9.288568973005162,10.24001824496785
175,10.24001824496785,11.10832877351789
176,11.10832877351789,11.48989151414002
177,11.48989151414002,11.145813535728093
178,11.145813535728093,10.333828534977314
179,10.333828534977314,9.713477795726138
180,9.713477795726138,9.68939898022622
181,9.68939898022622,9.975466960401045
182,9.975466960401045,9.981784083975448
183,9.981784083975448,9.478053518601305
184,9.478053518601305,8.703677447875808
185,8.703677447875808,8.038917377882553
186,8.038917377882553,7.770744467310708
187,7.770744467310708,7.978307134014084
188,7.978307134014084,8.446257201414825
189,8.446257201414825,8.829223802288917
190,8.829223802288917,8.985173714998343
191,8.985173714998343,29.47980903842538
192,29.47980903842538,27.74824745900534
193,27.74824745900534,25.12672959716069
194,25.12672959716069,22.548726222401562
195,22.548726222401562,20.396237719439263
196,20.396237719439263,18.533947286276224
197,18.533947286276224,16.707997653599328
198,16.707997653599328,14.796656915113479
199,14.796656915113479,12.851918240401858
200,12.851918240401858,11.070311368770362
201,11.070311368770362,9.682875077391225
202,9.682875077391225,8.783704141788363
203,8.783704141788363,8.27662689427773
204,8.27662689427773,8.019257069928832
205,8.019257069928832,7.954232147060535
206,7.954232147060535,8.029999127335726
207,8.029999127335726,8.113075973548396
208,8.113075973548396,8.13818340534425
209,8.13818340534425,8.32319272439793
210,8.32319272439793,9.105071680925105
211,9.105071680925105,10.762765475162032
212,10.762765475162032,13.003454909879412
213,13.003454909879412,14.953960304346825
214,14.953960304346825,15.735572700613725
215,15.735572700613725,15.137339552416442
216,15.137339552416442,13.70912374504504
217,13.70912374504504,12.260032053513058
218,12.260032053513058,11.300087362505487
219,11.300087362505487,10.84289533699707
220,10.84289533699707,10.604305237224985
221,10.604305237224985,10.34152103585231
222,10.34152103585231,10.023385326482376
223,10.023385326482376,9.762982235275352
224,9.762982235275352,9.674354653109617
225,9.674354653109617,9.790964102577206
226,9.790964102577206,10.084013167292294
227,10.084013167292294,10.558081575733729
228,10.558081575733729,11.250313607238953
229,11.250313607238953,12.042591970133792
230,12.042591970133792,12.510586214333792
231,12.510586214333792,12.165193638553067
232,12.165193638553067,10.979175901636307
233,10.979175901636307,9.561672356818743
234,9.561672356818743,8.65238086137893
235,8.65238086137893,8.502916086737816
236,8.502916086737816,8.835109822600856
237,8.835109822600856,9.266204361047388
238,9.266204361047388,9.600033368022038
239,9.600033368022038,9.767683878521591
240,9.767683878521591,9.737724935919534
241,9.737724935919534,9.582890024187678
242,9.582890024187678,9.445566406693107
243,9.445566406693107,9.311936342589615
244,9.311936342589615,8.96003591737758
245,8.96003591737758,8.235965632754741
246,8.235965632754741,7.259792596639695
247,7.259792596639695,6.291086319034475
248,6.291086319034475,5.519045162939612
249,5.519045162939612,5.064903945004003
250,5.064903945004003,5.034132713031068
251,5.034132713031068,5.408511843432021
252,5.408511843432021,5.958669251109284
253,5.958669251109284,6.402037906968014
254,6.402037906968014,6.615195976412187
255,6.615195976412187,30.018135012643818
256,30.018135012643818,27.440207181496394
257,27.440207181496394,23.04640006493222
258,23.04640006493222,18.24098400748721
259,18.24098400748721,14.500115869900945
260,14.500115869900945,12.609523100532458
261,12.609523100532458,12.383108035486366
262,12.383108035486366,13.018317942485275
263,13.018317942485275,13.648545254198186
264,13.648545254198186,13.698569640627847
265,13.698569640627847,12.976958152005164
266,12.976958152005164,11.615506261657371
267,11.615506261657371,9.97658778252794
268,9.97658778252794,8.618599290154439
269,8.618599290154439,8.197908972568154
270,8.197908972568154,9.104483656629528
271,9.104483656629528,11.062996594246192
272,11.062996594246192,13.20561001013829
273,13.20561001013829,14.682528756230194
274,14.682528756230194,15.189537756771884
275,15.189537756771884,14.950747155103834
276,14.950747155103834,14.3693498827238
277,14.3693498827238,13.74453549531161
278,13.74453549531161,13.153918115450875
279,13.153918115450875,12.500148208343372
280,12.500148208343372,11.690920555770656
281,11.690920555770656,10.793673853275827
282,10.793673853275827,10.041726880931959
283,10.041726880931959,9.799126355978263
284,9.799126355978263,10.460490501935844
285,10.460490501935844,12.047943779302456
286,12.047943779302456,13.792070942744003
287,13.792070942744003,14.530152328699701
288,14.530152328699701,13.831849463741738
289,13.831849463741738,12.470129608679827
290,12.470129608679827,11.537761640730064
291,11.537761640730064,11.370923190414322
292,11.370923190414322,11.497387401364877
293,11.497387401364877,11.345020555988379
294,11.345020555988379,10.73363712543355
295,10.73363712543355,9.82764424921455
296,9.82764424921455,8.886951948267656
297,8.886951948267656,8.11938409675177
298,8.11938409675177,7.616280261076994
299,7.616280261076994,7.364407539419297
300,7.364407539419297,7.35674348181618
301,7.35674348181618,7.632320241173522
302,7.632320241173522,8.099811654484533
303,8.099811654484533,8.41177430569909
304,8.41177430569909,8.180787200808792
305,8.180787200808792,7.3047412892930526
306,7.3047412892930526,6.018321243802392
307,6.018321243802392,4.720825599764197
308,4.720825599764197,3.7848822206780453
309,3.7848822206780453,3.390115164740336
310,3.390115164740336,3.4546560193766203
311,3.4546560193766203,3.774945286112785
312,3.774945286112785,4.233979835469402
313,4.233979835469402,4.824367858850076
314,4.824367858850076,5.496995025043609
315,5.496995025043609,6.092651844091476
316,6.092651844091476,6.45848999035392
317,6.45848999035392,6.583883795305111
318,6.583883795305111,6.588130997186758
319,6.588130997186758,17.637071919681677
320,17.637071919681677,17.910262352472827
321,17.910262352472827,18.007865823604373
322,18.007865823604373,17.670277352418672
323,17.670277352418672,17.047478524062427
324,17.047478524062427,16.484073391648433
325,16.484073391648433,16.77007078478129
326,16.77007078478129,19.327311083968667
327,19.327311083968667,25.173615864614977
328,25.173615864614977,33.26227690316219
329,33.26227690316219,40.28647208272146
330,40.28647208272146,42.6514981222399
331,42.6514981222399,38.9309409166433
332,38.9309409166433,30.748735834162844
333,30.748735834162844,21.518268605022147
334,21.518268605022147,14.135551603776165
335,14.135551603776165,9.530245193200853
336,9.530245193200853,7.057036286245539
337,7.057036286245539,5.757637612051988
338,5.757637612051988,5.059818891492558
339,5.059818891492558,4.687746454613285
340,4.687746454613285,4.425054098460457
341,4.425054098460457,4.1515892685358695
342,4.1515892685358695,3.9331241463948157
343,3.9331241463948157,3.9459691140338045
344,3.9459691140338045,4.260865875418433
345,4.260865875418433,4.7390486060157055
346,4.7390486060157055,5.129105622065591
347,5.129105622065591,5.2494598956704435
348,5.2494598956704435,5.097646642667394
349,5.097646642667394,4.822263272784627
350,4.822263272784627,4.601663353576472
351,4.601663353576472,4.5301083937241575
352,4.5301083937241575,4.583759160502993
353,4.583759160502993,4.664399062443116
354,4.664399062443116,4.6726756442989625
355,4.6726756442989625,4.564361065875133
356,4.564361065875133,4.364668591373814
357,4.364668591373814,4.1329107387319715
358,4.1329107387319715,3.90849710553984
359,3.90849710553984,3.6895438695275504
360,3.6895438695275504,3.4722901967168465
361,3.4722901967168465,3.2991834571544585
362,3.2991834571544585,3.249570419941423
363,3.249570419941423,3.378808897806901
364,3.378808897806901,3.677778460438101
365,3.677778460438101,4.100493841635283
366,4.100493841635283,4.60792564207637
367,4.60792564207637,5.134608843581755
368,5.134608843581755,5.500881468514879
369,5.500881468514879,5.449908106776558
370,5.449908106776558,4.872815898562305
371,4.872815898562305,3.97655810962998
372,3.97655810962998,3.1652427287339773
373,3.1652427287339773,2.7488958231267775
374,2.7488958231267775,2.760164404796936
375,2.760164404796936,2.995098183874278
376,2.995098183874278,3.2151460567168337
377,3.2151460567168337,3.3325126769330007
378,3.3325126769330007,3.391470054081433
379,3.391470054081433,3.389112514794896
380,3.389112514794896,3.2249713910273314
381,3.2249713910273314,2.8908115283821485
382,2.8908115283821485,2.5991856054997085
383,2.5991856054997085,30.02718874022835
384,30.02718874022835,26.48720811245345
385,26.48720811245345,22.432740105900617
386,22.432740105900617,20.788864905229644
387,20.788864905229644,21.890361990388
388,21.890361990388,23.94480356671924
389,23.94480356671924,24.943590963185542
390,24.943590963185542,23.792021689269127
391,23.792021689269127,20.539623825799545
392,20.539623825799545,16.32757222023408
393,16.32757222023408,12.994751462932621
394,12.994751462932621,12.198602294276029
395,12.198602294276029,14.282391107140699
396,14.282391107140699,17.579108904438264
397,17.579108904438264,19.286082694934517
398,19.286082694934517,17.762637202202733
399,17.762637202202733,13.87177271249855
400,13.87177271249855,9.795737055587615
401,9.795737055587615,7.035622106791333
402,7.035622106791333,5.8803327374504
403,5.8803327374504,6.061824098898005
404,6.061824098898005,7.18923836120134
405,7.18923836120134,8.715010181277503
406,8.715010181277503,10.018908276168753
407,10.018908276168753,10.7095717055761
408,10.7095717055761,10.751940735910374
409,10.751940735910374,10.336374850382239
410,10.336374850382239,9.689919092761691
411,9.689919092761691,8.992123824743413
412,8.992123824743413,8.368749224578114
413,8.368749224578114,7.856235552682419
414,7.856235552682419,7.369465785707226
415,7.369465785707226,6.8294717111830945
416,6.8294717111830945,6.342678484144702
417,6.342678484144702,6.142067101201923
418,6.142067101201923,6.340142362695114
419,6.340142362695114,6.782526664453091
420,6.782526664453091,7.144244752740086
421,7.144244752740086,7.18445194105188
422,7.18445194105188,6.920156929481778
423,6.920156929481778,6.533913608147261
424,6.533913608147261,6.161307347641539
425,6.161307347641539,5.83418625758924
426,5.83418625758924,5.545920361950252
427,5.545920361950252,5.252576922036999
428,5.252576922036999,4.886018159076568
429,4.886018159076568,4.460069968488233
430,4.460069968488233,4.107178405119695
431,4.107178405119695,3.9505381324162387
432,3.9505381324162387,3.979080218871638
433,3.979080218871638,4.0604598872215245
434,4.0604598872215245,4.0514979022606274
435,4.0514979022606274,3.9220019732941327
436,3.9220019732941327,3.838300075628634
437,3.838300075628634,4.1688721882819415
438,4.1688721882819415,5.3784490509586504
439,5.3784490509586504,7.70981934935333
440,7.70981934935333,10.71250734067498
441,10.71250734067498,13.128809193191767
442,13.128809193191767,13.63112360184463
443,13.63112360184463,11.929446196795556
444,11.929446196795556,9.047105977804563
445,9.047105977804563,6.4360402811459245
446,6.4360402811459245,5.002954344022148
447,5.002954344022148,18.421582011655374
448,18.421582011655374,16.182382290345743
449,16.182382290345743,13.178223925222714
450,13.178223925222714,11.502804734756632
451,11.502804734756632,12.546661895167778
452,12.546661895167778,16.008801845444697
453,16.008801845444697,19.9662090080394
454,19.9662090080394,22.054050417369492
455,22.054050417369492,20.97529082526638
456,20.97529082526638,17.325526165612757
457,17.325526165612757,13.091518783571491
458,13.091518783571491,10.105144526246395
459,10.105144526246395,8.773033770472628
460,8.773033770472628,8.223436154574477
461,8.223436154574477,7.508217141363681
462,7.508217141363681,6.499922125598815
463,6.499922125598815,5.770727570405872
464,5.770727570405872,5.890333981885265
465,5.890333981885265,6.935558413047273
466,6.935558413047273,8.535001682165529
467,8.535001682165529,10.416293356474664
468,10.416293356474664,12.867495741688426
469,12.867495741688426,16.25491706380155
470,16.25491706380155,19.815711110635043
471,19.815711110635043,21.50478028490138
472,21.50478028490138,19.774169781272224
473,19.774169781272224,15.278780793578306
474,15.278780793578306,10.28142728618429
475,10.28142728618429,6.627258293921644
476,6.627258293921644,4.724724452289655
477,4.724724452289655,4.101509121092025
478,4.101509121092025,4.28652125785827
479,4.28652125785827,5.1565063256485075
480,5.1565063256485075,6.862575296200902
481,6.862575296200902,9.571088147836736
482,9.571088147836736,12.989490950220398
483,12.989490950220398,15.99825739675596
484,15.99825739675596,17.076949341085015
485,17.076949341085015,15.519587006671307
486,15.519587006671307,12.191987413363211
487,12.191987413363211,8.860158401963416
488,8.860158401963416,6.816181054623645
489,6.816181054623645,6.199088979911842
490,6.199088979911842,6.344369731776791
491,6.344369731776791,6.512495623518167
492,6.512495623518167,6.374223593167752
493,6.374223593167752,6.005283447963067
494,6.005283447963067,5.556837423484962
495,5.556837423484962,5.0658648398832105
496,5.0658648398832105,4.578186335878054
497,4.578186335878054,4.30681084328815
498,4.30681084328815,4.611433348948284
499,4.611433348948284,5.933499322229768
500,5.933499322229768,8.633222649344887
501,8.633222649344887,12.476493491176193
502,12.476493491176193,16.11246796131122
503,16.11246796131122,17.600741849501524
504,17.600741849501524,16.044609910235952
505,16.044609910235952,12.492213091883151
506,12.492213091883151,8.844688984702561
507,8.844688984702561,6.201792820308197
508,6.201792820308197,4.547405226711297
509,4.547405226711297,3.5256122572837834
510,3.5256122572837834,2.9994352877440726
511,2.9994352877440726,17.259570165917182
512,17.259570165917182,18.67925004797447
513,18.67925004797447,22.22103425191038
514,22.22103425191038,27.652027762145813
515,27.652027762145813,32.66228255182114
516,32.66228255182114,33.99543652888074
517,33.99543652888074,30.178629339090357
518,30.178629339090357,23.010388087224324
519,23.010388087224324,16.107170009585975
520,16.107170009585975,12.15185863238236
521,12.15185863238236,11.537097681600219
522,11.537097681600219,12.879001300740127
523,12.879001300740127,14.348711216137044
524,14.348711216137044,14.94203143330423
525,14.94203143330423,14.860552230983167
526,14.860552230983167,14.655116954231984
527,14.655116954231984,14.270094190468615
528,14.270094190468615,13.33357026952153
529,13.33357026952153,12.042579121893873
530,12.042579121893873,11.194203864027497
531,11.194203864027497,11.357774839736278
532,11.357774839736278,12.243886584362714
533,12.243886584362714,12.876039050049673
534,12.876039050049673,12.386716858990606
535,12.386716858990606,10.730119352219452
536,10.730119352219452,8.6046825774049
537,8.6046825774049,6.745710103633081
538,6.745710103633081,5.464029131979989
539,5.464029131979989,4.826814790185972
540,4.826814790185972,4.987182063265308
541,4.987182063265308,6.111290850448106
542,6.111290850448106,7.979981599800277
543,7.979981599800277,9.80882879543101
544,9.80882879543101,10.684754340381257
545,10.684754340381257,10.308334407253762
546,10.308334407253762,9.215131081423074
547,9.215131081423074,8.214110673774915
548,8.214110673774915,7.736316350156987
549,7.736316350156987,7.718526102814737
550,7.718526102814737,7.881179401860928
551,7.881179401860928,8.033961108237254
552,8.033961108237254,8.218198325348991
553,8.218198325348991,8.589206316242892
554,8.589206316242892,9.125722971806415
555,9.125722971806415,9.512659111940977
556,9.512659111940977,9.411200973711116
557,9.411200973711116,8.80742446949145
558,8.80742446949145,8.059850853735028
559,8.059850853735028,7.6444736350217815
560,7.6444736350217815,7.806908016523268
561,7.806908016523268,8.324456364322247
562,8.324456364322247,8.626087846016924
563,8.626087846016924,8.290145573881551
564,8.290145573881551,7.447328787023653
565,7.447328787023653,6.628905372252653
566,6.628905372252653,6.279088711812047
567,6.279088711812047,6.509560554414536
568,6.509560554414536,7.272592423031336
569,7.272592423031336,8.620108846630966
570,8.620108846630966,10.628186621202007
571,10.628186621202007,13.001248961882727
572,13.001248961882727,14.973355903014035
573,14.973355903014035,15.947986742269377
574,15.947986742269377,16.13817536288719
575,16.13817536288719,17.873167077686773
576,17.873167077686773,17.285318621057044
577,17.285318621057044,16.284818233430755
578,16.284818233430755,14.777367916149814
579,14.777367916149814,12.627745632444263
580,12.627745632444263,10.280655647532011
581,10.280655647532011,8.548152086834957
582,8.548152086834957,7.788429443967833
583,7.788429443967833,7.7631436547747805
584,7.7631436547747805,8.279739945201682
585,8.279739945201682,9.47608408263264
586,9.47608408263264,11.279392148966174
587,11.279392148966174,13.010197727755283
588,13.010197727755283,13.900897207023117
589,13.900897207023117,13.78893847757361
590,13.78893847757361,13.091842982058559
591,13.091842982058559,12.369789886308169
592,12.369789886308169,12.02430669526054
593,12.02430669526054,12.080620743812704
594,12.080620743812704,12.108986360897322
595,12.108986360897322,11.665247460467343
596,11.665247460467343,10.949088397138397
597,10.949088397138397,10.773625162579433
598,10.773625162579433,11.701405693891733
599,11.701405693891733,13.444521546722859
600,13.444521546722859,15.328858180496487
601,15.328858180496487,17.115075346936273
602,17.115075346936273,19.024077164937047
603,19.024077164937047,20.932289642663783
604,20.932289642663783,21.906110762328183
605,21.906110762328183,20.90064718985664
606,20.90064718985664,17.861535118067618
607,17.861535118067618,13.866832937433305
608,13.866832937433305,10.219210413251432
609,10.219210413251432,7.603186548822821
610,7.603186548822821,6.017937742834999
611,6.017937742834999,5.2176233688843965
612,5.2176233688843965,5.045647414661097
613,5.045647414661097,5.423901538391927
614,5.423901538391927,6.147556569077635
615,6.147556569077635,6.807074972621787
616,6.807074972621787,6.999839493147069
617,6.999839493147069,6.612175406752408
618,6.612175406752408,5.863318525826299
619,5.863318525826299,5.138774507290137
620,5.138774507290137,4.859077918695732
621,4.859077918695732,5.47477107429037
622,5.47477107429037,7.366327458830224
623,7.366327458830224,10.434961288282524
624,10.434961288282524,13.683543520826255
625,13.683543520826255,15.557132138912941
626,15.557132138912941,15.121811448484596
627,15.121811448484596,12.856271723839306
628,12.856271723839306,10.13599766779848
629,10.13599766779848,8.221838749010537
630,8.221838749010537,7.893745856729344
631,7.893745856729344,9.504095678044555
632,9.504095678044555,12.6949195578708
633,12.6949195578708,16.06296061239367
634,16.06296061239367,17.74176240414045
635,17.74176240414045,16.795096462203166
636,16.795096462203166,13.952194929354228
637,13.952194929354228,10.894136963023566
638,10.894136963023566,9.039286067967229
639,9.039286067967229,71.31134520362852
640,71.31134520362852,65.64940059212564
641,65.64940059212564,57.1342493883709
642,57.1342493883709,48.853298134050206
643,48.853298134050206,42.34469626306735
644,42.34469626306735,37.85147577495644
645,37.85147577495644,35.0071529436703
646,35.0071529436703,32.921485466226216
647,32.921485466226216,30.423670900886705
648,30.423670900886705,26.746205071580768
649,26.746205071580768,21.92192936778174
650,21.92192936778174,16.648815828282586
651,16.648815828282586,11.894288668813356
652,11.894288668813356,8.390010392687412
653,8.390010392687412,6.300076724901613
654,6.300076724901613,5.334344298633145
655,5.334344298633145,5.086833791991063
656,5.086833791991063,5.190363679871696
657,5.190363679871696,5.31337421036227
658,5.31337421036227,5.249954225249391
659,5.249954225249391,5.117381111611487
660,5.117381111611487,5.441743144572293
661,5.441743144572293,7.017392436820534
662,7.017392436820534,10.445278963958536
663,10.445278963958536,15.349768279688199
664,15.349768279688199,19.937570083342997
665,19.937570083342997,21.924914625664158
666,21.924914625664158,20.405715124365003
667,20.405715124365003,16.59337569354707
668,16.59337569354707,12.550505810047952
669,12.550505810047952,9.585374730736124
670,9.585374730736124,7.952811738210462
671,7.952811738210462,7.420605792154125
672,7.420605792154125,7.596027220602378
673,7.596027220602378,7.92537365452311
674,7.92537365452311,7.847393560956534
675,7.847393560956534,7.1251572091520625
676,7.1251572091520625,5.972878248073682
677,5.972878248073682,4.832026872728314
678,4.832026872728314,4.045852404353972
679,4.045852404353972,3.7418798188828006
680,3.7418798188828006,3.9143025994978733
681,3.9143025994978733,4.464547199040637
682,4.464547199040637,5.140334646525076
683,5.140334646525076,5.599412506523829
684,5.599412506523829,5.667513152287576
685,5.667513152287576,5.487804746234304
686,5.487804746234304,5.33957646968102
687,5.33957646968102,5.366355370541397
688,5.366355370541397,5.527666112703187
689,5.527666112703187,5.732183782624072
690,5.732183782624072,5.932658535495971
691,5.932658535495971,6.118164300797861
692,6.118164300797861,6.291373177774328
693,6.291373177774328,6.4720250673809385
694,6.4720250673809385,6.737408883585973
695,6.737408883585973,7.303938379620599
696,7.303938379620599,8.591242698484665
697,8.591242698484665,11.026825777073627
698,11.026825777073627,14.45303819303259
699,14.45303819303259,17.69498920661239
700,17.69498920661239,19.218682758353964
701,19.218682758353964,18.685092926146453
702,18.685092926146453,17.549652555163895
