,Curvature_n,Curvature_n1
0,94.28803956606554,95.3109017581367
1,95.3109017581367,97.32130710624793
2,97.32130710624793,98.91733982867584
3,98.91733982867584,97.58048132072226
4,97.58048132072226,92.40408725835582
5,92.40408725835582,86.06593696450872
6,86.06593696450872,83.096140045139
7,83.096140045139,85.91631019555774
8,85.91631019555774,92.76726454805478
9,92.76726454805478,99.22278018557404
10,99.22278018557404,101.50406068255708
11,101.50406068255708,98.92795391462971
12,98.92795391462971,93.84972988407142
13,93.84972988407142,89.26411996447875
14,89.26411996447875,86.39970064167758
15,86.39970064167758,84.3803523442842
16,84.3803523442842,81.28592212005752
17,81.28592212005752,75.41498395260508
18,75.41498395260508,66.8005543060335
19,66.8005543060335,57.96930497241442
20,57.96930497241442,52.036656620101546
21,52.036656620101546,49.72688731337581
22,49.72688731337581,49.28788850050666
23,49.28788850050666,49.18541642830213
24,49.18541642830213,49.68746578236371
25,49.68746578236371,51.765788103285004
26,51.765788103285004,55.157455577799325
27,55.157455577799325,57.3605022199705
28,57.3605022199705,54.909630537925935
29,54.909630537925935,46.92123515504038
30,46.92123515504038,37.49003908483864
31,37.49003908483864,33.23480758743909
32,33.23480758743909,37.899709446466495
33,37.899709446466495,49.32401218673425
34,49.32401218673425,61.248983046634216
35,61.248983046634216,67.9730544548422
36,67.9730544548422,67.86974080746498
37,67.86974080746498,63.12934963055271
38,63.12934963055271,56.546217238591865
39,56.546217238591865,49.21141014793809
40,49.21141014793809,41.946022314785154
41,41.946022314785154,37.39483994787644
42,37.39483994787644,38.028006681798104
43,38.028006681798104,42.09432453931567
44,42.09432453931567,44.070427449164214
45,44.070427449164214,40.209858165287
46,40.209858165287,32.24591923339278
47,32.24591923339278,24.77903275243697
48,24.77903275243697,20.632778400936346
49,20.632778400936346,20.073910502462166
50,20.073910502462166,22.974468523971755
51,22.974468523971755,29.11584492238134
52,29.11584492238134,36.08454391628819
53,36.08454391628819,39.54101674072882
54,39.54101674072882,37.67326399234933
55,37.67326399234933,34.53442570588944
56,34.53442570588944,37.461778620452165
57,37.461778620452165,51.042916651739404
58,51.042916651739404,72.97661252920872
59,72.97661252920872,94.54154319749321
60,94.54154319749321,106.35715569696876
61,106.35715569696876,106.35961888801424
62,106.35961888801424,101.95613852964333
63,101.95613852964333,106.3541176473313
64,106.3541176473313,108.3643366921174
65,108.3643366921174,109.58770761566626
66,109.58770761566626,107.52929323524685
67,107.52929323524685,101.4463973919709
68,101.4463973919709,92.03007768827929
69,92.03007768827929,81.55501483807296
70,81.55501483807296,73.10811960202777
71,73.10811960202777,68.60399297118934
72,68.60399297118934,68.65004438910954
73,68.65004438910954,73.85294960002653
74,73.85294960002653,84.66338271175384
75,84.66338271175384,100.2705786240231
76,100.2705786240231,118.11598378909471
77,118.11598378909471,134.02246444245054
78,134.02246444245054,143.08211477579923
79,143.08211477579923,141.45506361985102
80,141.45506361985102,128.4645845863021
81,128.4645845863021,108.50175940247998
82,108.50175940247998,90.84482781378098
83,90.84482781378098,84.92785446926399
84,84.92785446926399,93.32165615463822
85,93.32165615463822,109.37864703934949
86,109.37864703934949,122.57674359754206
87,122.57674359754206,126.17825243263513
88,126.17825243263513,120.49186933013836
89,120.49186933013836,110.86223650292992
90,110.86223650292992,103.53565504031073
91,103.53565504031073,101.76832724398722
92,101.76832724398722,103.59910775097407
93,103.59910775097407,103.20932476113757
94,103.20932476113757,95.51157151994096
95,95.51157151994096,80.23709501125535
96,80.23709501125535,62.64333974774823
97,62.64333974774823,50.480737889266656
98,50.480737889266656,48.69795728947683
99,48.69795728947683,55.635121295432675
100,55.635121295432675,64.24313114641325
101,64.24313114641325,67.34220658286833
102,67.34220658286833,62.43662838631242
103,62.43662838631242,52.996646043037174
104,52.996646043037174,45.55509609787579
105,45.55509609787579,44.099582147741366
106,44.099582147741366,46.340338811993526
107,46.340338811993526,46.411143985317324
108,46.411143985317324,41.632501204224674
109,41.632501204224674,35.59427453361078
110,35.59427453361078,34.08348700932777
111,34.08348700932777,38.94296190287684
112,38.94296190287684,46.44151956412309
113,46.44151956412309,50.88458132316871
114,50.88458132316871,49.41589707238472
115,49.41589707238472,43.6156094763885
116,43.6156094763885,37.59710394150896
117,37.59710394150896,35.33584565183807
118,35.33584565183807,38.43332205561195
119,38.43332205561195,44.447866852152316
120,44.447866852152316,47.96406100049254
121,47.96406100049254,45.157724274838486
122,45.157724274838486,37.12334770116107
123,37.12334770116107,27.984664737042948
124,27.984664737042948,20.80013947324549
125,20.80013947324549,16.26603182244842
126,16.26603182244842,14.08164200771092
127,14.08164200771092,42.85307266853309
128,42.85307266853309,48.54141386109313
129,48.54141386109313,55.817165531902916
130,55.817165531902916,60.382380360637015
131,60.382380360637015,60.60070677096851
132,60.60070677096851,57.297698847538015
133,57.297698847538015,52.926574646174984
134,52.926574646174984,50.34510008215929
135,50.34510008215929,49.933641688166325
136,49.933641688166325,48.35528243035818
137,48.35528243035818,42.28882046468802
138,42.28882046468802,33.015356999677664
139,33.015356999677664,25.679909457394473
140,25.679909457394473,24.373105901254572
141,24.373105901254572,29.091195580159578
142,29.091195580159578,36.99425834800729
143,36.99425834800729,45.09052763472771
144,45.09052763472771,51.05542085166809
145,51.05542085166809,53.00754403660854
146,53.00754403660854,50.9239726748218
147,50.9239726748218,47.91323832910285
148,47.91323832910285,48.08630562425512
149,48.08630562425512,52.94589331455549
150,52.94589331455549,60.753386820807364
151,60.753386820807364,68.39458790739168
152,68.39458790739168,72.5908744666728
153,72.5908744666728,70.34840653965297
154,70.34840653965297,60.32863204675157
155,60.32863204675157,44.51742248919432
156,44.51742248919432,27.787054825452177
157,27.787054825452177,14.891083965328594
158,14.891083965328594,7.7049905032879895
159,7.7049905032879895,5.204425302043558
160,5.204425302043558,5.221079767172027
161,5.221079767172027,5.845106152732592
162,5.845106152732592,5.950688532474408
163,5.950688532474408,5.2655968104931805
164,5.2655968104931805,4.176653367459419
165,4.176653367459419,3.271808340982755
166,3.271808340982755,2.9712773896296047
167,2.9712773896296047,3.3545176355338038
168,3.3545176355338038,4.161068558187864
169,4.161068558187864,5.002578239504314
170,5.002578239504314,5.7102973380226665
171,5.7102973380226665,6.419503345836738
172,6.419503345836738,7.219379877846428
173,7.219379877846428,7.852245039906556
174,7.852245039906556,7.908215741063449
175,7.908215741063449,7.254021795706832
176,7.254021795706832,6.208445020196471
177,6.208445020196471,5.4002505471503435
178,5.4002505471503435,5.508124895833897
179,5.508124895833897,6.974662812387287
180,6.974662812387287,9.723703876885317
181,9.723703876885317,13.032465304576514
182,13.032465304576514,15.74307498145027
183,15.74307498145027,16.835472620517805
184,16.835472620517805,16.079063649659005
185,16.079063649659005,14.247563341320985
186,14.247563341320985,12.5656066757602
187,12.5656066757602,11.869019069158353
188,11.869019069158353,12.261757743177771
189,12.261757743177771,13.26730168935411
190,13.26730168935411,14.095944920947986
191,14.095944920947986,12.872821501033686
192,12.872821501033686,15.538233485912254
193,15.538233485912254,18.905471888676338
194,18.905471888676338,20.464399375489688
195,20.464399375489688,19.065367356109192
196,19.065367356109192,15.634303072794353
197,15.634303072794353,12.1343055321331
198,12.1343055321331,10.172402007702171
199,10.172402007702171,10.400286806393138
200,10.400286806393138,12.396082632765282
201,12.396082632765282,14.946431427930573
202,14.946431427930573,17.09311177343063
203,17.09311177343063,19.36746886367858
204,19.36746886367858,23.541297155789252
205,23.541297155789252,30.313438965796955
206,30.313438965796955,37.05689622428672
207,37.05689622428672,38.958025786547736
208,38.958025786547736,33.49830764949224
209,33.49830764949224,23.209748524152637
210,23.209748524152637,13.174625088548627
211,13.174625088548627,6.656694275521327
212,6.656694275521327,3.792388952990717
213,3.792388952990717,3.2565382113237153
214,3.2565382113237153,3.9590686171451694
215,3.9590686171451694,5.415935255085865
216,5.415935255085865,7.285025011407985
217,7.285025011407985,8.900862796447516
218,8.900862796447516,9.389867532566917
219,9.389867532566917,8.376695574679676
220,8.376695574679676,6.400531420553662
221,6.400531420553662,4.483820737811612
222,4.483820737811612,3.3879475041911338
223,3.3879475041911338,3.318553772784875
224,3.318553772784875,4.052232062045123
225,4.052232062045123,5.110877700993801
226,5.110877700993801,5.951244114444712
227,5.951244114444712,6.269253967689494
228,6.269253967689494,6.187320269154062
229,6.187320269154062,6.042685534830342
230,6.042685534830342,5.988478446759976
231,5.988478446759976,5.910967420285482
232,5.910967420285482,5.733653850881327
233,5.733653850881327,5.580341638297286
234,5.580341638297286,5.526405344030705
235,5.526405344030705,5.4260069248049385
236,5.4260069248049385,5.205760965493416
237,5.205760965493416,5.186369166710965
238,5.186369166710965,5.862910034950043
239,5.862910034950043,7.33019888691027
240,7.33019888691027,9.077070304017724
241,9.077070304017724,10.49860044789111
242,10.49860044789111,11.505399706344942
243,11.505399706344942,12.329624416341087
244,12.329624416341087,12.803479523663269
245,12.803479523663269,12.352225062978626
246,12.352225062978626,10.85562511669454
247,10.85562511669454,9.09979467869248
248,9.09979467869248,8.138829465429039
249,8.138829465429039,8.343328118396087
250,8.343328118396087,9.123207188637938
251,9.123207188637938,9.505732702155541
252,9.505732702155541,8.984742549783915
253,8.984742549783915,7.890834074222435
254,7.890834074222435,7.032425456495276
255,7.032425456495276,16.697979680837875
256,16.697979680837875,15.628412648584664
257,15.628412648584664,15.118640635344303
258,15.118640635344303,16.40897054647593
259,16.40897054647593,18.608217585430232
260,18.608217585430232,19.288287197858214
261,19.288287197858214,16.901538796034004
262,16.901538796034004,12.279146381484551
263,12.279146381484551,7.602420844573697
264,7.602420844573697,4.382829407524629
265,4.382829407524629,2.7598237278717637
266,2.7598237278717637,2.221418090170289
267,2.221418090170289,2.3757038348744874
268,2.3757038348744874,3.1154608807197537
269,3.1154608807197537,4.445117046071037
270,4.445117046071037,6.225437185873604
271,6.225437185873604,7.922975637364834
272,7.922975637364834,8.718973295694548
273,8.718973295694548,8.128067914144507
274,8.128067914144507,6.510889954961324
275,6.510889954961324,4.911321656957038
276,4.911321656957038,4.568747659399527
277,4.568747659399527,6.793241502055512
278,6.793241502055512,12.735953083284144
279,12.735953083284144,22.072109022885904
280,22.072109022885904,31.520740632183074
281,31.520740632183074,36.10001660484649
282,36.10001660484649,33.402782315484224
283,33.402782315484224,26.126675161219904
284,26.126675161219904,19.333871618844743
285,19.333871618844743,15.85463751944854
286,15.85463751944854,15.054548879271717
287,15.054548879271717,14.985296783523811
288,14.985296783523811,14.479127399514038
289,14.479127399514038,13.482743796890535
290,13.482743796890535,12.445679562643473
291,12.445679562643473,11.79779494232832
292,11.79779494232832,11.792766508556422
293,11.792766508556422,12.703918533942204
294,12.703918533942204,14.76099909381986
295,14.76099909381986,17.45349645901038
296,17.45349645901038,19.152114653294838
297,19.152114653294838,18.172843867425982
298,18.172843867425982,14.408391774623837
299,14.408391774623837,9.52211731299888
300,9.52211731299888,5.4774349572481835
301,5.4774349572481835,3.2089414063997754
302,3.2089414063997754,2.6212074104065444
303,2.6212074104065444,3.333853634938979
304,3.333853634938979,5.132525850424334
305,5.132525850424334,7.796453232501124
306,7.796453232501124,10.74021870477096
307,10.74021870477096,13.12518781338001
308,13.12518781338001,14.504587335873996
309,14.504587335873996,15.160226160707047
310,15.160226160707047,15.555454385251357
311,15.555454385251357,15.631743164702094
312,15.631743164702094,14.880863005164874
313,14.880863005164874,13.025072948711806
314,13.025072948711806,10.429392979400223
315,10.429392979400223,7.819966126543142
316,7.819966126543142,5.745567626948886
317,5.745567626948886,4.386591862981538
318,4.386591862981538,3.7236943912885083
319,3.7236943912885083,55.71904932178657
320,55.71904932178657,49.952636166704835
321,49.952636166704835,39.150010008441846
322,39.150010008441846,26.204876401321485
323,26.204876401321485,15.2799751256037
324,15.2799751256037,9.107853975189617
325,9.107853975189617,8.270206065117376
326,8.270206065117376,12.75065624790794
327,12.75065624790794,22.62191969156153
328,22.62191969156153,36.32508243184837
329,36.32508243184837,48.97591460706016
330,48.97591460706016,54.267150519246236
331,54.267150519246236,49.406926147281055
332,49.406926147281055,37.66419654960083
333,37.66419654960083,25.28805628793063
334,25.28805628793063,16.554666142316652
335,16.554666142316652,12.068803042470883
336,12.068803042470883,10.46161001296117
337,10.46161001296117,10.289582165386307
338,10.289582165386307,10.551910386802229
339,10.551910386802229,10.729540962133589
340,10.729540962133589,11.046247750750737
341,11.046247750750737,12.202316473803984
342,12.202316473803984,14.35442462698484
343,14.35442462698484,16.539413869501054
344,16.539413869501054,17.50538653397474
345,17.50538653397474,16.999260489518267
346,16.999260489518267,15.952418267495542
347,15.952418267495542,15.497170419674315
348,15.497170419674315,16.072427822273415
349,16.072427822273415,17.41435808859704
350,17.41435808859704,19.192999846233953
351,19.192999846233953,21.507428370207013
352,21.507428370207013,24.525422880008957
353,24.525422880008957,27.559716890076768
354,27.559716890076768,29.30588930641556
355,29.30588930641556,29.856275368760603
356,29.856275368760603,31.964060357766524
357,31.964060357766524,38.8334064752193
358,38.8334064752193,50.06101390554086
359,50.06101390554086,60.47653638002945
360,60.47653638002945,64.00673978953404
361,64.00673978953404,58.725546284064905
362,58.725546284064905,47.57624802940901
363,47.57624802940901,34.905169634000586
364,34.905169634000586,23.66543113788711
365,23.66543113788711,15.342450827289063
366,15.342450827289063,10.596341440565332
367,10.596341440565332,9.340777113636161
368,9.340777113636161,10.760180385451214
369,10.760180385451214,13.456158503479562
370,13.456158503479562,15.68076300119622
371,15.68076300119622,15.987536138916694
372,15.987536138916694,14.244041685923268
373,14.244041685923268,11.818172993624481
374,11.818172993624481,10.295001710275766
375,10.295001710275766,9.984053297870817
376,9.984053297870817,10.044315480531397
377,10.044315480531397,10.188907349193592
378,10.188907349193592,12.124863625045432
379,12.124863625045432,19.020233457302457
380,19.020233457302457,32.60667427704139
381,32.60667427704139,49.6690472067926
382,49.6690472067926,61.9609702115343
383,61.9609702115343,30.040987166786373
384,30.040987166786373,33.422834356725296
385,33.422834356725296,38.60945647577714
386,38.60945647577714,44.62963037209985
387,44.62963037209985,51.45612883249167
388,51.45612883249167,57.70479291929879
389,57.70479291929879,59.784078360252344
390,59.784078360252344,54.60147953690533
391,54.60147953690533,42.88485868784198
392,42.88485868784198,29.252269778459787
393,29.252269778459787,18.810865194097865
394,18.810865194097865,13.788189830476567
395,13.788189830476567,13.135347689734669
396,13.135347689734669,14.480222747417354
397,14.480222747417354,15.956109131153864
398,15.956109131153864,16.577113931090228
399,16.577113931090228,15.8211311871041
400,15.8211311871041,13.60311153194194
401,13.60311153194194,10.56849917220355
402,10.56849917220355,7.912211760823289
403,7.912211760823289,6.510696134296008
404,6.510696134296008,6.252085322576109
405,6.252085322576109,6.312998885934263
406,6.312998885934263,6.115649956449719
407,6.115649956449719,5.892403743262996
408,5.892403743262996,6.223646524638586
409,6.223646524638586,7.212965919657274
410,7.212965919657274,8.421806182105524
411,8.421806182105524,9.581471108552133
412,9.581471108552133,11.006072030500725
413,11.006072030500725,13.056407714570597
414,13.056407714570597,15.323222746818189
415,15.323222746818189,16.61413866643966
416,16.61413866643966,15.967004131042799
417,15.967004131042799,13.654689296298605
418,13.654689296298605,10.932464434126722
419,10.932464434126722,8.790817166760622
420,8.790817166760622,7.261758474358716
421,7.261758474358716,5.9215846769084415
422,5.9215846769084415,4.631791957470437
423,4.631791957470437,3.635875232297149
424,3.635875232297149,3.2806687787510094
425,3.2806687787510094,3.9271765841135204
426,3.9271765841135204,5.949310410535744
427,5.949310410535744,9.377344437864243
428,9.377344437864243,13.302196253522467
429,13.302196253522467,15.948367691844133
430,15.948367691844133,15.923601368912426
431,15.923601368912426,13.492121969130348
432,13.492121969130348,10.295119461843901
433,10.295119461843901,7.865045980865101
434,7.865045980865101,6.723138582274668
435,6.723138582274668,6.7309305469893665
436,6.7309305469893665,7.708203779292809
437,7.708203779292809,9.416476640848993
438,9.416476640848993,11.257678550790848
439,11.257678550790848,12.471206017512255
440,12.471206017512255,12.68218702657898
441,12.68218702657898,11.967806226235833
442,11.967806226235833,10.454600366149213
443,10.454600366149213,8.270453840168773
444,8.270453840168773,5.845676720378481
445,5.845676720378481,3.843638984322918
446,3.843638984322918,2.75493124834166
447,2.75493124834166,5.303316107242738
448,5.303316107242738,5.4782698105016205
449,5.4782698105016205,5.494231566759239
450,5.494231566759239,5.256962414594026
451,5.256962414594026,5.527550602564823
452,5.527550602564823,8.141226535681286
453,8.141226535681286,15.691147608246883
454,15.691147608246883,30.094188955324835
455,30.094188955324835,50.15831799221344
456,50.15831799221344,70.51450011872575
457,70.51450011872575,84.15803425844888
458,84.15803425844888,86.57248451827898
459,86.57248451827898,77.66153294343005
460,77.66153294343005,61.33381779796162
461,61.33381779796162,44.46380946282236
462,44.46380946282236,34.41297216217843
463,34.41297216217843,34.861775882298225
464,34.861775882298225,43.150788836326726
465,43.150788836326726,52.245617206592485
466,52.245617206592485,56.025999436575766
467,56.025999436575766,53.0305242496738
468,53.0305242496738,45.64487083809775
469,45.64487083809775,36.91386913971478
470,36.91386913971478,28.882650462452386
471,28.882650462452386,23.422450669481
472,23.422450669481,22.752198313163987
473,22.752198313163987,27.495057448965603
474,27.495057448965603,34.36389271076691
475,34.36389271076691,37.70638995978071
476,37.70638995978071,34.84865045015922
477,34.84865045015922,29.571706305204554
478,29.571706305204554,29.333592160414373
479,29.333592160414373,38.79477374365219
480,38.79477374365219,55.29524158142692
481,55.29524158142692,70.28407241266792
482,70.28407241266792,76.21262328368778
483,76.21262328368778,72.34028756829372
484,72.34028756829372,62.955571035827944
485,62.955571035827944,51.49703512448376
486,51.49703512448376,39.01282962204235
487,39.01282962204235,26.835982508273403
488,26.835982508273403,17.138638686574538
489,17.138638686574538,10.90225172252848
490,10.90225172252848,7.3969346400149085
491,7.3969346400149085,5.678880182163217
492,5.678880182163217,5.549231356115764
493,5.549231356115764,7.107070762920412
494,7.107070762920412,9.954831734254356
495,9.954831734254356,13.133573851495505
496,13.133573851495505,16.037234751609752
497,16.037234751609752,19.787925456624855
498,19.787925456624855,27.633710342037695
499,27.633710342037695,43.06767770422181
500,43.06767770422181,65.87556881152858
501,65.87556881152858,89.75325000784842
502,89.75325000784842,105.54661982858094
503,105.54661982858094,108.311379305307
504,108.311379305307,100.58020124946083
505,100.58020124946083,88.25166641017913
506,88.25166641017913,74.6610534105895
507,74.6610534105895,59.67349803221115
508,59.67349803221115,43.368270429743816
509,43.368270429743816,28.607346560640593
510,28.607346560640593,19.739948491666798
511,19.739948491666798,56.315626179430794
512,56.315626179430794,71.02106042052348
513,71.02106042052348,89.92864557915306
514,89.92864557915306,100.07331345334656
515,100.07331345334656,96.38072365397335
516,96.38072365397335,85.69987827611914
517,85.69987827611914,80.25088574707625
518,80.25088574707625,86.15271153269168
519,86.15271153269168,97.87737415983888
520,97.87737415983888,104.14766067414163
521,104.14766067414163,99.11617512616091
522,99.11617512616091,87.1314349616911
523,87.1314349616911,76.5952879189469
524,76.5952879189469,70.81822097157787
525,70.81822097157787,66.03226233640643
526,66.03226233640643,56.96631600659896
527,56.96631600659896,42.64365287667757
528,42.64365287667757,26.878635525170058
529,26.878635525170058,14.396735198325867
530,14.396735198325867,7.218198730841312
531,7.218198730841312,4.429121041019233
532,4.429121041019233,4.214882609147491
533,4.214882609147491,5.601021588945737
534,5.601021588945737,8.646903176146566
535,8.646903176146566,13.25777817702138
536,13.25777817702138,17.891302857371425
537,17.891302857371425,19.929991302646847
538,19.929991302646847,17.94459578166618
539,17.94459578166618,13.174847102315296
540,13.174847102315296,8.287060602512605
541,8.287060602512605,5.080136469992615
542,5.080136469992615,3.7229610039048566
543,3.7229610039048566,3.5320694754983353
544,3.5320694754983353,3.8112212909993137
545,3.8112212909993137,4.164599827749258
546,4.164599827749258,4.587364887292502
547,4.587364887292502,5.395073085736972
548,5.395073085736972,6.776355037673542
549,6.776355037673542,8.294807285939466
550,8.294807285939466,9.053321938028349
551,9.053321938028349,8.56288103757115
552,8.56288103757115,7.310042973467193
553,7.310042973467193,6.381231808169614
554,6.381231808169614,6.784381404718932
555,6.784381404718932,9.163129528605861
556,9.163129528605861,13.533394266076694
557,13.533394266076694,18.722478847920385
558,18.722478847920385,22.385536832536353
559,22.385536832536353,22.467423390489305
560,22.467423390489305,18.993338621476564
561,18.993338621476564,14.052343997248176
562,14.052343997248176,9.940569960595237
563,9.940569960595237,7.627055593467795
564,7.627055593467795,6.884060956104667
565,6.884060956104667,7.266879174055325
566,7.266879174055325,8.778801177779576
567,8.778801177779576,11.818861659964329
568,11.818861659964329,16.47515698629172
569,16.47515698629172,21.65118743961825
570,21.65118743961825,25.148405446800908
571,25.148405446800908,25.172592208744536
572,25.172592208744536,21.864726216893764
573,21.864726216893764,17.305576801308618
574,17.305576801308618,14.152400785888704
575,14.152400785888704,6.093044334689779
576,6.093044334689779,5.4899345395652315
577,5.4899345395652315,4.913439934037116
578,4.913439934037116,5.067058147921631
579,5.067058147921631,6.277772871606713
580,6.277772871606713,8.557329714116173
581,8.557329714116173,11.74443196902806
582,11.74443196902806,15.195889407968782
583,15.195889407968782,17.54206215837108
584,17.54206215837108,17.51699021980914
585,17.51699021980914,15.298206824117269
586,15.298206824117269,12.46319132456493
587,12.46319132456493,10.342242679025816
588,10.342242679025816,8.888505285416425
589,8.888505285416425,7.361106800849566
590,7.361106800849566,5.553931484464964
591,5.553931484464964,3.9603173160646414
592,3.9603173160646414,3.062640353734443
593,3.062640353734443,2.847041072018739
594,2.847041072018739,2.9414734038978123
595,2.9414734038978123,2.996019514454085
596,2.996019514454085,2.896029022165532
597,2.896029022165532,2.7141236912082274
598,2.7141236912082274,2.558089925559302
599,2.558089925559302,2.480298444764469
600,2.480298444764469,2.4966887850072084
601,2.4966887850072084,2.625299339087415
602,2.625299339087415,2.873872192851957
603,2.873872192851957,3.2050978647672994
604,3.2050978647672994,3.5524336433158323
605,3.5524336433158323,3.8803716539613746
606,3.8803716539613746,4.198822302665592
607,4.198822302665592,4.50485486442643
608,4.50485486442643,4.752528565301198
609,4.752528565301198,4.938555399720483
610,4.938555399720483,5.183907905465207
611,5.183907905465207,5.641238244388098
612,5.641238244388098,6.327135645477507
613,6.327135645477507,7.198345704417096
614,7.198345704417096,8.410055582401473
615,8.410055582401473,10.177468162430948
616,10.177468162430948,12.116310054616624
617,12.116310054616624,13.0387081674793
618,13.0387081674793,11.933274490907722
619,11.933274490907722,9.098751232037687
620,9.098751232037687,5.934321558115512
621,5.934321558115512,3.686469809780904
622,3.686469809780904,2.677327853951491
623,2.677327853951491,2.552761276991239
624,2.552761276991239,2.9644251208058496
625,2.9644251208058496,4.121058788440083
626,4.121058788440083,7.08279296335577
627,7.08279296335577,13.297546171377626
628,13.297546171377626,22.827164497688923
629,22.827164497688923,32.52427011183245
630,32.52427011183245,37.186562578243255
631,37.186562578243255,33.992846295440074
632,33.992846295440074,25.390726147073558
633,25.390726147073558,16.67112271766305
634,16.67112271766305,11.300075287340638
635,11.300075287340638,9.184635421568956
636,9.184635421568956,8.437782274978593
637,8.437782274978593,7.738807474182639
638,7.738807474182639,7.114232948674879
639,7.114232948674879,58.777843151987256
640,58.777843151987256,51.36903986515533
641,51.36903986515533,40.05996723318624
642,40.05996723318624,29.10315739952022
643,29.10315739952022,21.012588015395206
644,21.012588015395206,16.167890104712242
645,16.167890104712242,13.76667966341075
646,13.76667966341075,12.974189744962306
647,12.974189744962306,13.49442161385718
648,13.49442161385718,15.126166527722692
649,15.126166527722692,16.88788427798908
650,16.88788427798908,17.130244080017487
651,17.130244080017487,14.913041089591243
652,14.913041089591243,10.999170678302875
653,10.999170678302875,7.170824556357972
654,7.170824556357972,4.7802954344610304
655,4.7802954344610304,4.168274473888458
656,4.168274473888458,5.036395594802495
657,5.036395594802495,6.785449437100009
658,6.785449437100009,8.492157392027432
659,8.492157392027432,9.143675943976769
660,9.143675943976769,8.338993289416821
661,8.338993289416821,6.637071956237977
662,6.637071956237977,5.00391183544436
663,5.00391183544436,4.026225834249502
664,4.026225834249502,3.728276214686372
665,3.728276214686372,3.8718179302457694
666,3.8718179302457694,4.20797322901958
667,4.20797322901958,4.540093493991375
668,4.540093493991375,4.748563913257147
669,4.748563913257147,4.810691441551369
670,4.810691441551369,4.733039193004754
671,4.733039193004754,4.469433374702879
672,4.469433374702879,3.9833065172097335
673,3.9833065172097335,3.443361804056445
674,3.443361804056445,3.294610954669993
675,3.294610954669993,4.0823589760363985
676,4.0823589760363985,6.118245534727014
677,6.118245534727014,9.092452485817269
678,9.092452485817269,11.88321157303582
679,11.88321157303582,13.045842711831634
680,13.045842711831634,11.919620229164712
681,11.919620229164712,9.24464843814382
682,9.24464843814382,6.48589411060926
683,6.48589411060926,4.659385044435489
684,4.659385044435489,3.893584520506833
685,3.893584520506833,3.788331178993552
686,3.788331178993552,3.8942469218543865
687,3.8942469218543865,3.9512794890211125
688,3.9512794890211125,3.9632336644474564
689,3.9632336644474564,4.214126344021049
690,4.214126344021049,5.236484251023427
691,5.236484251023427,7.555520640072534
692,7.555520640072534,11.051191059753469
693,11.051191059753469,14.438853671715197
694,14.438853671715197,15.867237875439223
695,15.867237875439223,14.53737310222213
696,14.53737310222213,11.530884914119936
697,11.530884914119936,8.708302142888332
698,8.708302142888332,7.053276013572754
699,7.053276013572754,6.314799642418317
700,6.314799642418317,5.847026418098714
701,5.847026418098714,5.369791591012503
702,5.369791591012503,5.024286266204679
