,Curvature_n,Curvature_n1
0,23.520692469904745,25.605682370130392
1,25.605682370130392,27.472433360117414
2,27.472433360117414,27.038985964547408
3,27.038985964547408,24.380447990056837
4,24.380447990056837,21.11588180223911
5,21.11588180223911,18.684750134249942
6,18.684750134249942,17.6778031005889
7,17.6778031005889,18.10201579259534
8,18.10201579259534,19.424076243219016
9,19.424076243219016,20.52959669465178
10,20.52959669465178,20.424340444418053
11,20.424340444418053,19.166917205677034
12,19.166917205677034,17.70277483961101
13,17.70277483961101,16.795851184798078
14,16.795851184798078,16.523476181760554
15,16.523476181760554,16.613846171251392
16,16.613846171251392,16.661628644567443
17,16.661628644567443,16.169476631925853
18,16.169476631925853,14.914672774174386
19,14.914672774174386,13.233323954907922
20,13.233323954907922,11.705720745138677
21,11.705720745138677,10.741433476629513
22,10.741433476629513,10.516130924765003
23,10.516130924765003,10.933804902706385
24,10.933804902706385,11.490386130749874
25,11.490386130749874,11.509909606276
26,11.509909606276,10.803324057579031
27,10.803324057579031,10.054646301580817
28,10.054646301580817,10.38932139832135
29,10.38932139832135,12.462753670992907
30,12.462753670992907,15.84804890266924
31,15.84804890266924,19.24722565035368
32,19.24722565035368,21.37303527890394
33,21.37303527890394,21.818199484769956
34,21.818199484769956,21.247677109629727
35,21.247677109629727,20.852712786145965
36,20.852712786145965,21.477342589582655
37,21.477342589582655,22.951376053752526
38,22.951376053752526,23.98801869517621
39,23.98801869517621,23.005719977962606
40,23.005719977962606,19.630726406027332
41,19.630726406027332,15.396036317037066
42,15.396036317037066,12.506292014737545
43,12.506292014737545,11.962889635970447
44,11.962889635970447,13.05343396600712
45,13.05343396600712,14.319671549832737
46,14.319671549832737,14.732234256583485
47,14.732234256583485,14.202570683519932
48,14.202570683519932,13.383510547343274
49,13.383510547343274,13.06359364919375
50,13.06359364919375,13.670708892560771
51,13.670708892560771,15.335710104909689
52,15.335710104909689,18.42991876565237
53,18.42991876565237,23.68902804182608
54,23.68902804182608,31.128497757660263
55,31.128497757660263,38.70313018851439
56,38.70313018851439,43.02771734909507
57,43.02771734909507,42.25414583789691
58,42.25414583789691,37.71569479127507
59,37.71569479127507,32.368289948967956
60,32.368289948967956,28.342490529370266
61,28.342490529370266,26.165553679950946
62,26.165553679950946,25.360955919103237
63,25.360955919103237,39.9275965093298
64,39.9275965093298,38.72614570198932
65,38.72614570198932,35.63996219326083
66,35.63996219326083,30.440322681167416
67,30.440322681167416,24.05872448415022
68,24.05872448415022,17.958292216573412
69,17.958292216573412,13.140117798860864
70,13.140117798860864,9.964001985139559
71,9.964001985139559,8.54813369325552
72,8.54813369325552,8.922063814849594
73,8.922063814849594,10.723199314868527
74,10.723199314868527,12.98309514096978
75,12.98309514096978,14.486987424749547
76,14.486987424749547,14.501492586728492
77,14.501492586728492,13.209919496762108
78,13.209919496762108,11.451931693826047
79,11.451931693826047,10.10369670171867
80,10.10369670171867,9.625695477765516
81,9.625695477765516,9.940824693833534
82,9.940824693833534,10.554291133563401
83,10.554291133563401,10.95104048155258
84,10.95104048155258,11.140164252078215
85,11.140164252078215,11.749814008330759
86,11.749814008330759,13.491407435109847
87,13.491407435109847,16.593718067141698
88,16.593718067141698,20.531948054958765
89,20.531948054958765,23.87918077019243
90,23.87918077019243,24.77541100138296
91,24.77541100138296,22.348375604328883
92,22.348375604328883,17.620043275647348
93,17.620043275647348,12.577593188550015
94,12.577593188550015,8.611597478046738
95,8.611597478046738,6.13182667808696
96,6.13182667808696,5.2924486419053665
97,5.2924486419053665,6.604373593443447
98,6.604373593443447,10.558966773757788
99,10.558966773757788,16.50968331851367
100,16.50968331851367,22.26277868876388
101,22.26277868876388,25.581054834153843
102,25.581054834153843,26.282839897696647
103,26.282839897696647,26.08784042887952
104,26.08784042887952,26.19693547631734
105,26.19693547631734,25.951190277637263
106,25.951190277637263,24.26274028426593
107,24.26274028426593,21.379245027515736
108,21.379245027515736,18.502352032531867
109,18.502352032531867,16.338678137373876
110,16.338678137373876,14.911474477342072
111,14.911474477342072,14.399531341358784
112,14.399531341358784,15.217195872276019
113,15.217195872276019,17.23099614676654
114,17.23099614676654,19.645909568698382
115,19.645909568698382,21.832240515033412
116,21.832240515033412,23.620907510793344
117,23.620907510793344,24.60990767167857
118,24.60990767167857,23.990719106213596
119,23.990719106213596,21.704902327599516
120,21.704902327599516,19.19208423430464
121,19.19208423430464,18.14354344584293
122,18.14354344584293,18.598199747300328
123,18.598199747300328,18.86352107442719
124,18.86352107442719,17.45274366649379
125,17.45274366649379,14.733862295902046
126,14.733862295902046,12.566333277051353
127,12.566333277051353,34.555534578251496
128,34.555534578251496,34.64721660495026
129,34.64721660495026,35.81793328056894
130,35.81793328056894,38.93522733785144
131,38.93522733785144,43.22590085312774
132,43.22590085312774,46.206465700241615
133,46.206465700241615,45.813564046553594
134,45.813564046553594,42.270055189681564
135,42.270055189681564,37.43730632704623
136,37.43730632704623,32.886606707980334
137,32.886606707980334,28.963248438080846
138,28.963248438080846,25.200261350700135
139,25.200261350700135,21.302836219524075
140,21.302836219524075,17.745066566039505
141,17.745066566039505,15.311868371020317
142,15.311868371020317,14.142175429406738
143,14.142175429406738,13.578344155654868
144,13.578344155654868,13.078034530197545
145,13.078034530197545,12.843265018603184
146,12.843265018603184,13.231575947098822
147,13.231575947098822,13.856160268881695
148,13.856160268881695,13.780277411866496
149,13.780277411866496,12.540240688777342
150,12.540240688777342,10.608619305072157
151,10.608619305072157,8.894443340198302
152,8.894443340198302,8.216120205509233
153,8.216120205509233,9.257144196822754
154,9.257144196822754,12.40443914956017
155,12.40443914956017,17.142642251114864
156,17.142642251114864,21.91017868481469
157,21.91017868481469,25.13231583951606
158,25.13231583951606,26.377641266014273
159,26.377641266014273,26.222516724164777
160,26.222516724164777,25.39858646512421
161,25.39858646512421,24.666315888239623
162,24.666315888239623,25.158205683940256
163,25.158205683940256,27.79710278765912
164,27.79710278765912,31.88514259088437
165,31.88514259088437,34.691889104329974
166,34.691889104329974,33.32507911998672
167,33.32507911998672,27.436056366496707
168,27.436056366496707,19.68891933469951
169,19.68891933469951,13.34029403154406
170,13.34029403154406,9.831003463413571
171,9.831003463413571,8.673060461047005
172,8.673060461047005,8.714941288049726
173,8.714941288049726,9.028430195910776
174,9.028430195910776,9.109065233343586
175,9.109065233343586,8.832152737781694
176,8.832152737781694,8.371150945248981
177,8.371150945248981,8.07678296920173
178,8.07678296920173,8.354568316822075
179,8.354568316822075,9.43038627481939
180,9.43038627481939,11.052641708087032
181,11.052641708087032,12.5045962965083
182,12.5045962965083,13.155254810236
183,13.155254810236,13.01360303025282
184,13.01360303025282,12.661171555150792
185,12.661171555150792,12.760910009195353
186,12.760910009195353,13.736848677655379
187,13.736848677655379,15.708885316536836
188,15.708885316536836,18.408082264406676
189,18.408082264406676,21.103435586830706
190,21.103435586830706,22.81046271144836
191,22.81046271144836,45.163002442268066
192,45.163002442268066,45.57512522705731
193,45.57512522705731,44.42115616495643
194,44.42115616495643,40.237650358745576
195,40.237650358745576,33.58488205060143
196,33.58488205060143,26.361037613849135
197,26.361037613849135,20.474159927792137
198,20.474159927792137,16.878385495673825
199,16.878385495673825,15.24216069864817
200,15.24216069864817,14.538956201564694
201,14.538956201564694,14.037848334961303
202,14.037848334961303,13.670781633096869
203,13.670781633096869,13.696514236695474
204,13.696514236695474,14.28249388009665
205,14.28249388009665,15.227849515122855
206,15.227849515122855,15.910472956716976
207,15.910472956716976,15.752237491786897
208,15.752237491786897,14.915908112620984
209,14.915908112620984,14.253018976357975
210,14.253018976357975,14.309980757359781
211,14.309980757359781,14.673474485206063
212,14.673474485206063,14.593227308842259
213,14.593227308842259,13.9748517744111
214,13.9748517744111,13.325459547300326
215,13.325459547300326,12.908639303525135
216,12.908639303525135,12.500031405312896
217,12.500031405312896,11.971645164293006
218,11.971645164293006,11.573245739222838
219,11.573245739222838,11.488836585924036
220,11.488836585924036,11.50973834211576
221,11.50973834211576,11.315488239830877
222,11.315488239830877,10.794930124874135
223,10.794930124874135,9.975105058076553
224,9.975105058076553,8.922342900220015
225,8.922342900220015,7.841995812038828
226,7.841995812038828,7.154352679096971
227,7.154352679096971,7.40148683491485
228,7.40148683491485,9.008433310479731
229,9.008433310479731,11.919952824255496
230,11.919952824255496,15.367876545828139
231,15.367876545828139,18.134571358228605
232,18.134571358228605,19.23799700566979
233,19.23799700566979,18.513683518959688
234,18.513683518959688,16.638672984786485
235,16.638672984786485,14.673816326975174
236,14.673816326975174,13.491643696572966
237,13.491643696572966,13.283424434222828
238,13.283424434222828,13.382590616180561
239,13.382590616180561,12.800149147222943
240,12.800149147222943,11.150236704941454
241,11.150236704941454,8.936992526103129
242,8.936992526103129,6.973303784533522
243,6.973303784533522,5.80555879468378
244,5.80555879468378,5.673178457064931
245,5.673178457064931,6.655251087662052
246,6.655251087662052,8.712088271537752
247,8.712088271537752,11.850074837940438
248,11.850074837940438,16.22983027140174
249,16.22983027140174,21.543115775161738
250,21.543115775161738,26.056228491915093
251,26.056228491915093,27.15827782414787
252,27.15827782414787,23.812554310916774
253,23.812554310916774,18.1238694260813
254,18.1238694260813,13.909174860461833
255,13.909174860461833,36.870977363592104
256,36.870977363592104,38.053452528470274
257,38.053452528470274,39.73245179202062
258,39.73245179202062,40.576032931931394
259,40.576032931931394,39.441700815029606
260,39.441700815029606,36.644790298877325
261,36.644790298877325,33.861866049606654
262,33.861866049606654,32.30098086574377
263,32.30098086574377,31.493470471472705
264,31.493470471472705,30.288982665108705
265,30.288982665108705,28.21740749223909
266,28.21740749223909,25.505359116111862
267,25.505359116111862,22.72909995408819
268,22.72909995408819,20.75199830313762
269,20.75199830313762,20.03085630730662
270,20.03085630730662,19.77854288734559
271,19.77854288734559,18.580897890375024
272,18.580897890375024,15.920843631109399
273,15.920843631109399,12.614384051626944
274,12.614384051626944,9.838091559632996
275,9.838091559632996,8.148134230024937
276,8.148134230024937,7.396335241212528
277,7.396335241212528,7.262388469873384
278,7.262388469873384,7.699601674316637
279,7.699601674316637,8.954939204219315
280,8.954939204219315,11.297866234717011
281,11.297866234717011,14.781652228298995
282,14.781652228298995,19.112497909906743
283,19.112497909906743,23.43729464939952
284,23.43729464939952,26.317400118298803
285,26.317400118298803,26.553193214745434
286,26.553193214745434,24.44426354892234
287,24.44426354892234,21.75208518168101
288,21.75208518168101,19.978191516625415
289,19.978191516625415,19.077454151981417
290,19.077454151981417,18.210399834445106
291,18.210399834445106,17.2214018036353
292,17.2214018036353,16.835060611795477
293,16.835060611795477,17.604843010955562
294,17.604843010955562,19.02852082173355
295,19.02852082173355,19.802900597324783
296,19.802900597324783,18.989848599817158
297,18.989848599817158,16.889065666197954
298,16.889065666197954,14.5930819366262
299,14.5930819366262,12.82708794243856
300,12.82708794243856,11.537639828899263
301,11.537639828899263,10.484077031317021
302,10.484077031317021,9.765151106632747
303,9.765151106632747,9.67330585092406
304,9.67330585092406,10.347057176514546
305,10.347057176514546,11.663369466943614
306,11.663369466943614,13.226188603975963
307,13.226188603975963,14.35886597535108
308,14.35886597535108,14.388817910103382
309,14.388817910103382,13.275374469516699
310,13.275374469516699,12.042888485895288
311,12.042888485895288,12.398134315502057
312,12.398134315502057,15.763268373344296
313,15.763268373344296,22.386581232463193
314,22.386581232463193,30.776508358958772
315,30.776508358958772,37.81725921004946
316,37.81725921004946,40.47853752167936
317,40.47853752167936,38.64523955895649
318,38.64523955895649,35.8283028290564
319,35.8283028290564,45.47734565892617
320,45.47734565892617,41.74863768706412
321,41.74863768706412,35.56788141595648
322,35.56788141595648,29.090546542518865
323,29.090546542518865,24.355029500498713
324,24.355029500498713,22.195432131599834
325,22.195432131599834,22.117652003706354
326,22.117652003706354,23.15085564837771
327,23.15085564837771,24.359044840273512
328,24.359044840273512,24.683346088672756
329,24.683346088672756,23.303377312408273
330,23.303377312408273,20.581958025923953
331,20.581958025923953,18.128944762468905
332,18.128944762468905,17.66752110726674
333,17.66752110726674,19.91427869279161
334,19.91427869279161,24.152965041725878
335,24.152965041725878,28.435389425928058
336,28.435389425928058,30.481780535012064
337,30.481780535012064,29.041966507770706
338,29.041966507770706,24.67862865819321
339,24.67862865819321,19.336398721096405
340,19.336398721096405,15.126653064198612
341,15.126653064198612,13.170282326153341
342,13.170282326153341,13.122980843483187
343,13.122980843483187,13.712459545436824
344,13.712459545436824,13.918057798331947
345,13.918057798331947,13.79336574752065
346,13.79336574752065,14.252696753340807
347,14.252696753340807,16.23155108688733
348,16.23155108688733,19.892967400707512
349,19.892967400707512,24.324100985072448
350,24.324100985072448,27.926259808149112
351,27.926259808149112,29.308583764402844
352,29.308583764402844,28.089658433408623
353,28.089658433408623,25.017951178334147
354,25.017951178334147,21.34513101827661
355,21.34513101827661,18.12191414449749
356,18.12191414449749,16.037184373151753
357,16.037184373151753,15.504660429441387
358,15.504660429441387,16.42076307911867
359,16.42076307911867,17.968802903912614
360,17.968802903912614,19.18108210026632
361,19.18108210026632,19.80702014718259
362,19.80702014718259,20.31688604690711
363,20.31688604690711,21.096192765018554
364,21.096192765018554,21.960365173446903
365,21.960365173446903,22.469187567119803
366,22.469187567119803,22.353607077591654
367,22.353607077591654,21.501583923788097
368,21.501583923788097,19.746277463303652
369,19.746277463303652,17.000821329005202
370,17.000821329005202,13.653531597975423
371,13.653531597975423,10.54374699805172
372,10.54374699805172,8.385497084768502
373,8.385497084768502,7.322726276985631
374,7.322726276985631,7.015054090676358
375,7.015054090676358,6.961463335074528
376,6.961463335074528,6.788271601557532
377,6.788271601557532,6.458370985565478
378,6.458370985565478,6.2490548737473235
379,6.2490548737473235,6.411177368692775
380,6.411177368692775,6.869861785479029
381,6.869861785479029,7.326611898871786
382,7.326611898871786,7.572170144885513
383,7.572170144885513,36.47954357248318
384,36.47954357248318,35.753376554501344
385,35.753376554501344,35.565494871170614
386,35.565494871170614,37.325400302872296
387,37.325400302872296,40.68005618158742
388,40.68005618158742,43.13116793195918
389,43.13116793195918,42.38842015071664
390,42.38842015071664,38.531757031201536
391,38.531757031201536,33.334040493243336
392,33.334040493243336,28.35751021492024
393,28.35751021492024,24.403128312281822
394,24.403128312281822,22.192821179005414
395,22.192821179005414,22.676464071314392
396,22.676464071314392,26.214441084912718
397,26.214441084912718,31.442412503896534
398,31.442412503896534,35.4704321223397
399,35.4704321223397,35.854379449074855
400,35.854379449074855,32.50817407720433
401,32.50817407720433,27.46225213964818
402,27.46225213964818,22.941727182504387
403,22.941727182504387,19.99119066652989
404,19.99119066652989,18.680506402657876
405,18.680506402657876,18.866554274904328
406,18.866554274904328,20.291039056455592
407,20.291039056455592,22.236609387773818
408,22.236609387773818,23.661848450816002
409,23.661848450816002,23.818057235247117
410,23.818057235247117,22.654954908482047
411,22.654954908482047,20.732054043438595
412,20.732054043438595,18.834385093083803
413,18.834385093083803,17.49806433029227
414,17.49806433029227,16.738959432417445
415,16.738959432417445,16.187141183729963
416,16.187141183729963,15.402624921754493
417,15.402624921754493,14.157041279263918
418,14.157041279263918,12.647400406191533
419,12.647400406191533,11.440505125965945
420,11.440505125965945,11.00873147030622
421,11.00873147030622,11.305150979735828
422,11.305150979735828,11.853358443562648
423,11.853358443562648,12.182003429174422
424,12.182003429174422,12.165299978099698
425,12.165299978099698,12.141449361121024
426,12.141449361121024,12.808856074914237
427,12.808856074914237,14.798257636518281
428,14.798257636518281,18.093343723015735
429,18.093343723015735,21.86448484292561
430,21.86448484292561,24.967358927680895
431,24.967358927680895,26.57936585171349
432,26.57936585171349,26.42730113916673
433,26.42730113916673,24.719960488538597
434,24.719960488538597,21.94930681321527
435,21.94930681321527,18.649896064585874
436,18.649896064585874,15.373245564312771
437,15.373245564312771,12.768897181256914
438,12.768897181256914,11.342174994296796
439,11.342174994296796,11.064482890445046
440,11.064482890445046,11.359761128990382
441,11.359761128990382,11.507474747921165
442,11.507474747921165,11.087349096379613
443,11.087349096379613,10.135097412750685
444,10.135097412750685,8.966547542804863
445,8.966547542804863,7.929922040553828
446,7.929922040553828,7.316010197535077
447,7.316010197535077,65.00465927215728
448,65.00465927215728,62.61522456807644
449,62.61522456807644,58.964945522246225
450,58.964945522246225,55.64773455320007
451,55.64773455320007,53.489961798314496
452,53.489961798314496,51.81232743416062
453,51.81232743416062,49.22191777661235
454,49.22191777661235,45.09798462772652
455,45.09798462772652,40.02435707872314
456,40.02435707872314,35.009323645143766
457,35.009323645143766,30.757298832627434
458,30.757298832627434,27.551241790131876
459,27.551241790131876,25.389032275766347
460,25.389032275766347,24.16283392390916
461,24.16283392390916,23.84657951979829
462,23.84657951979829,24.507015577992888
463,24.507015577992888,26.12515024516423
464,26.12515024516423,28.424379066916046
465,28.424379066916046,30.70567892027655
466,30.70567892027655,31.82166604377081
467,31.82166604377081,30.799129896239666
468,30.799129896239666,27.921871979324994
469,27.921871979324994,24.81045212097652
470,24.81045212097652,22.819242118028765
471,22.819242118028765,21.581248903574128
472,21.581248903574128,19.741227659191757
473,19.741227659191757,16.955052764377026
474,16.955052764377026,14.591763179004946
475,14.591763179004946,14.509727826359622
476,14.509727826359622,17.394061373923794
477,17.394061373923794,22.136917806337145
478,22.136917806337145,26.658363668481286
479,26.658363668481286,29.566046059672324
480,29.566046059672324,31.16924416031054
481,31.16924416031054,32.81420944350201
482,32.81420944350201,35.26598158309954
483,35.26598158309954,37.760263776679004
484,37.760263776679004,38.49979433677211
485,38.49979433677211,36.30099419597629
486,36.30099419597629,32.073873886445796
487,32.073873886445796,28.431721664593987
488,28.431721664593987,27.500375888160043
489,27.500375888160043,29.248302004994027
490,29.248302004994027,31.80931268902127
491,31.80931268902127,32.96759804057389
492,32.96759804057389,31.517329242491517
493,31.517329242491517,27.93058975209446
494,27.93058975209446,24.042131379273577
495,24.042131379273577,21.93705108487743
496,21.93705108487743,22.757403217364953
497,22.757403217364953,26.038574985838927
498,26.038574985838927,29.794670764251777
499,29.794670764251777,31.548920617497956
500,31.548920617497956,30.077541778239365
501,30.077541778239365,26.430036727638296
502,26.430036727638296,22.811559095562504
503,22.811559095562504,20.44623848323378
504,20.44623848323378,18.988456435005286
505,18.988456435005286,17.803241928128188
506,17.803241928128188,17.00007563424472
507,17.00007563424472,17.112791425216223
508,17.112791425216223,18.302167677477158
509,18.302167677477158,20.02159394106528
510,20.02159394106528,21.276941106775176
511,21.276941106775176,44.97602588505134
512,44.97602588505134,43.23090521296493
513,43.23090521296493,40.77125676803542
514,40.77125676803542,38.695666133001765
515,38.695666133001765,37.59186619059046
516,37.59186619059046,37.59908128886668
517,37.59908128886668,38.3560945279462
518,38.3560945279462,38.96487816855242
519,38.96487816855242,38.59007331952793
520,38.59007331952793,37.14690130357489
521,37.14690130357489,35.20777222818127
522,35.20777222818127,33.31224092036914
523,33.31224092036914,31.49289935089424
524,31.49289935089424,29.38779411072131
525,29.38779411072131,26.743979926505634
526,26.743979926505634,23.83417735821473
527,23.83417735821473,21.292441506712866
528,21.292441506712866,19.5097137389509
529,19.5097137389509,18.342738679859035
530,18.342738679859035,17.47879276800477
531,17.47879276800477,16.963139441008465
532,16.963139441008465,17.30752200117589
533,17.30752200117589,19.20362571342391
534,19.20362571342391,23.164025368293984
535,23.164025368293984,29.26229913833092
536,29.26229913833092,36.86269643148108
537,36.86269643148108,44.40083414552889
538,44.40083414552889,49.68477599544066
539,49.68477599544066,51.021239225883406
540,51.021239225883406,48.38300175321386
541,48.38300175321386,43.38280743021489
542,43.38280743021489,37.94028435946673
543,37.94028435946673,33.031121558926856
544,33.031121558926856,28.772516826359297
545,28.772516826359297,25.306656441868192
546,25.306656441868192,23.077739567946978
547,23.077739567946978,22.348942459612154
548,22.348942459612154,22.960621747914114
549,22.960621747914114,24.72812129637635
550,24.72812129637635,27.652730592287366
551,27.652730592287366,31.441727980855195
552,31.441727980855195,35.076700641317665
553,35.076700641317665,37.22234157217995
554,37.22234157217995,37.107582992741825
555,37.107582992741825,35.038047661540915
556,35.038047661540915,32.29712519545266
557,32.29712519545266,30.56270957270685
558,30.56270957270685,30.911192914435894
559,30.911192914435894,32.828708585446776
560,32.828708585446776,34.32048362442319
561,34.32048362442319,33.54438408004833
562,33.54438408004833,30.46246439923728
563,30.46246439923728,26.747775224222956
564,26.747775224222956,24.318522045160393
565,24.318522045160393,24.25602382989168
566,24.25602382989168,26.696150087815056
567,26.696150087815056,30.974462300507923
568,30.974462300507923,35.63410439060769
569,35.63410439060769,38.847466049373885
570,38.847466049373885,39.44946258858794
571,39.44946258858794,37.59587344749805
572,37.59587344749805,34.40022288134482
573,34.40022288134482,31.211722631745207
574,31.211722631745207,29.235772798451098
575,29.235772798451098,43.92082868929824
576,43.92082868929824,41.13512557045058
577,41.13512557045058,36.41490244426759
578,36.41490244426759,30.978656823339673
579,30.978656823339673,26.12797699489666
580,26.12797699489666,23.152889934518136
581,23.152889934518136,22.780071606686136
582,22.780071606686136,24.416663450429354
583,24.416663450429354,26.368909907539194
584,26.368909907539194,27.238341943090635
585,27.238341943090635,26.95447142186704
586,26.95447142186704,26.38740159914233
587,26.38740159914233,26.47988533565087
588,26.47988533565087,27.994643507717946
589,27.994643507717946,31.422224330010366
590,31.422224330010366,36.35795476068009
591,36.35795476068009,40.97420658600806
592,40.97420658600806,42.68340769537299
593,42.68340769537299,39.995153794089816
594,39.995153794089816,34.07009310469148
595,34.07009310469148,28.24053121822847
596,28.24053121822847,25.554452175978064
597,25.554452175978064,26.571356212549667
598,26.571356212549667,29.424557702414162
599,29.424557702414162,31.757815975738424
600,31.757815975738424,32.42384534181857
601,32.42384534181857,31.664733635457303
602,31.664733635457303,30.388934733246295
603,30.388934733246295,29.543416438404744
604,29.543416438404744,29.71546896144294
605,29.71546896144294,30.8371557217655
606,30.8371557217655,32.15129742453975
607,32.15129742453975,32.64419837538934
608,32.64419837538934,31.723999081747362
609,31.723999081747362,29.57510522837517
610,29.57510522837517,26.960574392215843
611,26.960574392215843,24.780590073340804
612,24.780590073340804,23.687079379466148
613,23.687079379466148,23.764451209060972
614,23.764451209060972,24.342474086000923
615,24.342474086000923,24.198039053092888
616,24.198039053092888,22.342225443424578
617,22.342225443424578,18.96352360853419
618,18.96352360853419,15.577349834026041
619,15.577349834026041,14.081982110731543
620,14.081982110731543,15.620027836680382
621,15.620027836680382,19.990798238787534
622,19.990798238787534,25.530591522704736
623,25.530591522704736,29.599628695272656
624,29.599628695272656,30.04661826135812
625,30.04661826135812,26.84349438903901
626,26.84349438903901,22.13101015204854
627,22.13101015204854,18.438532692757686
628,18.438532692757686,16.986327035051943
629,16.986327035051943,17.54835073613831
630,17.54835073613831,19.35847992086943
631,19.35847992086943,21.79908671991287
632,21.79908671991287,24.552896398832274
633,24.552896398832274,27.603893412223925
634,27.603893412223925,31.110694608902133
635,31.110694608902133,34.89741974352125
636,34.89741974352125,38.13529188444259
637,38.13529188444259,40.02008016878996
638,40.02008016878996,40.654878361858906
639,40.654878361858906,81.28003432739234
640,81.28003432739234,77.92084391669732
641,77.92084391669732,72.35573429608868
642,72.35573429608868,65.95637725542204
643,65.95637725542204,59.832111536075104
644,59.832111536075104,55.04782545216787
645,55.04782545216787,52.536981067944915
646,52.536981067944915,52.572548533375766
647,52.572548533375766,54.614743308591216
648,54.614743308591216,57.585396075794826
649,57.585396075794826,60.133724214111595
650,60.133724214111595,61.066976763662936
651,61.066976763662936,59.987618910061684
652,59.987618910061684,57.46624613725179
653,57.46624613725179,54.48743406520161
654,54.48743406520161,51.803859653148606
655,51.803859653148606,49.71173782606635
656,49.71173782606635,48.14887197736636
657,48.14887197736636,46.92663645682619
658,46.92663645682619,46.0358908983234
659,46.0358908983234,45.65099755590085
660,45.65099755590085,45.69205578336957
661,45.69205578336957,45.63405422670532
662,45.63405422670532,45.06590282593014
663,45.06590282593014,44.21395335927675
664,44.21395335927675,43.56574022242502
665,43.56574022242502,43.23272785473492
666,43.23272785473492,43.014625664353204
667,43.014625664353204,42.758624792142655
668,42.758624792142655,42.33139902480416
669,42.33139902480416,41.59602600313009
670,41.59602600313009,40.78394456924916
671,40.78394456924916,40.59608270069303
672,40.59608270069303,41.51997094048751
673,41.51997094048751,43.18915554963304
674,43.18915554963304,44.71010407249328
675,44.71010407249328,45.40141432271991
676,45.40141432271991,44.95926396296735
677,44.95926396296735,43.244797708496435
678,43.244797708496435,40.43380561823344
679,40.43380561823344,37.40330110619153
680,37.40330110619153,35.56196144700536
681,35.56196144700536,35.88854699628595
682,35.88854699628595,38.00151449503763
683,38.00151449503763,40.359664997833114
684,40.359664997833114,41.66428784972476
685,41.66428784972476,41.97124240489207
686,41.97124240489207,42.13140085286986
687,42.13140085286986,42.26811626301688
688,42.26811626301688,41.42886620172501
689,41.42886620172501,39.02742928689412
690,39.02742928689412,36.04384578451522
691,36.04384578451522,34.16847982249764
692,34.16847982249764,34.086201058108486
693,34.086201058108486,35.205600420636394
694,35.205600420636394,36.727669136946396
695,36.727669136946396,38.348996642224606
696,38.348996642224606,40.04092324319333
697,40.04092324319333,41.53723459588146
698,41.53723459588146,42.09084319792008
699,42.09084319792008,40.816533100428515
700,40.816533100428515,37.566831176771146
701,37.566831176771146,33.520687359339334
702,33.520687359339334,30.712866336278466
