,Curvature_n,Curvature_n1
0,90.80041792919543,85.88685414928847
1,85.88685414928847,78.67558434296362
2,78.67558434296362,72.12210959434339
3,72.12210959434339,67.43735027908573
4,67.43735027908573,64.18325329879082
5,64.18325329879082,61.83071367980326
6,61.83071367980326,60.78991086252007
7,60.78991086252007,62.062153853652234
8,62.062153853652234,66.07944452707399
9,66.07944452707399,71.81937639183901
10,71.81937639183901,77.02034702809985
11,77.02034702809985,79.08950226887065
12,79.08950226887065,76.07442024057023
13,76.07442024057023,67.98428466093182
14,67.98428466093182,57.60453845505309
15,57.60453845505309,49.122582687598154
16,49.122582687598154,45.451151204371115
17,45.451151204371115,47.01405180754293
18,47.01405180754293,52.401303941615225
19,52.401303941615225,59.41388598529271
20,59.41388598529271,65.9314950482174
21,65.9314950482174,70.62945172867725
22,70.62945172867725,73.23284709312351
23,73.23284709312351,74.22572789063804
24,74.22572789063804,74.3203818090926
25,74.3203818090926,73.83980795358757
26,73.83980795358757,72.37209371478305
27,72.37209371478305,69.21911644925561
28,69.21911644925561,64.47077939985031
29,64.47077939985031,59.79877583809017
30,59.79877583809017,57.79742052470284
31,57.79742052470284,59.869140802304955
32,59.869140802304955,64.69305991696173
33,64.69305991696173,69.25335443576843
34,69.25335443576843,71.29143672695594
35,71.29143672695594,70.48515693267751
36,70.48515693267751,67.88066226113597
37,67.88066226113597,65.0428070580441
38,65.0428070580441,63.61452723961039
39,63.61452723961039,64.8296132398558
40,64.8296132398558,68.72296505751754
41,68.72296505751754,73.49228764532748
42,73.49228764532748,75.94116253968585
43,75.94116253968585,73.30789237221745
44,73.30789237221745,65.385366302419
45,65.385366302419,55.09748291451956
46,55.09748291451956,46.71760200209251
47,46.71760200209251,43.14226165851372
48,43.14226165851372,44.50568014882161
49,44.50568014882161,48.90877370509794
50,48.90877370509794,54.08585072906952
51,54.08585072906952,58.5764077298214
52,58.5764077298214,62.01471876782653
53,62.01471876782653,64.75838837593149
54,64.75838837593149,67.10133371134685
55,67.10133371134685,68.58390786813914
56,68.58390786813914,68.30384103186829
57,68.30384103186829,66.22475484300071
58,66.22475484300071,63.89539702248313
59,63.89539702248313,63.305816450617854
60,63.305816450617854,65.0075263134093
61,65.0075263134093,67.71778505698413
62,67.71778505698413,69.61853988971107
63,69.61853988971107,62.75874797262357
64,62.75874797262357,62.78540931078794
65,62.78540931078794,62.67864002816404
66,62.67864002816404,62.22385793769634
67,62.22385793769634,61.322858364532166
68,61.322858364532166,60.20626544675743
69,60.20626544675743,59.51417031776795
70,59.51417031776795,59.931469728600895
71,59.931469728600895,61.662972496307205
72,61.662972496307205,64.4860623369265
73,64.4860623369265,68.31740545623293
74,68.31740545623293,73.28080214572643
75,73.28080214572643,78.95868198633508
76,78.95868198633508,83.85055275186295
77,83.85055275186295,86.02302864066354
78,86.02302864066354,84.41118615754986
79,84.41118615754986,79.45148585844069
80,79.45148585844069,72.69641474933385
81,72.69641474933385,66.1175553450392
82,66.1175553450392,61.39201686695855
83,61.39201686695855,59.037793673844654
84,59.037793673844654,58.0573847152248
85,58.0573847152248,56.965020258800315
86,56.965020258800315,55.34409165747771
87,55.34409165747771,54.01838354867466
88,54.01838354867466,53.677562242326076
89,53.677562242326076,53.96699861111415
90,53.96699861111415,54.135473032004434
91,54.135473032004434,54.08006665744492
92,54.08006665744492,54.39227653576501
93,54.39227653576501,55.587754055919824
94,55.587754055919824,57.54787698066391
95,57.54787698066391,59.62126059248318
96,59.62126059248318,61.06241482500215
97,61.06241482500215,61.41858187408239
98,61.41858187408239,60.60952488404061
99,60.60952488404061,58.684909460958124
100,58.684909460958124,55.695004247297845
101,55.695004247297845,52.00732433686687
102,52.00732433686687,48.53686849604812
103,48.53686849604812,46.29899343401945
104,46.29899343401945,45.79977337944234
105,45.79977337944234,46.95719091310008
106,46.95719091310008,49.26423020040058
107,49.26423020040058,51.77924008619786
108,51.77924008619786,53.31042671842756
109,53.31042671842756,53.12690289793459
110,53.12690289793459,51.62754132427823
111,51.62754132427823,50.06310401055973
112,50.06310401055973,49.38382741102045
113,49.38382741102045,49.392198873614376
114,49.392198873614376,49.22267157417336
115,49.22267157417336,48.56476296536887
116,48.56476296536887,47.997177335622574
117,47.997177335622574,48.02155262297646
118,48.02155262297646,48.24849708771862
119,48.24849708771862,47.899818443008016
120,47.899818443008016,46.8552969087512
121,46.8552969087512,45.82202127625671
122,45.82202127625671,45.5988094217991
123,45.5988094217991,46.4860073623877
124,46.4860073623877,48.286059958538445
125,48.286059958538445,50.39563996022312
126,50.39563996022312,51.862053142617334
127,51.862053142617334,47.17049011698589
128,47.17049011698589,46.3607374941362
129,46.3607374941362,45.89026569048196
130,45.89026569048196,46.79872549728686
131,46.79872549728686,48.90459389593347
132,48.90459389593347,51.057038324092446
133,51.057038324092446,52.28713556421194
134,52.28713556421194,52.41096555042867
135,52.41096555042867,51.59484542041223
136,51.59484542041223,49.81843590072668
137,49.81843590072668,47.01277174821704
138,47.01277174821704,43.56781398329399
139,43.56781398329399,40.52615980763982
140,40.52615980763982,39.25861231274637
141,39.25861231274637,40.777483022405946
142,40.777483022405946,45.000999159798745
143,45.000999159798745,50.476365501586656
144,50.476365501586656,55.026517375978685
145,55.026517375978685,56.96657694149932
146,56.96657694149932,55.9866378823412
147,55.9866378823412,53.206062738774584
148,53.206062738774584,50.476707874171964
149,50.476707874171964,49.24229021711791
150,49.24229021711791,49.65418325596612
151,49.65418325596612,50.64111760426111
152,50.64111760426111,50.79889380800647
153,50.79889380800647,49.28480407372952
154,49.28480407372952,46.3458640608952
155,46.3458640608952,43.41477783626759
156,43.41477783626759,42.33402962900377
157,42.33402962900377,43.8976863242099
158,43.8976863242099,47.20931092140951
159,47.20931092140951,50.5742412045903
160,50.5742412045903,52.770816764421866
161,52.770816764421866,53.50568472638227
162,53.50568472638227,53.35507771365538
163,53.35507771365538,53.4422868974965
164,53.4422868974965,54.63931771314446
165,54.63931771314446,56.868496959876694
166,56.868496959876694,59.3007177122001
167,59.3007177122001,60.97542801082001
168,60.97542801082001,60.967147256642406
169,60.967147256642406,58.47945796815531
170,58.47945796815531,53.66292051200061
171,53.66292051200061,48.34023256832436
172,48.34023256832436,45.05435263453925
173,45.05435263453925,44.91125142428875
174,44.91125142428875,46.646190394975086
175,46.646190394975086,47.9434147719364
176,47.9434147719364,47.377684605082706
177,47.377684605082706,45.17510347217013
178,45.17510347217013,42.847041074930935
179,42.847041074930935,42.32788616742634
180,42.32788616742634,44.86908764763004
181,44.86908764763004,50.19204961255403
182,50.19204961255403,56.617416408588774
183,56.617416408588774,62.09675277796729
184,62.09675277796729,65.21868403069361
185,65.21868403069361,65.539713394404
186,65.539713394404,63.36954777074091
187,63.36954777074091,59.431159222318726
188,59.431159222318726,54.6530454636475
189,54.6530454636475,50.191286077819754
190,50.191286077819754,47.426843173296106
191,47.426843173296106,43.969319040482254
192,43.969319040482254,44.38978161292791
193,44.38978161292791,45.19435881070421
194,45.19435881070421,46.377111860262126
195,46.377111860262126,47.96924132624283
196,47.96924132624283,49.74189297045115
197,49.74189297045115,50.9479938580849
198,50.9479938580849,50.86288954873655
199,50.86288954873655,49.7118224688059
200,49.7118224688059,48.544661381128606
201,48.544661381128606,48.01840417510706
202,48.01840417510706,47.737680155044345
203,47.737680155044345,46.97096158051232
204,46.97096158051232,45.64008876441169
205,45.64008876441169,44.351317369467836
206,44.351317369467836,43.62787947475425
207,43.62787947475425,43.45368335096373
208,43.45368335096373,43.5445690464158
209,43.5445690464158,43.64788644768359
210,43.64788644768359,43.47221207466285
211,43.47221207466285,42.783783579922826
212,42.783783579922826,41.8265611599236
213,41.8265611599236,41.398427499607635
214,41.398427499607635,42.24034411738657
215,42.24034411738657,44.28209905399981
216,44.28209905399981,46.545181579126776
217,46.545181579126776,47.9120129776023
218,47.9120129776023,47.90167652886384
219,47.90167652886384,46.60616503650577
220,46.60616503650577,44.34719022915248
221,44.34719022915248,41.84527313869284
222,41.84527313869284,40.2717069563019
223,40.2717069563019,40.61967639029436
224,40.61967639029436,43.10252017056861
225,43.10252017056861,47.11543516408556
226,47.11543516408556,51.55785978716214
227,51.55785978716214,55.39935151873976
228,55.39935151873976,58.12932443285196
229,58.12932443285196,59.500138786660365
230,59.500138786660365,59.03569449102599
231,59.03569449102599,56.317912316785346
232,56.317912316785346,51.80859710328687
233,51.80859710328687,47.036207820817935
234,47.036207820817935,43.68728054492875
235,43.68728054492875,42.431523240540876
236,42.431523240540876,42.61379959038558
237,42.61379959038558,42.95357906909782
238,42.95357906909782,42.373301315599704
239,42.373301315599704,40.38623162750157
240,40.38623162750157,37.341560395705585
241,37.341560395705585,34.49011104423184
242,34.49011104423184,33.222992361360106
243,33.222992361360106,33.89973023508023
244,33.89973023508023,35.72470662568145
245,35.72470662568145,37.756486267297376
246,37.756486267297376,39.60825323328627
247,39.60825323328627,41.16637016953845
248,41.16637016953845,42.13277758883008
249,42.13277758883008,42.16097312142391
250,42.16097312142391,41.209796078023025
251,41.209796078023025,39.44354548925824
252,39.44354548925824,37.006009582854475
253,37.006009582854475,34.33660875793913
254,34.33660875793913,32.486066987549925
255,32.486066987549925,39.642150974449876
256,39.642150974449876,39.89158612284547
257,39.89158612284547,40.30021065031718
258,40.30021065031718,40.77171472864734
259,40.77171472864734,41.21424727339807
260,41.21424727339807,41.51585583411506
261,41.51585583411506,41.59461919309202
262,41.59461919309202,41.49704077699127
263,41.49704077699127,41.49517035921066
264,41.49517035921066,42.07710208755102
265,42.07710208755102,43.74540176775395
266,43.74540176775395,46.57188395744688
267,46.57188395744688,49.756741115285664
268,49.756741115285664,51.91503689531398
269,51.91503689531398,52.32404088061575
270,52.32404088061575,51.90618184728338
271,51.90618184728338,52.348757505122066
272,52.348757505122066,54.04061295563811
273,54.04061295563811,55.45499023083857
274,55.45499023083857,54.86084681171879
275,54.86084681171879,52.138530099638714
276,52.138530099638714,48.67053554213068
277,48.67053554213068,45.89931477969216
278,45.89931477969216,44.26990181347221
279,44.26990181347221,43.34101409193148
280,43.34101409193148,42.623469489313216
281,42.623469489313216,42.11644759552366
282,42.11644759552366,41.96149755065545
283,41.96149755065545,41.90339070966982
284,41.90339070966982,41.534428191641425
285,41.534428191641425,41.00052288880205
286,41.00052288880205,41.08327156268547
287,41.08327156268547,42.54241757431555
288,42.54241757431555,45.582132812701765
289,45.582132812701765,49.68179142594107
290,49.68179142594107,53.59913811806698
291,53.59913811806698,55.90553694331298
292,55.90553694331298,56.058957598472176
293,56.058957598472176,54.90925977758928
294,54.90925977758928,53.867818786279074
295,53.867818786279074,53.630013425229805
296,53.630013425229805,53.70409259566836
297,53.70409259566836,52.95253242047933
298,52.95253242047933,50.559785852423445
299,50.559785852423445,46.88827206480322
300,46.88827206480322,43.65522191086694
301,43.65522191086694,42.69702495602377
302,42.69702495602377,44.10654975004371
303,44.10654975004371,46.05875831301628
304,46.05875831301628,46.73335185923697
305,46.73335185923697,45.88672848830512
306,45.88672848830512,44.498638597674436
307,44.498638597674436,43.581794661343494
308,43.581794661343494,43.522042862947615
309,43.522042862947615,44.08773877745743
310,44.08773877745743,44.86363879571063
311,44.86363879571063,45.71836407797446
312,45.71836407797446,46.69619748282662
313,46.69619748282662,47.40431033989556
314,47.40431033989556,46.88448755887897
315,46.88448755887897,44.484002953538194
316,44.484002953538194,40.74520973737977
317,40.74520973737977,37.13356140894832
318,37.13356140894832,35.001194430852806
319,35.001194430852806,53.09184794960109
320,53.09184794960109,51.50228976510259
321,51.50228976510259,49.107411758914964
322,49.107411758914964,47.04157159509889
323,47.04157159509889,46.23114624981979
324,46.23114624981979,46.899019378056735
325,46.899019378056735,48.58889253733958
326,48.58889253733958,50.94731148019038
327,50.94731148019038,54.045191069180554
328,54.045191069180554,57.38450805927085
329,57.38450805927085,59.31600326039507
330,59.31600326039507,58.489131399182426
331,58.489131399182426,55.6510770931051
332,55.6510770931051,53.11636891202012
333,53.11636891202012,52.460977356353325
334,52.460977356353325,53.30120498638319
335,53.30120498638319,54.147558624136124
336,54.147558624136124,53.89785037273198
337,53.89785037273198,52.62165023096591
338,52.62165023096591,51.206779751712645
339,51.206779751712645,50.273756520093755
340,50.273756520093755,49.60532349045039
341,49.60532349045039,48.81607661058666
342,48.81607661058666,47.95853316031404
343,47.95853316031404,46.957162601734
344,46.957162601734,45.151131600848984
345,45.151131600848984,42.17866560279649
346,42.17866560279649,38.89579408454903
347,38.89579408454903,36.836773490915924
348,36.836773490915924,36.915421638249605
349,36.915421638249605,38.81049754003749
350,38.81049754003749,41.29191561926195
351,41.29191561926195,42.96460532822549
352,42.96460532822549,42.934651159433514
353,42.934651159433514,41.233475888651135
354,41.233475888651135,38.918232037434336
355,38.918232037434336,37.47899133247871
356,37.47899133247871,37.71049227479639
357,37.71049227479639,39.25423566750629
358,39.25423566750629,41.242724315343914
359,41.242724315343914,42.97232805958615
360,42.97232805958615,43.99054668685508
361,43.99054668685508,44.06195998867956
362,44.06195998867956,43.191977538481126
363,43.191977538481126,41.531070210293976
364,41.531070210293976,39.30364407080255
365,39.30364407080255,37.0203644557724
366,37.0203644557724,35.78695434080133
367,35.78695434080133,36.98817096770144
368,36.98817096770144,41.15778259343281
369,41.15778259343281,47.29984894364637
370,47.29984894364637,53.69853705162259
371,53.69853705162259,59.04549588950559
372,59.04549588950559,62.47934571951235
373,62.47934571951235,63.31926574132278
374,63.31926574132278,61.50756569993854
375,61.50756569993854,57.870814166630595
376,57.870814166630595,53.406179641009544
377,53.406179641009544,48.56378749731501
378,48.56378749731501,43.53543723783277
379,43.53543723783277,38.895169827856776
380,38.895169827856776,35.45086332012555
381,35.45086332012555,33.53910198001668
382,33.53910198001668,32.81913365034173
383,32.81913365034173,36.194750734916894
384,36.194750734916894,35.63698340709314
385,35.63698340709314,35.29945749674539
386,35.29945749674539,35.88863181893323
387,35.88863181893323,37.41264200225541
388,37.41264200225541,39.42989032052401
389,39.42989032052401,41.64571181501462
390,41.64571181501462,43.994575576457166
391,43.994575576457166,46.052809591890515
392,46.052809591890515,46.726980750682664
393,46.726980750682664,45.174529318824625
394,45.174529318824625,42.187942811405776
395,42.187942811405776,39.98952140285388
396,39.98952140285388,40.292604524887025
397,40.292604524887025,42.903378458778704
398,42.903378458778704,46.16474679980336
399,46.16474679980336,48.18285844525727
400,48.18285844525727,47.67605902238046
401,47.67605902238046,44.58701502191926
402,44.58701502191926,40.53828110560351
403,40.53828110560351,38.06651721165758
404,38.06651721165758,38.39764284906197
405,38.39764284906197,40.04089240656455
406,40.04089240656455,40.423476414097436
407,40.423476414097436,39.00408598354376
408,39.00408598354376,38.035146671953584
409,38.035146671953584,39.98447449919653
410,39.98447449919653,44.714051749017706
411,44.714051749017706,49.50856003909942
412,49.50856003909942,51.567040191335195
413,51.567040191335195,50.088420619083585
414,50.088420619083585,46.2315428950275
415,46.2315428950275,41.84156629934501
416,41.84156629934501,38.607503724508135
417,38.607503724508135,37.81679622645978
418,37.81679622645978,39.92477526533875
419,39.92477526533875,44.06041866071536
420,44.06041866071536,48.32235249456804
421,48.32235249456804,50.84095764554935
422,50.84095764554935,50.654083948622585
423,50.654083948622585,47.95199493370649
424,47.95199493370649,44.00316679392215
425,44.00316679392215,40.70656047516718
426,40.70656047516718,39.500344720931864
427,39.500344720931864,40.40848059709025
428,40.40848059709025,42.1529342766393
429,42.1529342766393,43.137620143784595
430,43.137620143784595,42.734307623381646
431,42.734307623381646,42.102354646362855
432,42.102354646362855,43.30993190978174
433,43.30993190978174,47.04076767602254
434,47.04076767602254,51.6985918893263
435,51.6985918893263,55.2792493622369
436,55.2792493622369,57.507065165876575
437,57.507065165876575,59.49311017260865
438,59.49311017260865,61.68708221010219
439,61.68708221010219,62.83952387501543
440,62.83952387501543,61.15393103048542
441,61.15393103048542,56.26962317683026
442,56.26962317683026,49.75371018376408
443,49.75371018376408,43.60165419046341
444,43.60165419046341,38.76126962555602
445,38.76126962555602,35.319616612735935
446,35.319616612735935,33.43127989164743
447,33.43127989164743,84.7513895904236
448,84.7513895904236,79.25573570966752
449,79.25573570966752,70.43255522595251
450,70.43255522595251,60.80967418016223
451,60.80967418016223,51.87832089478588
452,51.87832089478588,44.309887612848875
453,44.309887612848875,38.76755480375981
454,38.76755480375981,35.89914435658768
455,35.89914435658768,35.592180705773046
456,35.592180705773046,36.71012496028366
457,36.71012496028366,38.002002849969166
458,38.002002849969166,39.17935006234584
459,39.17935006234584,40.68934790627611
460,40.68934790627611,42.446748313569486
461,42.446748313569486,43.37239383719205
462,43.37239383719205,42.417650964860385
463,42.417650964860385,39.75643218909319
464,39.75643218909319,36.86696538050246
465,36.86696538050246,35.461358175526264
466,35.461358175526264,36.210934748266375
467,36.210934748266375,38.50103318430935
468,38.50103318430935,41.437454577845884
469,41.437454577845884,44.75788272173109
470,44.75788272173109,48.71789404494126
471,48.71789404494126,53.37266674461188
472,53.37266674461188,57.874888241457214
473,57.874888241457214,60.36154473165519
474,60.36154473165519,59.07024954625009
475,59.07024954625009,54.13239586157967
476,54.13239586157967,47.93593071728151
477,47.93593071728151,43.26931867701647
478,43.26931867701647,41.18385906188079
479,41.18385906188079,40.875644365819774
480,40.875644365819774,41.272320906557326
481,41.272320906557326,42.019208457053445
482,42.019208457053445,42.89758363610244
483,42.89758363610244,43.232378924742555
484,43.232378924742555,42.553561049920646
485,42.553561049920646,41.46774948972586
486,41.46774948972586,41.35996956895557
487,41.35996956895557,43.14799849700787
488,43.14799849700787,46.391886936539336
489,46.391886936539336,49.545775839038
490,49.545775839038,50.990140122574545
491,50.990140122574545,50.02022224139725
492,50.02022224139725,47.262894810901315
493,47.262894810901315,44.22120064692295
494,44.22120064692295,41.971312443441775
495,41.971312443441775,40.18280421093256
496,40.18280421093256,37.78544452309941
497,37.78544452309941,34.62954631719781
498,34.62954631719781,32.01677975783579
499,32.01677975783579,31.515120101562665
500,31.515120101562665,33.56630021406752
501,33.56630021406752,37.08132953744855
502,37.08132953744855,40.21639467541588
503,40.21639467541588,41.941108373225426
504,41.941108373225426,42.91414427132976
505,42.91414427132976,44.46109424538823
506,44.46109424538823,46.98182578181287
507,46.98182578181287,49.86035690065476
508,49.86035690065476,52.46444277931395
509,52.46444277931395,54.507451709002495
510,54.507451709002495,55.693513067609445
511,55.693513067609445,44.418884719324424
512,44.418884719324424,45.73924860256045
513,45.73924860256045,47.884266716394805
514,47.884266716394805,49.673823507386714
515,49.673823507386714,49.88940927325865
516,49.88940927325865,48.507100333106706
517,48.507100333106706,46.73539781520719
518,46.73539781520719,45.56927590110082
519,45.56927590110082,44.85403802594499
520,44.85403802594499,43.89506407329934
521,43.89506407329934,42.41905774724707
522,42.41905774724707,40.905496341150595
523,40.905496341150595,40.32198836607088
524,40.32198836607088,41.33595178246343
525,41.33595178246343,43.672245397618696
526,43.672245397618696,46.565448059680406
527,46.565448059680406,49.73696816087454
528,49.73696816087454,53.32375984861067
529,53.32375984861067,56.70264353911497
530,56.70264353911497,57.969896161245956
531,57.969896161245956,55.46953612153898
532,55.46953612153898,50.00567481186004
533,50.00567481186004,44.7020794782231
534,44.7020794782231,41.95927741911288
535,41.95927741911288,41.1136526814787
536,41.1136526814787,39.78237313556669
537,39.78237313556669,36.848398753049715
538,36.848398753049715,33.30131266968742
539,33.30131266968742,30.757996725655257
540,30.757996725655257,30.052477890750225
541,30.052477890750225,31.000664302932442
542,31.000664302932442,32.79811637182978
543,32.79811637182978,34.62482854354598
544,34.62482854354598,36.24928301278624
545,36.24928301278624,38.05613620816437
546,38.05613620816437,40.233058626697996
547,40.233058626697996,42.14545351373296
548,42.14545351373296,42.92620897172904
549,42.92620897172904,42.54265555035077
550,42.54265555035077,41.85805184416975
551,41.85805184416975,41.85197923980067
552,41.85197923980067,43.08448304041475
553,43.08448304041475,45.513508743968934
554,45.513508743968934,48.33617921258882
555,48.33617921258882,50.2345051772834
556,50.2345051772834,50.261363522787434
557,50.261363522787434,48.54309100366799
558,48.54309100366799,45.86315086491907
559,45.86315086491907,42.657586192031076
560,42.657586192031076,38.94312209387432
561,38.94312209387432,35.292465084060964
562,35.292465084060964,33.068576505741355
563,33.068576505741355,33.21879464022262
564,33.21879464022262,35.3374829406043
565,35.3374829406043,38.31574378374434
566,38.31574378374434,41.42285977872639
567,41.42285977872639,44.34408922921721
568,44.34408922921721,46.57151528904367
569,46.57151528904367,47.30849241981529
570,47.30849241981529,46.0271911463597
571,46.0271911463597,42.96159775362461
572,42.96159775362461,39.04317341493423
573,39.04317341493423,35.475272052159816
574,35.475272052159816,33.35256036367857
575,33.35256036367857,54.71182366715665
576,54.71182366715665,53.0709899103051
577,53.0709899103051,50.55579514253105
578,50.55579514253105,47.838763789328105
579,47.838763789328105,44.98686384645782
580,44.98686384645782,41.86456128539824
581,41.86456128539824,38.8095255402322
582,38.8095255402322,36.7716723105068
583,36.7716723105068,36.62517496775011
584,36.62517496775011,38.295698282278636
585,38.295698282278636,40.78230561105831
586,40.78230561105831,43.11156641883576
587,43.11156641883576,44.92955579601167
588,44.92955579601167,46.17375800065409
589,46.17375800065409,46.631017205895546
590,46.631017205895546,45.865852616757536
591,45.865852616757536,43.41846154712929
592,43.41846154712929,39.47929605606379
593,39.47929605606379,35.60650267235615
594,35.60650267235615,33.97786255464224
595,33.97786255464224,35.25078267121578
596,35.25078267121578,37.59721146471488
597,37.59721146471488,38.47027096269255
598,38.47027096269255,37.081345245311695
599,37.081345245311695,34.71472862854557
600,34.71472862854557,32.964768170106254
601,32.964768170106254,32.28213949617836
602,32.28213949617836,32.18374967355106
603,32.18374967355106,32.22840914351542
604,32.22840914351542,32.43795842489907
605,32.43795842489907,33.05289967999292
606,33.05289967999292,34.28130660294011
607,34.28130660294011,36.227586340596886
608,36.227586340596886,38.7284510925221
609,38.7284510925221,41.04441498457887
610,41.04441498457887,41.93906268184418
611,41.93906268184418,40.6235265592875
612,40.6235265592875,37.90050588561624
613,37.90050588561624,36.08939866180008
614,36.08939866180008,37.36310625355309
615,37.36310625355309,41.79475109181932
616,41.79475109181932,46.98509390829881
617,46.98509390829881,49.91988834871823
618,49.91988834871823,49.39360296786714
619,49.39360296786714,46.57963987523852
620,46.57963987523852,43.58266813380945
621,43.58266813380945,41.88953283452467
622,41.88953283452467,41.878971742934354
623,41.878971742934354,43.022001259030226
624,43.022001259030226,44.31297847569449
625,44.31297847569449,44.79792014190846
626,44.79792014190846,44.11040050104309
627,44.11040050104309,42.66945040975342
628,42.66945040975342,41.195433293068476
629,41.195433293068476,39.908427623590356
630,39.908427623590356,38.374355496511
631,38.374355496511,36.29769681672497
632,36.29769681672497,34.36179269754204
633,34.36179269754204,34.039780648578855
634,34.039780648578855,36.49866848141522
635,36.49866848141522,41.64748246906233
636,41.64748246906233,48.021555723801086
637,48.021555723801086,53.55736159587542
638,53.55736159587542,56.66635162233547
639,56.66635162233547,80.30648554064348
640,80.30648554064348,78.66060100364137
641,78.66060100364137,75.48763578063833
642,75.48763578063833,71.36951349771006
643,71.36951349771006,67.3673759212969
644,67.3673759212969,64.55449794734982
645,64.55449794734982,63.349586439149576
646,63.349586439149576,63.081783437975346
647,63.081783437975346,62.41546328487376
648,62.41546328487376,60.596615835046926
649,60.596615835046926,58.27612893806634
650,58.27612893806634,56.783626451222865
651,56.783626451222865,56.52395977152655
652,56.52395977152655,56.39369352338207
653,56.39369352338207,54.91825456631648
654,54.91825456631648,51.7102027767789
655,51.7102027767789,47.793755753439534
656,47.793755753439534,44.856034624708066
657,44.856034624708066,44.14802663898165
658,44.14802663898165,45.601708293996175
659,45.601708293996175,47.96618200610748
660,47.96618200610748,50.178269770992536
661,50.178269770992536,52.456356260843975
662,52.456356260843975,55.48019990495507
663,55.48019990495507,58.587967290316215
664,58.587967290316215,59.61025474096199
665,59.61025474096199,56.842745683092105
666,56.842745683092105,50.711860097547984
667,50.711860097547984,43.30035225979718
668,43.30035225979718,36.659356937602155
669,36.659356937602155,31.884040266457813
670,31.884040266457813,29.44599141850233
671,29.44599141850233,29.642490830960373
672,29.642490830960373,32.32416301719474
673,32.32416301719474,36.45458734764399
674,36.45458734764399,40.47147355870645
675,40.47147355870645,43.42724339123757
676,43.42724339123757,45.66404460828968
677,45.66404460828968,48.0107335451914
678,48.0107335451914,50.34609436634684
679,50.34609436634684,51.37769882429997
680,51.37769882429997,50.047263104435146
681,50.047263104435146,46.996289466068006
682,46.996289466068006,44.439677919833166
683,44.439677919833166,44.525745595526104
684,44.525745595526104,47.67065346281295
685,47.67065346281295,52.3079000182385
686,52.3079000182385,56.22545519770701
687,56.22545519770701,58.33788555195186
688,58.33788555195186,59.342008744364335
689,59.342008744364335,60.648685511159144
690,60.648685511159144,62.762085342432556
691,62.762085342432556,64.95828370062327
692,64.95828370062327,66.39873237098787
693,66.39873237098787,66.94798780668368
694,66.94798780668368,66.83279767365048
695,66.83279767365048,65.95498464257139
696,65.95498464257139,63.71604128697495
697,63.71604128697495,59.57269738535162
698,59.57269738535162,53.95904206089463
699,53.95904206089463,48.57100224901204
700,48.57100224901204,45.23173514999116
701,45.23173514999116,44.304070979473614
702,44.304070979473614,44.52732948962793
