,Curvature_n,Curvature_n1
0,8.549411584543037,7.8554558110896755
1,7.8554558110896755,6.5713350609645325
2,6.5713350609645325,5.073821926663907
3,5.073821926663907,3.8522753035926307
4,3.8522753035926307,3.1385893750236598
5,3.1385893750236598,2.86348294698998
6,2.86348294698998,2.897618887427538
7,2.897618887427538,3.1608453887778616
8,3.1608453887778616,3.5354123509326314
9,3.5354123509326314,3.8205266307670516
10,3.8205266307670516,3.8193355656439247
11,3.8193355656439247,3.4719586147098074
12,3.4719586147098074,2.914582402571988
13,2.914582402571988,2.391335612027504
14,2.391335612027504,2.081329383468026
15,2.081329383468026,1.9845029307072424
16,1.9845029307072424,1.9582898275849647
17,1.9582898275849647,1.8668950111522393
18,1.8668950111522393,1.7092845757975188
19,1.7092845757975188,1.602416177038233
20,1.602416177038233,1.6465429027318308
21,1.6465429027318308,1.8332383491860447
22,1.8332383491860447,2.101922018040872
23,2.101922018040872,2.443744700339568
24,2.443744700339568,2.8725168006715522
25,2.8725168006715522,3.286619367639924
26,3.286619367639924,3.4602434318355004
27,3.4602434318355004,3.2572064848534588
28,3.2572064848534588,2.8174969235289913
29,2.8174969235289913,2.4703453469365506
30,2.4703453469365506,2.468543542046272
31,2.468543542046272,2.8183301613965748
32,2.8183301613965748,3.3232729161926367
33,3.3232729161926367,3.7589995365079947
34,3.7589995365079947,4.019392939309182
35,4.019392939309182,4.126457926839796
36,4.126457926839796,4.130501763313002
37,4.130501763313002,4.019751440485052
38,4.019751440485052,3.728178250732636
39,3.728178250732636,3.2326845263994155
40,3.2326845263994155,2.6414020711594097
41,2.6414020711594097,2.1669556998102504
42,2.1669556998102504,2.0632809236266954
43,2.0632809236266954,2.6745526633581522
44,2.6745526633581522,4.59171824696055
45,4.59171824696055,8.464290243186843
46,8.464290243186843,14.076209957323279
47,14.076209957323279,19.452271593653485
48,19.452271593653485,21.66770914268225
49,21.66770914268225,19.33550602215413
50,19.33550602215413,13.992550584871779
51,13.992550584871779,8.584292438691923
52,8.584292438691923,5.038308787384392
53,5.038308787384392,3.545545295658817
54,3.545545295658817,3.3849716351117265
55,3.3849716351117265,3.797344727454433
56,3.797344727454433,4.3495758757301735
57,4.3495758757301735,4.980386433298543
58,4.980386433298543,5.848264108679508
59,5.848264108679508,7.0325717479818355
60,7.0325717479818355,8.340301781127476
61,8.340301781127476,9.403210391465791
62,9.403210391465791,9.963618993777322
63,9.963618993777322,22.627077254638923
64,22.627077254638923,21.222688530953427
65,21.222688530953427,18.98205062259586
66,18.98205062259586,16.82629926066224
67,16.82629926066224,15.479096490087798
68,15.479096490087798,14.86644983579756
69,14.86644983579756,14.22813521723698
70,14.22813521723698,12.954186095111748
71,12.954186095111748,11.04986171392665
72,11.04986171392665,8.821069776036609
73,8.821069776036609,6.549353736814682
74,6.549353736814682,4.541072585121877
75,4.541072585121877,3.118902485505047
76,3.118902485505047,2.4313735254052466
77,2.4313735254052466,2.396105327885786
78,2.396105327885786,2.790469366069437
79,2.790469366069437,3.303180093784084
80,3.303180093784084,3.5896263777914754
81,3.5896263777914754,3.4589974006973234
82,3.4589974006973234,3.019348561393697
83,3.019348561393697,2.548806010381085
84,2.548806010381085,2.227483947058313
85,2.227483947058313,2.055078972593876
86,2.055078972593876,1.9815555139109928
87,1.9815555139109928,2.00865479410204
88,2.00865479410204,2.14528811828946
89,2.14528811828946,2.335171654809554
90,2.335171654809554,2.4733586084244434
91,2.4733586084244434,2.4725735451617243
92,2.4725735451617243,2.3147370690859344
93,2.3147370690859344,2.0738244571002005
94,2.0738244571002005,1.8870881417404493
95,1.8870881417404493,1.8655238765043567
96,1.8655238765043567,2.054991602305498
97,2.054991602305498,2.5172233370064374
98,2.5172233370064374,3.415570221978596
99,3.415570221978596,4.88699930110696
100,4.88699930110696,6.707926165811967
101,6.707926165811967,8.134358681387742
102,8.134358681387742,8.34225487147722
103,8.34225487147722,7.243933106551576
104,7.243933106551576,5.793725562759606
105,5.793725562759606,5.270767829690244
106,5.270767829690244,6.183946146803603
107,6.183946146803603,7.87140259232217
108,7.87140259232217,9.23054535415525
109,9.23054535415525,9.860188527164901
110,9.860188527164901,10.259953477003647
111,10.259953477003647,10.838341028420416
112,10.838341028420416,11.20217815870488
113,11.20217815870488,10.707292905199186
114,10.707292905199186,9.27285382578292
115,9.27285382578292,7.344091320322168
116,7.344091320322168,5.4211619350752684
117,5.4211619350752684,3.852724155493222
118,3.852724155493222,2.8151469429166727
119,2.8151469429166727,2.287208516822804
120,2.287208516822804,2.123685449779342
121,2.123685449779342,2.1963477028492355
122,2.1963477028492355,2.4742168831949476
123,2.4742168831949476,3.013356010912946
124,3.013356010912946,3.8562367193746585
125,3.8562367193746585,4.841524514213004
126,4.841524514213004,5.539668563368645
127,5.539668563368645,17.833196665644316
128,17.833196665644316,19.211404136506303
129,19.211404136506303,21.77070472841936
130,21.77070472841936,25.338007896983168
131,25.338007896983168,29.511500576709587
132,29.511500576709587,32.98915164322945
133,32.98915164322945,33.8038545971395
134,33.8038545971395,31.086888603702356
135,31.086888603702356,26.425804923450183
136,26.425804923450183,22.709116247094176
137,22.709116247094176,21.525807084765283
138,21.525807084765283,21.973034054793878
139,21.973034054793878,21.915665462651518
140,21.915665462651518,20.128753896835317
141,20.128753896835317,17.106269627635708
142,17.106269627635708,13.988122062586358
143,13.988122062586358,11.241264654688694
144,11.241264654688694,8.674419219005149
145,8.674419219005149,6.257569654128397
146,6.257569654128397,4.348565297682706
147,4.348565297682706,3.2813399359501143
148,3.2813399359501143,3.124089483668228
149,3.124089483668228,3.7283992193633693
150,3.7283992193633693,4.790677073983647
151,4.790677073983647,5.962018142560286
152,5.962018142560286,7.078175968126486
153,7.078175968126486,8.176296913443823
154,8.176296913443823,9.19189599443577
155,9.19189599443577,9.79982349735819
156,9.79982349735819,9.65866797443291
157,9.65866797443291,8.7339181975779
158,8.7339181975779,7.334277185082414
159,7.334277185082414,5.912937853506586
160,5.912937853506586,4.885829274296016
161,4.885829274296016,4.575422260759019
162,4.575422260759019,5.133570214420556
163,5.133570214420556,6.33044738253497
164,6.33044738253497,7.476739966932454
165,7.476739966932454,7.882561399416591
166,7.882561399416591,7.62561992911605
167,7.62561992911605,7.629139622499097
168,7.629139622499097,8.659249136933209
169,8.659249136933209,10.337742193003999
170,10.337742193003999,11.567292767568915
171,11.567292767568915,11.98706272045085
172,11.98706272045085,12.500540296177938
173,12.500540296177938,14.042496200317753
174,14.042496200317753,16.336106359531506
175,16.336106359531506,18.323872248518775
176,18.323872248518775,19.30685045441199
177,19.30685045441199,19.033368662602534
178,19.033368662602534,17.192995900023806
179,17.192995900023806,13.765403914636076
180,13.765403914636076,9.67409798557756
181,9.67409798557756,6.296068563581814
182,6.296068563581814,4.319438433542501
183,4.319438433542501,3.4605191638518225
184,3.4605191638518225,3.1483939055015755
185,3.1483939055015755,3.1118945941069787
186,3.1118945941069787,3.3428615087733995
187,3.3428615087733995,3.784690390720325
188,3.784690390720325,4.227231123287517
189,4.227231123287517,4.476936392666367
190,4.476936392666367,4.542286968644145
191,4.542286968644145,40.32767749000437
192,40.32767749000437,39.39299968072366
193,39.39299968072366,36.84615619967369
194,36.84615619967369,32.57124775371052
195,32.57124775371052,27.912415717051935
196,27.912415717051935,24.820720938492215
197,24.820720938492215,23.920355731478228
198,23.920355731478228,23.83260590261351
199,23.83260590261351,22.802146539091673
200,22.802146539091673,20.59582487772294
201,20.59582487772294,18.259291761805912
202,18.259291761805912,16.43392418252747
203,16.43392418252747,14.734988623194713
204,14.734988623194713,12.648958330211386
205,12.648958330211386,10.303750377330289
206,10.303750377330289,8.244271548431556
207,8.244271548431556,6.8810160181343765
208,6.8810160181343765,6.315754678235703
209,6.315754678235703,6.495561957920909
210,6.495561957920909,7.347190953491497
211,7.347190953491497,8.697655461944224
212,8.697655461944224,10.218888668254607
213,10.218888668254607,11.636412066948473
214,11.636412066948473,12.889103415891295
215,12.889103415891295,13.87031970639161
216,13.87031970639161,14.150081474200888
217,14.150081474200888,13.275271460259335
218,13.275271460259335,11.342845901429431
219,11.342845901429431,9.127188281864585
220,9.127188281864585,7.60819326688795
221,7.60819326688795,7.316578247277269
222,7.316578247277269,8.044566540244386
223,8.044566540244386,9.227453676557825
224,9.227453676557825,10.63459429409533
225,10.63459429409533,12.543234538851735
226,12.543234538851735,15.213578155642324
227,15.213578155642324,18.329138958842393
228,18.329138958842393,21.042762179203677
229,21.042762179203677,22.562905079391392
230,22.562905079391392,22.642987787621784
231,22.642987787621784,21.393019171518986
232,21.393019171518986,18.910850536603043
233,18.910850536603043,15.66377943769956
234,15.66377943769956,12.937279774666713
235,12.937279774666713,12.010768580849039
236,12.010768580849039,12.768496664196201
237,12.768496664196201,13.723347596351992
238,13.723347596351992,13.546966761997968
239,13.546966761997968,12.174127599686013
240,12.174127599686013,10.431468811202606
241,10.431468811202606,9.143765410039169
242,9.143765410039169,8.706487823006732
243,8.706487823006732,9.002759939845706
244,9.002759939845706,9.481372974660808
245,9.481372974660808,9.578927674699475
246,9.578927674699475,9.236950218271074
247,9.236950218271074,8.823242110689609
248,8.823242110689609,8.496778216518628
249,8.496778216518628,7.977362844953911
250,7.977362844953911,7.065434846049992
251,7.065434846049992,6.052280976335385
252,6.052280976335385,5.390078496313638
253,5.390078496313638,5.185665331230295
254,5.185665331230295,5.202344552722785
255,5.202344552722785,30.689543579858245
256,30.689543579858245,28.29252389763041
257,28.29252389763041,24.487184722578007
258,24.487184722578007,20.978077900091655
259,20.978077900091655,19.195066781091494
260,19.195066781091494,19.31690003471915
261,19.31690003471915,20.650363302607715
262,20.650363302607715,22.877917302169223
263,22.877917302169223,26.27209164450639
264,26.27209164450639,30.48253996133121
265,30.48253996133121,33.73003695481725
266,33.73003695481725,33.89247565527328
267,33.89247565527328,30.589893705105748
268,30.589893705105748,25.89207416858604
269,25.89207416858604,22.5415216404055
270,22.5415216404055,21.38540776746718
271,21.38540776746718,20.84370104306519
272,20.84370104306519,18.952665908805614
273,18.952665908805614,15.457561332365842
274,15.457561332365842,11.679200432254431
275,11.679200432254431,8.915596582672332
276,8.915596582672332,7.53600213689103
277,7.53600213689103,7.354323763475005
278,7.354323763475005,8.150887491658839
279,8.150887491658839,9.607423141556923
280,9.607423141556923,11.109288933005052
281,11.109288933005052,11.993782029642652
282,11.993782029642652,11.986919797009193
283,11.986919797009193,11.34078899233763
284,11.34078899233763,10.602402736833469
285,10.602402736833469,10.184399013770705
286,10.184399013770705,10.00974924303525
287,10.00974924303525,9.652407204429862
288,9.652407204429862,8.884737632722992
289,8.884737632722992,7.935211195843509
290,7.935211195843509,7.172956069172523
291,7.172956069172523,6.713674701225828
292,6.713674701225828,6.396126396012715
293,6.396126396012715,6.055860926947198
294,6.055860926947198,5.75835288833521
295,5.75835288833521,5.721093533902199
296,5.721093533902199,6.01532073344184
297,6.01532073344184,6.4720284137928346
298,6.4720284137928346,6.943172031147826
299,6.943172031147826,7.481164173976574
300,7.481164173976574,8.1665222468598
301,8.1665222468598,8.9035654376889
302,8.9035654376889,9.450193283660221
303,9.450193283660221,9.533277745116251
304,9.533277745116251,8.944131156890345
305,8.944131156890345,7.710987705284648
306,7.710987705284648,6.223889416373492
307,6.223889416373492,5.0833304580053404
308,5.0833304580053404,4.775551068213814
309,4.775551068213814,5.5083766937367304
310,5.5083766937367304,7.228409361500154
311,7.228409361500154,9.572671543154295
312,9.572671543154295,11.769555878008322
313,11.769555878008322,12.871770199639505
314,12.871770199639505,12.487515972189126
315,12.487515972189126,11.320297685809056
316,11.320297685809056,10.63068680486103
317,10.63068680486103,10.961959333363604
318,10.961959333363604,11.620765102938496
319,11.620765102938496,43.02525559653829
320,43.02525559653829,41.709300544852624
321,41.709300544852624,38.81354794704136
322,38.81354794704136,34.61388437961699
323,34.61388437961699,30.40196089199578
324,30.40196089199578,27.74287625232142
325,27.74287625232142,27.094532595410335
326,27.094532595410335,27.319715444760615
327,27.319715444760615,26.694973236843367
328,26.694973236843367,24.417066809468594
329,24.417066809468594,21.181173556428945
330,21.181173556428945,18.582525391652982
331,18.582525391652982,18.08703091279002
332,18.08703091279002,20.1643152033464
333,20.1643152033464,23.79369393151638
334,23.79369393151638,26.765302287140493
335,26.765302287140493,27.03457991542772
336,27.03457991542772,24.18408035887445
337,24.18408035887445,19.582176190743112
338,19.582176190743112,15.104366560695565
339,15.104366560695565,11.78342642778071
340,11.78342642778071,9.60546840475925
341,9.60546840475925,8.218478311560606
342,8.218478311560606,7.471331346089697
343,7.471331346089697,7.321182194133516
344,7.321182194133516,7.545555124545611
345,7.545555124545611,7.7243840644925115
346,7.7243840644925115,7.505509776437069
347,7.505509776437069,6.855714299045432
348,6.855714299045432,6.033763230815584
349,6.033763230815584,5.317863137958537
350,5.317863137958537,4.812331445159909
351,4.812331445159909,4.527312695042957
352,4.527312695042957,4.542192096906213
353,4.542192096906213,4.990973616401239
354,4.990973616401239,5.880586982373628
355,5.880586982373628,6.956451964801922
356,6.956451964801922,7.760748412468057
357,7.760748412468057,7.899905949085548
358,7.899905949085548,7.37544343300429
359,7.37544343300429,6.703012024757766
360,6.703012024757766,6.6779511926532225
361,6.6779511926532225,7.9814703093239165
362,7.9814703093239165,10.812284450205723
363,10.812284450205723,14.57573207536529
364,14.57573207536529,17.92257617255077
365,17.92257617255077,19.611484293103285
366,19.611484293103285,19.707754040409768
367,19.707754040409768,19.579868679747488
368,19.579868679747488,20.31930339227344
369,20.31930339227344,21.497092349582328
370,21.497092349582328,21.87081771790945
371,21.87081771790945,20.913663568777622
372,20.913663568777622,19.178995561359653
373,19.178995561359653,17.515176229396772
374,17.515176229396772,16.387375496438313
375,16.387375496438313,15.765764873686413
376,15.765764873686413,15.296403151780833
377,15.296403151780833,14.57756317465414
378,14.57756317465414,13.504569011907613
379,13.504569011907613,12.450101798902814
380,12.450101798902814,11.950332363789165
381,11.950332363789165,12.116173163729663
382,12.116173163729663,12.471495659264573
383,12.471495659264573,37.96829553279633
384,37.96829553279633,35.85237812912329
385,35.85237812912329,32.46764119101135
386,32.46764119101135,28.842090243457356
387,28.842090243457356,25.506883264685168
388,25.506883264685168,22.48795933854447
389,22.48795933854447,19.74763266788215
390,19.74763266788215,17.401181141114794
391,17.401181141114794,15.693293436929224
392,15.693293436929224,14.91844890135711
393,14.91844890135711,15.08251764252974
394,15.08251764252974,15.630351622299196
395,15.630351622299196,16.02843649952606
396,16.02843649952606,16.68304358737777
397,16.68304358737777,18.577926888906035
398,18.577926888906035,21.635531917917547
399,21.635531917917547,24.14914159894466
400,24.14914159894466,24.590325334053997
401,24.590325334053997,23.5401427963766
402,23.5401427963766,22.985853986840407
403,22.985853986840407,23.894253985328618
404,23.894253985328618,25.17845755032137
405,25.17845755032137,24.99478734579781
406,24.99478734579781,22.59838212955534
407,22.59838212955534,18.96219256370694
408,18.96219256370694,15.891541938085798
409,15.891541938085798,14.620662593974487
410,14.620662593974487,15.073987105470543
411,15.073987105470543,16.1807199914008
412,16.1807199914008,16.664369516786554
413,16.664369516786554,15.709162351512749
414,15.709162351512749,13.348811490461665
415,13.348811490461665,10.401949514888155
416,10.401949514888155,7.880043617868142
417,7.880043617868142,6.389623757473607
418,6.389623757473607,6.061925225578586
419,6.061925225578586,6.793796047075064
420,6.793796047075064,8.332607895020008
421,8.332607895020008,10.190119216265778
422,10.190119216265778,11.67323656150206
423,11.67323656150206,12.197929761906614
424,12.197929761906614,11.702354262911179
425,11.702354262911179,10.724076377695477
426,10.724076377695477,9.948126535629445
427,9.948126535629445,9.755281954230806
428,9.755281954230806,10.345984135732914
429,10.345984135732914,12.020596354212364
430,12.020596354212364,14.89311893112808
431,14.89311893112808,18.37019636336839
432,18.37019636336839,21.30726283023171
433,21.30726283023171,22.79894509036731
434,22.79894509036731,22.650273720338927
435,22.650273720338927,21.192450802063014
436,21.192450802063014,18.96651871450262
437,18.96651871450262,16.643361434598255
438,16.643361434598255,14.970234116366239
439,14.970234116366239,14.4676073153076
440,14.4676073153076,15.060965839268219
441,15.060965839268219,16.25211135432748
442,16.25211135432748,17.855237575473573
443,17.855237575473573,20.309841877384997
444,20.309841877384997,23.943859724929876
445,23.943859724929876,28.012375559430062
446,28.012375559430062,30.786333684612174
447,30.786333684612174,36.53409610016399
448,36.53409610016399,35.017813585702825
449,35.017813585702825,32.388910058769554
450,32.388910058769554,29.041698045375593
451,29.041698045375593,25.291113062642122
452,25.291113062642122,21.707269245532185
453,21.707269245532185,19.148959097791757
454,19.148959097791757,18.240529707753478
455,18.240529707753478,18.80048861532716
456,18.80048861532716,19.8222525162317
457,19.8222525162317,20.146400437343182
458,20.146400437343182,19.291099424110065
459,19.291099424110065,17.63495109906964
460,17.63495109906964,15.822424653840699
461,15.822424653840699,14.197254251897332
462,14.197254251897332,12.960825515010203
463,12.960825515010203,12.638123960034639
464,12.638123960034639,13.959096412976779
465,13.959096412976779,17.105336749922312
466,17.105336749922312,21.185037888620787
467,21.185037888620787,24.624983267874732
468,24.624983267874732,26.141564351427615
469,26.141564351427615,25.37121162326689
470,25.37121162326689,22.859896279870348
471,22.859896279870348,19.842753723168187
472,19.842753723168187,17.91855325035412
473,17.91855325035412,18.25544709242531
474,18.25544709242531,20.667124864886734
475,20.667124864886734,23.665630666498625
476,23.665630666498625,25.668506662957004
477,25.668506662957004,26.14382347254574
478,26.14382347254574,25.711537537681487
479,25.711537537681487,25.584801975311514
480,25.584801975311514,26.901747020004564
481,26.901747020004564,29.805838551302607
482,29.805838551302607,32.71555211690385
483,32.71555211690385,33.21283193599932
484,33.21283193599932,30.408257681450323
485,30.408257681450323,26.183246878609133
486,26.183246878609133,23.638114623997723
487,23.638114623997723,24.438136738342408
488,24.438136738342408,27.745690624244546
489,27.745690624244546,31.43019117473498
490,31.43019117473498,34.01824462103281
491,34.01824462103281,35.37223146070171
492,35.37223146070171,35.845279433944306
493,35.845279433944306,35.60588655752306
494,35.60588655752306,34.89175232551166
495,34.89175232551166,34.126333444435275
496,34.126333444435275,33.48208639543108
497,33.48208639543108,32.78759499141251
498,32.78759499141251,31.902150836594267
499,31.902150836594267,30.961864495651838
500,30.961864495651838,30.381334668794416
501,30.381334668794416,30.643087017777894
502,30.643087017777894,31.924497090917082
503,31.924497090917082,34.046845850396025
504,34.046845850396025,36.71085305580034
505,36.71085305580034,39.34755994031067
506,39.34755994031067,40.904908698423945
507,40.904908698423945,40.534394779137806
508,40.534394779137806,38.55438161624003
509,38.55438161624003,36.26539059739003
510,36.26539059739003,34.862422541330716
511,34.862422541330716,51.71771009422095
512,51.71771009422095,50.3733517012888
513,50.3733517012888,47.63852938673003
514,47.63852938673003,44.223740766028826
515,44.223740766028826,41.744636578899424
516,41.744636578899424,41.52961416673331
517,41.52961416673331,43.44226438675306
518,43.44226438675306,46.17898290827152
519,46.17898290827152,48.393721195218184
520,48.393721195218184,49.26426181634522
521,49.26426181634522,48.48510318335254
522,48.48510318335254,46.270272931274846
523,46.270272931274846,43.281454076016004
524,43.281454076016004,40.235378044146074
525,40.235378044146074,37.579982846495014
526,37.579982846495014,35.512818257897834
527,35.512818257897834,34.061342797300455
528,34.061342797300455,33.05789108131099
529,33.05789108131099,32.19330226654915
530,32.19330226654915,31.12702671645759
531,31.12702671645759,29.591560574611204
532,29.591560574611204,27.67342689923074
533,27.67342689923074,26.174622879827332
534,26.174622879827332,26.297856723004884
535,26.297856723004884,28.591972303259844
536,28.591972303259844,32.319147544104865
537,32.319147544104865,35.968745160534624
538,35.968745160534624,38.36837937033764
539,38.36837937033764,39.563518875202575
540,39.563518875202575,40.83481717183847
541,40.83481717183847,43.452857407098094
542,43.452857407098094,47.07013959788627
543,47.07013959788627,49.922439561821534
544,49.922439561821534,50.99441994172634
545,50.99441994172634,51.26280352690344
546,51.26280352690344,52.09952510928244
547,52.09952510928244,52.96569319483579
548,52.96569319483579,51.59198646565712
549,51.59198646565712,46.52870227247938
550,46.52870227247938,39.04259082174477
551,39.04259082174477,32.459838721658706
552,32.459838721658706,29.89902429634195
553,29.89902429634195,32.408100551450644
554,32.408100551450644,38.51063563811596
555,38.51063563811596,45.17357290021218
556,45.17357290021218,49.703209113186176
557,49.703209113186176,51.17525106293279
558,51.17525106293279,50.03198065236183
559,50.03198065236183,46.705390058689346
560,46.705390058689346,41.46848287317506
561,41.46848287317506,35.45220330329142
562,35.45220330329142,30.551443382009268
563,30.551443382009268,27.88526024978865
564,27.88526024978865,27.00268758406664
565,27.00268758406664,26.81454057138742
566,26.81454057138742,26.765678244645727
567,26.765678244645727,27.144191391918593
568,27.144191391918593,28.77629636872159
569,28.77629636872159,32.37587852581997
570,32.37587852581997,37.836496962960744
571,37.836496962960744,44.173886999052655
572,44.173886999052655,50.15184283097241
573,50.15184283097241,54.76357769343329
574,54.76357769343329,57.282412261798754
575,57.282412261798754,54.12994402272274
576,54.12994402272274,54.598009783161075
577,54.598009783161075,53.91865404397792
578,53.91865404397792,51.03610988643092
579,51.03610988643092,46.92484062787202
580,46.92484062787202,43.63481264835742
581,43.63481264835742,42.3039723433826
582,42.3039723433826,42.36785245607034
583,42.36785245607034,42.53264533080035
584,42.53264533080035,42.16540243484422
585,42.16540243484422,41.639240559434405
586,41.639240559434405,41.580714261553226
587,41.580714261553226,42.1378516545882
588,42.1378516545882,43.04180977303228
589,43.04180977303228,44.03319468590561
590,44.03319468590561,44.966166762675954
591,44.966166762675954,45.692948117466976
592,45.692948117466976,46.12749230348611
593,46.12749230348611,46.296800615341176
594,46.296800615341176,46.171045675666626
595,46.171045675666626,45.50762735423556
596,45.50762735423556,43.912481502384296
597,43.912481502384296,41.16415655063132
598,41.16415655063132,37.69427095765287
599,37.69427095765287,34.68450943413433
600,34.68450943413433,33.15035836788981
601,33.15035836788981,32.67796405089031
602,32.67796405089031,31.547753538213307
603,31.547753538213307,28.564137549364727
604,28.564137549364727,24.484515806136756
605,24.484515806136756,21.285464272306225
606,21.285464272306225,20.340442377092188
607,20.340442377092188,21.71240688118208
608,21.71240688118208,24.81887215476489
609,24.81887215476489,28.88595611553697
610,28.88595611553697,32.580109964859496
611,32.580109964859496,34.14692055245297
612,34.14692055245297,32.69782721819818
613,32.69782721819818,29.052360335913384
614,29.052360335913384,24.920547444792703
615,24.920547444792703,21.618928987913314
616,21.618928987913314,19.712101206586162
617,19.712101206586162,19.258035618053423
618,19.258035618053423,19.9470502624439
619,19.9470502624439,21.2777585421818
620,21.2777585421818,22.915872204758315
621,22.915872204758315,24.87525717779653
622,24.87525717779653,27.406600376494417
623,27.406600376494417,30.75223994572361
624,30.75223994572361,34.780861819941336
625,34.780861819941336,38.87546664510126
626,38.87546664510126,42.55713096156653
627,42.55713096156653,46.137927943790956
628,46.137927943790956,50.278033099162975
629,50.278033099162975,54.94141470007021
630,54.94141470007021,59.114806959191604
631,59.114806959191604,61.55362036121821
632,61.55362036121821,61.59985778264705
633,61.59985778264705,59.278473814291594
634,59.278473814291594,55.010215020988646
635,55.010215020988646,49.700092109335415
636,49.700092109335415,44.82036656915931
637,44.82036656915931,41.63691034456128
638,41.63691034456128,40.30674841043832
639,40.30674841043832,63.46778539580691
640,63.46778539580691,63.54489036097032
641,63.54489036097032,63.45040042938571
642,63.45040042938571,63.01311484325369
643,63.01311484325369,62.25465284746922
644,62.25465284746922,61.18804269029562
645,61.18804269029562,59.68121717297413
646,59.68121717297413,57.53632398738691
647,57.53632398738691,54.678637708997286
648,54.678637708997286,51.413796102047506
649,51.413796102047506,48.56774588803218
650,48.56774588803218,47.07276533486346
651,47.07276533486346,47.211763510474334
652,47.211763510474334,48.42229260280122
653,48.42229260280122,49.92388335001661
654,49.92388335001661,51.38737508698149
655,51.38737508698149,52.92811651719419
656,52.92811651719419,54.52045931959493
657,54.52045931959493,55.5454165883098
658,55.5454165883098,55.01880292974596
659,55.01880292974596,52.42154634319637
660,52.42154634319637,48.408977312928656
661,48.408977312928656,44.52970612555907
662,44.52970612555907,41.94835608972524
663,41.94835608972524,40.473492865277336
664,40.473492865277336,39.03324164600719
665,39.03324164600719,36.955776257945466
666,36.955776257945466,34.443081119602496
667,34.443081119602496,32.09189700748876
668,32.09189700748876,30.52365924926237
669,30.52365924926237,30.26777345726773
670,30.26777345726773,31.40521044782596
671,31.40521044782596,33.31031705976668
672,33.31031705976668,34.91412836955729
673,34.91412836955729,35.12958650779384
674,35.12958650779384,33.207302395161435
675,33.207302395161435,29.127181877462753
676,29.127181877462753,23.730071390542687
677,23.730071390542687,18.43058850919207
678,18.43058850919207,14.858193879603576
679,14.858193879603576,14.528156065134414
680,14.528156065134414,18.249880080537608
681,18.249880080537608,25.380507270986627
682,25.380507270986627,33.61202917325145
683,33.61202917325145,39.949664812068995
684,39.949664812068995,42.40296751978495
685,42.40296751978495,41.027346997975954
686,41.027346997975954,37.5703897717516
687,37.5703897717516,34.26429203694877
688,34.26429203694877,32.734314383433045
689,32.734314383433045,33.506904166375854
690,33.506904166375854,36.02796342414514
691,36.02796342414514,38.9771723977822
692,38.9771723977822,40.863542356656765
693,40.863542356656765,40.87398032569
694,40.87398032569,39.392903282126696
695,39.392903282126696,37.3940362323251
696,37.3940362323251,35.2366953219802
697,35.2366953219802,32.56439425495872
698,32.56439425495872,29.480205851618337
699,29.480205851618337,27.123581251632856
700,27.123581251632856,26.64718844892921
701,26.64718844892921,27.871096604605807
702,27.871096604605807,29.240887870956712
