,Curvature_n,Curvature_n1
0,81.16369198143865,83.71815518308742
1,83.71815518308742,87.26824293851699
2,87.26824293851699,89.53442225821422
3,89.53442225821422,88.91757903011873
4,88.91757903011873,85.74241522433893
5,85.74241522433893,82.13953284526671
6,82.13953284526671,80.23784771237536
7,80.23784771237536,80.50311721785013
8,80.50311721785013,82.05756092764807
9,82.05756092764807,84.05198687879759
10,84.05198687879759,86.18875975865829
11,86.18875975865829,88.38610320674812
12,88.38610320674812,90.55295656129027
13,90.55295656129027,92.52812966852298
14,92.52812966852298,93.89772429934371
15,93.89772429934371,93.98015037126765
16,93.98015037126765,92.305706042091
17,92.305706042091,89.1516861251136
18,89.1516861251136,85.46345131981697
19,85.46345131981697,82.28853890946829
20,82.28853890946829,80.3315530166607
21,80.3315530166607,79.67472343225272
22,79.67472343225272,79.61235439302004
23,79.61235439302004,79.20853953857652
24,79.20853953857652,78.40000135763597
25,78.40000135763597,78.06932471841353
26,78.06932471841353,78.72918458576581
27,78.72918458576581,79.65524607284821
28,79.65524607284821,79.6853100556331
29,79.6853100556331,78.54276852018198
30,78.54276852018198,76.97363984423396
31,76.97363984423396,75.65191280286155
32,75.65191280286155,74.4650570151909
33,74.4650570151909,73.23392459038327
34,73.23392459038327,72.7482564716047
35,72.7482564716047,74.20550804226286
36,74.20550804226286,77.45191170702788
37,77.45191170702788,80.52986709439357
38,80.52986709439357,81.47788126658239
39,81.47788126658239,80.3092633437333
40,80.3092633437333,78.81251787703579
41,78.81251787703579,78.5545281656949
42,78.5545281656949,79.58654660089796
43,79.58654660089796,81.1208352176157
44,81.1208352176157,82.7427736321527
45,82.7427736321527,84.44836725979059
46,84.44836725979059,85.94654129817826
47,85.94654129817826,86.53619549817077
48,86.53619549817077,85.74343876295353
49,85.74343876295353,83.76733849337228
50,83.76733849337228,81.06401290145737
51,81.06401290145737,77.72087698942921
52,77.72087698942921,73.85984277501846
53,73.85984277501846,70.62338618743058
54,70.62338618743058,69.81161058209761
55,69.81161058209761,72.02623457148364
56,72.02623457148364,75.75385847502903
57,75.75385847502903,78.65889192125725
58,78.65889192125725,79.50447561462434
59,79.50447561462434,78.78194485327886
60,78.78194485327886,77.7773667299259
61,77.7773667299259,77.2699605770245
62,77.2699605770245,77.18574231815182
63,77.18574231815182,85.71938769168388
64,85.71938769168388,82.24521517766013
65,82.24521517766013,76.0141622943211
66,76.0141622943211,68.58377945710839
67,68.58377945710839,62.097153311335404
68,62.097153311335404,58.34641795117568
69,58.34641795117568,57.84416935229697
70,57.84416935229697,59.938156814945614
71,59.938156814945614,63.74682715676238
72,63.74682715676238,68.60449624240292
73,68.60449624240292,73.59294860141874
74,73.59294860141874,77.23847590824764
75,77.23847590824764,78.44173616354341
76,78.44173616354341,77.83226706211786
77,77.83226706211786,77.44937513993176
78,77.44937513993176,78.56188188596282
79,78.56188188596282,80.29199418129538
80,80.29199418129538,81.01537137058062
81,81.01537137058062,80.637904781007
82,80.637904781007,80.53818481282306
83,80.53818481282306,81.51986820559537
84,81.51986820559537,82.97862894847934
85,82.97862894847934,84.11402634832103
86,84.11402634832103,84.83242849664481
87,84.83242849664481,85.26476253284162
88,85.26476253284162,85.37726659766425
89,85.37726659766425,85.37501807874713
90,85.37501807874713,85.77052268795217
91,85.77052268795217,86.67510055246456
92,86.67510055246456,87.29831810499701
93,87.29831810499701,86.50248781073643
94,86.50248781073643,84.01806925213151
95,84.01806925213151,81.0325901483435
96,81.0325901483435,79.29465112050283
97,79.29465112050283,79.44390111099815
98,79.44390111099815,80.31334450771551
99,80.31334450771551,80.06032422418818
100,80.06032422418818,77.93508945020048
101,77.93508945020048,74.82963563765655
102,74.82963563765655,72.23034421874384
103,72.23034421874384,70.85145687119291
104,70.85145687119291,70.31987292970274
105,70.31987292970274,70.01234646764709
106,70.01234646764709,69.85137372546632
107,69.85137372546632,70.14766634231944
108,70.14766634231944,70.86437182923234
109,70.86437182923234,71.30172010826998
110,71.30172010826998,70.59285439466149
111,70.59285439466149,68.46590076558738
112,68.46590076558738,65.40728502536743
113,65.40728502536743,62.202837126583084
114,62.202837126583084,59.621664484035215
115,59.621664484035215,58.37759983513736
116,58.37759983513736,58.82057827242926
117,58.82057827242926,60.4783851959788
118,60.4783851959788,62.257322480481285
119,62.257322480481285,63.33583742753626
120,63.33583742753626,63.749009798011954
121,63.749009798011954,64.17051252847581
122,64.17051252847581,65.49836311357313
123,65.49836311357313,68.57971514162614
124,68.57971514162614,73.58255551778703
125,73.58255551778703,79.22006692982796
126,79.22006692982796,83.03840952474374
127,83.03840952474374,59.631436456141714
128,59.631436456141714,60.18425128979462
129,60.18425128979462,60.75843156709142
130,60.75843156709142,61.23015482396684
131,61.23015482396684,62.57055946558912
132,62.57055946558912,65.89738616603408
133,65.89738616603408,70.60539510428872
134,70.60539510428872,74.26884197686971
135,74.26884197686971,75.01494101066896
136,75.01494101066896,73.32038074586359
137,73.32038074586359,70.88514366438463
138,70.88514366438463,68.5608913740698
139,68.5608913740698,66.27903742837022
140,66.27903742837022,64.31612049288785
141,64.31612049288785,63.47425702335664
142,63.47425702335664,64.13421545382374
143,64.13421545382374,65.76795223456269
144,65.76795223456269,67.29591854751108
145,67.29591854751108,67.71293890203219
146,67.71293890203219,66.53679635571547
147,66.53679635571547,63.81611884255659
148,63.81611884255659,59.98289162155292
149,59.98289162155292,55.970219673509035
150,55.970219673509035,53.06055336554915
151,53.06055336554915,51.99749320143994
152,51.99749320143994,52.32070680725592
153,52.32070680725592,53.01805081625612
154,53.01805081625612,53.76568196976356
155,53.76568196976356,55.106223764007275
156,55.106223764007275,57.41675036730039
157,57.41675036730039,60.1105281350567
158,60.1105281350567,61.94732443416348
159,61.94732443416348,61.96235283045855
160,61.96235283045855,60.08691435370171
161,60.08691435370171,57.2367022581939
162,57.2367022581939,54.990807657723494
163,54.990807657723494,54.7720123900257
164,54.7720123900257,56.784067280655236
165,56.784067280655236,59.826599015937575
166,59.826599015937575,62.479808524502886
167,62.479808524502886,64.29714332512242
168,64.29714332512242,65.54979264216331
169,65.54979264216331,66.19848045076908
170,66.19848045076908,65.63886816801111
171,65.63886816801111,63.40206624111565
172,63.40206624111565,59.995572227700286
173,59.995572227700286,57.18075758453621
174,57.18075758453621,57.158277342754346
175,57.158277342754346,60.80888204774986
176,60.80888204774986,66.46286659275192
177,66.46286659275192,70.80616486313154
178,70.80616486313154,71.4857533642713
179,71.4857533642713,68.81686668235028
180,68.81686668235028,64.80953560235429
181,64.80953560235429,61.02854974708556
182,61.02854974708556,57.91703663353241
183,57.91703663353241,55.45578857090835
184,55.45578857090835,53.42260222024963
185,53.42260222024963,51.3420276992001
186,51.3420276992001,49.227885083188944
187,49.227885083188944,48.32330218378861
188,48.32330218378861,50.07790288785762
189,50.07790288785762,54.03179702027711
190,54.03179702027711,57.39082682203072
191,57.39082682203072,54.75037130726934
192,54.75037130726934,52.53984359851715
193,52.53984359851715,49.292753486937926
194,49.292753486937926,46.21738844947668
195,46.21738844947668,43.78159103643065
196,43.78159103643065,42.06519668221726
197,42.06519668221726,41.34643961988091
198,41.34643961988091,42.09065319999002
199,42.09065319999002,44.579544166364016
200,44.579544166364016,48.61767264082417
201,48.61767264082417,53.43178378662151
202,53.43178378662151,57.95971082677737
203,57.95971082677737,61.37127092379875
204,61.37127092379875,63.312693597388616
205,63.312693597388616,63.877663914413006
206,63.877663914413006,63.6513676610149
207,63.6513676610149,63.59676458485238
208,63.59676458485238,64.41383730593807
209,64.41383730593807,65.80884568274054
210,65.80884568274054,66.50974252437702
211,66.50974252437702,65.1825677230699
212,65.1825677230699,61.5006401045476
213,61.5006401045476,56.39349017503543
214,56.39349017503543,51.42615818234603
215,51.42615818234603,48.09787257485339
216,48.09787257485339,47.340937104247104
217,47.340937104247104,48.91295934265383
218,48.91295934265383,51.38117766622008
219,51.38117766622008,53.35125630010201
220,53.35125630010201,54.68642114811604
221,54.68642114811604,56.2187932937764
222,56.2187932937764,58.6706135750475
223,58.6706135750475,62.280104113580535
224,62.280104113580535,67.04086413254163
225,67.04086413254163,72.54039928986876
226,72.54039928986876,77.39259611230239
227,77.39259611230239,79.46453976616809
228,79.46453976616809,77.54020697668341
229,77.54020697668341,72.7491719539331
230,72.7491719539331,67.73299981100851
231,67.73299981100851,64.58745855048276
232,64.58745855048276,64.03566775001762
233,64.03566775001762,65.64815120909054
234,65.64815120909054,67.72721841627524
235,67.72721841627524,67.72642861748659
236,67.72642861748659,64.32981361845097
237,64.32981361845097,59.070370107315966
238,59.070370107315966,54.868530425207766
239,54.868530425207766,52.841030278881775
240,52.841030278881775,51.211521516850524
241,51.211521516850524,47.63104254179432
242,47.63104254179432,42.00199395573643
243,42.00199395573643,36.48181743581384
244,36.48181743581384,33.179325916416495
245,33.179325916416495,32.605521091859856
246,32.605521091859856,34.16445942006576
247,34.16445942006576,37.245779771321395
248,37.245779771321395,41.40027113740964
249,41.40027113740964,45.753864016811896
250,45.753864016811896,48.96194035235275
251,48.96194035235275,50.29654206312822
252,50.29654206312822,50.477554724472995
253,50.477554724472995,50.71645023772205
254,50.71645023772205,51.16515745953677
255,51.16515745953677,43.296875611470554
256,43.296875611470554,42.54252697459353
257,42.54252697459353,42.152259363186495
258,42.152259363186495,43.430658414743455
259,43.430658414743455,46.75348220536034
260,46.75348220536034,51.052150981691995
261,51.052150981691995,54.37297753737694
262,54.37297753737694,55.283017804939576
263,55.283017804939576,53.83438876067537
264,53.83438876067537,51.10907351681108
265,51.10907351681108,48.07993199500831
266,48.07993199500831,45.316623972970774
267,45.316623972970774,43.57077173628984
268,43.57077173628984,43.83959603237013
269,43.83959603237013,46.47889795907672
270,46.47889795907672,50.65882816783428
271,50.65882816783428,55.16225220733686
272,55.16225220733686,59.68847914424987
273,59.68847914424987,65.02452189445384
274,65.02452189445384,71.67304746074383
275,71.67304746074383,78.3477004940275
276,78.3477004940275,82.14729647898422
277,82.14729647898422,80.69628359096524
278,80.69628359096524,74.2984642198944
279,74.2984642198944,65.78376367007675
280,65.78376367007675,58.29307825582299
281,58.29307825582299,53.51598610635877
282,53.51598610635877,51.83102837667643
283,51.83102837667643,53.2158314682751
284,53.2158314682751,57.39527404493346
285,57.39527404493346,63.210031087058596
286,63.210031087058596,68.50591717192385
287,68.50591717192385,71.29342980791581
288,71.29342980791581,71.02791161144523
289,71.02791161144523,68.49836027343878
290,68.49836027343878,64.85260124275231
291,64.85260124275231,61.27385435923567
292,61.27385435923567,58.98285440385184
293,58.98285440385184,58.34955637503185
294,58.34955637503185,58.00596440662179
295,58.00596440662179,55.968339195776394
296,55.968339195776394,52.1733352449869
297,52.1733352449869,49.19810255442284
298,49.19810255442284,49.78679991178937
299,49.78679991178937,53.94759718997823
300,53.94759718997823,58.8575574875164
301,58.8575574875164,61.38800768587881
302,61.38800768587881,60.72340961418393
303,60.72340961418393,58.93198224198842
304,58.93198224198842,59.12554091009707
305,59.12554091009707,62.790415085287506
306,62.790415085287506,68.5955092174593
307,68.5955092174593,73.28795986085854
308,73.28795986085854,73.61052321539741
309,73.61052321539741,68.26273656813561
310,68.26273656813561,58.941051237099444
311,58.941051237099444,49.238168690129015
312,49.238168690129015,42.02324342835738
313,42.02324342835738,38.037587171486045
314,38.037587171486045,36.85437100859657
315,36.85437100859657,38.14563094652291
316,38.14563094652291,41.42099206097166
317,41.42099206097166,45.297380153928316
318,45.297380153928316,47.88401279692052
319,47.88401279692052,32.9429228961429
320,32.9429228961429,35.3868331000095
321,35.3868331000095,38.58001284171925
322,38.58001284171925,40.70135289958078
323,40.70135289958078,41.16399447069293
324,41.16399447069293,40.509349857680064
325,40.509349857680064,39.511643854118354
326,39.511643854118354,38.76164054356642
327,38.76164054356642,38.88361421334322
328,38.88361421334322,40.6460297489084
329,40.6460297489084,44.2987934602418
330,44.2987934602418,48.501015581799294
331,48.501015581799294,50.44936912759557
332,50.44936912759557,48.09140520429439
333,48.09140520429439,42.38186190944019
334,42.38186190944019,36.72811335550335
335,36.72811335550335,34.210061775477115
336,34.210061775477115,35.658970080896204
337,35.658970080896204,39.80922619867896
338,39.80922619867896,44.48371649154679
339,44.48371649154679,47.9702831074954
340,47.9702831074954,50.10413022960201
341,50.10413022960201,52.0296039269359
342,52.0296039269359,54.62847811188335
343,54.62847811188335,57.416704700859896
344,57.416704700859896,59.21877023633738
345,59.21877023633738,59.510626280471676
346,59.510626280471676,58.66719527325773
347,58.66719527325773,57.19438828666365
348,57.19438828666365,55.44316676106208
349,55.44316676106208,54.138724112512506
350,54.138724112512506,54.45049177359632
351,54.45049177359632,57.05006912632538
352,57.05006912632538,61.28260698473589
353,61.28260698473589,65.3381401306288
354,65.3381401306288,67.20380105859016
355,67.20380105859016,65.83484572238073
356,65.83484572238073,61.8575659362335
357,61.8575659362335,56.89132867859877
358,56.89132867859877,51.8604285686004
359,51.8604285686004,46.290670133881164
360,46.290670133881164,39.810037373763095
361,39.810037373763095,33.94218024149663
362,33.94218024149663,31.368047073348166
363,31.368047073348166,33.07966037353239
364,33.07966037353239,37.06244001601665
365,37.06244001601665,40.39475081011312
366,40.39475081011312,42.05225784752946
367,42.05225784752946,43.079422294089234
368,43.079422294089234,44.723540756426324
369,44.723540756426324,47.135088615777164
370,47.135088615777164,49.318931785862866
371,49.318931785862866,49.66039178489489
372,49.66039178489489,46.967498370108345
373,46.967498370108345,41.632223765336974
374,41.632223765336974,35.662481381996095
375,35.662481381996095,31.302579726856855
376,31.302579726856855,29.610628104637854
377,29.610628104637854,30.141414691208343
378,30.141414691208343,31.626245431355397
379,31.626245431355397,32.912182809494155
380,32.912182809494155,33.51899668787317
381,33.51899668787317,33.59624629014968
382,33.59624629014968,33.5134751294626
383,33.5134751294626,31.351960282204594
384,31.351960282204594,33.162548643739406
385,33.162548643739406,34.58103507289721
386,34.58103507289721,33.98948583046249
387,33.98948583046249,32.228862233478104
388,32.228862233478104,31.488945443835338
389,31.488945443835338,33.13802264380679
390,33.13802264380679,36.93245406509496
391,36.93245406509496,41.639476749443034
392,41.639476749443034,45.898842834309676
393,45.898842834309676,48.78299484876311
394,48.78299484876311,50.009304903305775
395,50.009304903305775,49.892413945577694
396,49.892413945577694,49.11476701182782
397,49.11476701182782,48.227001470130475
398,48.227001470130475,47.19334628944945
399,47.19334628944945,45.823294039993336
400,45.823294039993336,44.804228385076954
401,44.804228385076954,45.52413352970616
402,45.52413352970616,48.300938556696195
403,48.300938556696195,51.37249905187898
404,51.37249905187898,52.29334218061078
405,52.29334218061078,50.23065849527865
406,50.23065849527865,46.606348377887244
407,46.606348377887244,43.576868842304265
408,43.576868842304265,42.09867342789348
409,42.09867342789348,41.57617774279974
410,41.57617774279974,41.236522203622165
411,41.236522203622165,41.44900928752594
412,41.44900928752594,43.259673216900005
413,43.259673216900005,46.86242994919676
414,46.86242994919676,51.23354984903256
415,51.23354984903256,55.27728221120959
416,55.27728221120959,58.6003423757255
417,58.6003423757255,60.94230996208117
418,60.94230996208117,61.48963562882417
419,61.48963562882417,59.2662604162435
420,59.2662604162435,54.174230796243634
421,54.174230796243634,47.614639689536965
422,47.614639689536965,42.0382546266384
423,42.0382546266384,39.494409335569856
424,39.494409335569856,40.391071359874864
425,40.391071359874864,43.70501873471683
426,43.70501873471683,48.11188158421496
427,48.11188158421496,52.538351061921965
428,52.538351061921965,55.97727882566472
429,55.97727882566472,57.650814913254266
430,57.650814913254266,57.68817668228604
431,57.68817668228604,57.307785546541034
432,57.307785546541034,57.883282553188316
433,57.883282553188316,59.55079384515547
434,59.55079384515547,60.80151727831077
435,60.80151727831077,59.9616161294295
436,59.9616161294295,57.15117205637947
437,57.15117205637947,53.96629982188748
438,53.96629982188748,51.15265764358182
439,51.15265764358182,47.86371284767975
440,47.86371284767975,43.45648679915273
441,43.45648679915273,38.66475944555138
442,38.66475944555138,34.658637679474054
443,34.658637679474054,32.018227681103994
444,32.018227681103994,30.882658731630745
445,30.882658731630745,31.055715144988163
446,31.055715144988163,31.66241959410154
447,31.66241959410154,34.963338515848044
448,34.963338515848044,38.209297308058325
449,38.209297308058325,43.32446095871007
450,43.32446095871007,48.41691840942812
451,48.41691840942812,52.46142394182857
452,52.46142394182857,55.67890631583295
453,55.67890631583295,58.24502330352365
454,58.24502330352365,59.2717189866276
455,59.2717189866276,57.83177292234944
456,57.83177292234944,54.68768092527732
457,54.68768092527732,52.17891599155424
458,52.17891599155424,52.06906423008641
459,52.06906423008641,53.803354034064284
460,53.803354034064284,55.16256828060595
461,55.16256828060595,54.44523968019219
462,54.44523968019219,51.80831817953056
463,51.80831817953056,48.63451649992494
464,48.63451649992494,46.0178056327286
465,46.0178056327286,44.12307061073936
466,44.12307061073936,42.694806924743006
467,42.694806924743006,41.584127982698654
468,41.584127982698654,40.83353730539802
469,40.83353730539802,40.97198665313259
470,40.97198665313259,43.21546765518366
471,43.21546765518366,48.26128122795534
472,48.26128122795534,54.35718800532648
473,54.35718800532648,57.75608129755767
474,57.75608129755767,56.32499141887725
475,56.32499141887725,51.98780559833018
476,51.98780559833018,48.422130682519516
477,48.422130682519516,47.1449307590746
478,47.1449307590746,47.08149412082907
479,47.08149412082907,46.885639223778355
480,46.885639223778355,45.95443181648295
481,45.95443181648295,43.91820903598333
482,43.91820903598333,41.068843918775755
483,41.068843918775755,39.05383988917238
484,39.05383988917238,39.52108467536595
485,39.52108467536595,41.87123236885813
486,41.87123236885813,43.25997493404792
487,43.25997493404792,41.26762356680624
488,41.26762356680624,36.27996765107297
489,36.27996765107297,30.94225573397935
490,30.94225573397935,27.57222251242485
491,27.57222251242485,26.64283100111276
492,26.64283100111276,27.42584728861919
493,27.42584728861919,29.011360478572115
494,29.011360478572115,30.621188351996572
495,30.621188351996572,31.910533196585195
496,31.910533196585195,33.17038060214232
497,33.17038060214232,34.76379108336299
498,34.76379108336299,36.492328160243375
499,36.492328160243375,37.6463843128611
500,37.6463843128611,37.44175663385066
501,37.44175663385066,35.633507282509576
502,35.633507282509576,32.89666655552644
503,32.89666655552644,30.21460692793558
504,30.21460692793558,27.871311647013194
505,27.871311647013194,25.474373072718308
506,25.474373072718308,22.79308634272811
507,22.79308634272811,20.15828284753978
508,20.15828284753978,18.169683827253863
509,18.169683827253863,17.16031838769079
510,17.16031838769079,16.888177364716835
511,16.888177364716835,35.11224952163134
512,35.11224952163134,35.0324652558024
513,35.0324652558024,34.76904822619127
514,34.76904822619127,34.18631265221375
515,34.18631265221375,32.98553624192875
516,32.98553624192875,30.71404121281323
517,30.71404121281323,27.315947219596914
518,27.315947219596914,23.62476931018705
519,23.62476931018705,20.97794984376292
520,20.97794984376292,20.267235919688012
521,20.267235919688012,21.456336531238637
522,21.456336531238637,23.884509628990312
523,23.884509628990312,26.767116647927004
524,26.767116647927004,29.341361376795884
525,29.341361376795884,31.041860905149314
526,31.041860905149314,32.07459360476803
527,32.07459360476803,33.43960249792849
528,33.43960249792849,35.70491339000974
529,35.70491339000974,37.98755267184493
530,37.98755267184493,38.77655698440133
531,38.77655698440133,37.679822676318004
532,37.679822676318004,35.986773591323676
533,35.986773591323676,35.585579768170234
534,35.585579768170234,37.543028659221925
535,37.543028659221925,41.37539009641182
536,41.37539009641182,45.22326909447805
537,45.22326909447805,46.95810945363199
538,46.95810945363199,45.63720319950154
539,45.63720319950154,41.99744271641262
540,41.99744271641262,37.52030409593743
541,37.52030409593743,33.38714462045741
542,33.38714462045741,30.412482690760257
543,30.412482690760257,29.1927344406041
544,29.1927344406041,29.572044186266254
545,29.572044186266254,30.347127155044312
546,30.347127155044312,30.396739342014424
547,30.396739342014424,30.23729990169418
548,30.23729990169418,31.88583735872844
549,31.88583735872844,36.839461658064685
550,36.839461658064685,44.27892205805297
551,44.27892205805297,51.22535820155711
552,51.22535820155711,54.354368495693485
553,54.354368495693485,51.99127552748054
554,51.99127552748054,45.09465400591813
555,45.09465400591813,36.71584662633638
556,36.71584662633638,30.132902549979576
557,30.132902549979576,26.84714684405821
558,26.84714684405821,26.04879140704233
559,26.04879140704233,26.00645858561494
560,26.00645858561494,25.861197272572525
561,25.861197272572525,25.923413037522426
562,25.923413037522426,26.534325548445096
563,26.534325548445096,27.30172303560117
564,27.30172303560117,27.591194213401206
565,27.591194213401206,27.337547673999353
566,27.337547673999353,27.093454148153363
567,27.093454148153363,27.374783095056827
568,27.374783095056827,28.098610519786654
569,28.098610519786654,28.81680232618095
570,28.81680232618095,29.543411261155814
571,29.543411261155814,30.96834738704642
572,30.96834738704642,33.5453770953748
573,33.5453770953748,36.63022880325023
574,36.63022880325023,38.763556464046935
575,38.763556464046935,26.929247409229937
576,26.929247409229937,25.306034657991404
577,25.306034657991404,24.045484099896434
578,24.045484099896434,25.19563220685362
579,25.19563220685362,29.001338104571467
580,29.001338104571467,33.79752206066895
581,33.79752206066895,37.44144813367475
582,37.44144813367475,38.68180549362824
583,38.68180549362824,37.42270230132382
584,37.42270230132382,34.3856909606516
585,34.3856909606516,30.861502098565317
586,30.861502098565317,28.197864568883357
587,28.197864568883357,26.948343831623113
588,26.948343831623113,26.767874745772666
589,26.767874745772666,27.38990238258159
590,27.38990238258159,29.186312505248623
591,29.186312505248623,32.33821986399362
592,32.33821986399362,35.78762368075047
593,35.78762368075047,37.54511419657193
594,37.54511419657193,36.3498865485891
595,36.3498865485891,32.969215468106654
596,32.969215468106654,29.589568352920818
597,29.589568352920818,27.88040056252339
598,27.88040056252339,27.958506190463858
599,27.958506190463858,29.228939651987908
600,29.228939651987908,31.821423893013527
601,31.821423893013527,36.585022638002975
602,36.585022638002975,43.34630716151775
603,43.34630716151775,49.613627829873934
604,49.613627829873934,51.9507427204104
605,51.9507427204104,49.02904284384858
606,49.02904284384858,42.88650709475205
607,42.88650709475205,37.02265658409747
608,37.02265658409747,33.62888102020104
609,33.62888102020104,32.802372066346805
610,32.802372066346805,33.98465137838183
611,33.98465137838183,37.31002816839133
612,37.31002816839133,43.00700145666559
613,43.00700145666559,49.93014590096607
614,49.93014590096607,55.61290956368485
615,55.61290956368485,57.91805903058364
616,57.91805903058364,56.193394805476984
617,56.193394805476984,50.888594653279185
618,50.888594653279185,43.055816309967014
619,43.055816309967014,34.58994249377365
620,34.58994249377365,27.957510203330518
621,27.957510203330518,24.72999282607271
622,24.72999282607271,24.463186149796694
623,24.463186149796694,25.358559911919844
624,25.358559911919844,25.995010732839308
625,25.995010732839308,26.393443402432982
626,26.393443402432982,27.53727561966071
627,27.53727561966071,30.020169280282108
628,30.020169280282108,33.20792927705585
629,33.20792927705585,35.56036507937408
630,35.56036507937408,35.75280530816593
631,35.75280530816593,33.72625988282444
632,33.72625988282444,30.755510080180983
633,30.755510080180983,28.412438118312004
634,28.412438118312004,27.406645976650132
635,27.406645976650132,27.218914901765544
636,27.218914901765544,26.780540134756972
637,26.780540134756972,25.677639342330068
638,25.677639342330068,24.638374580641145
639,24.638374580641145,76.62105248730846
640,76.62105248730846,74.80686129598955
641,74.80686129598955,72.09987352720137
642,72.09987352720137,69.66991616689076
643,69.66991616689076,67.91704911713562
644,67.91704911713562,66.09441967023089
645,66.09441967023089,63.2100127535393
646,63.2100127535393,59.370828023046855
647,59.370828023046855,56.0104436995105
648,56.0104436995105,54.61413728480445
649,54.61413728480445,55.158257547057765
650,55.158257547057765,56.00019597164541
651,56.00019597164541,55.415531489306446
652,55.415531489306446,53.089135775034464
653,53.089135775034464,50.13983597279612
654,50.13983597279612,47.97381793285756
655,47.97381793285756,47.214336450467925
656,47.214336450467925,47.525161737770034
657,47.525161737770034,48.127660485547565
658,48.127660485547565,48.222714665918836
659,48.222714665918836,47.07692186763522
660,47.07692186763522,44.38925650128165
661,44.38925650128165,41.03896373241504
662,41.03896373241504,38.969817992560934
663,38.969817992560934,39.53300790903072
664,39.53300790903072,41.91432648842789
665,41.91432648842789,43.66407755698742
666,43.66407755698742,42.94848955233549
667,42.94848955233549,40.132749773458904
668,40.132749773458904,37.17896755759648
669,37.17896755759648,35.64284608972915
670,35.64284608972915,35.32899157791075
671,35.32899157791075,34.87337376513276
672,34.87337376513276,33.34214395078415
673,33.34214395078415,30.891287039118104
674,30.891287039118104,28.077405633327
675,28.077405633327,25.179627618052237
676,25.179627618052237,22.36238264564136
677,22.36238264564136,20.01844420744868
678,20.01844420744868,18.587852582593474
679,18.587852582593474,18.150505624879766
680,18.150505624879766,18.395617168625513
681,18.395617168625513,19.034777145482416
682,19.034777145482416,20.08419485874748
683,20.08419485874748,21.777866320084936
684,21.777866320084936,24.40806603214915
685,24.40806603214915,27.99702664787545
686,27.99702664787545,31.605978139931043
687,31.605978139931043,33.2484135838079
688,33.2484135838079,31.398898939099883
689,31.398898939099883,26.805910138722894
690,26.805910138722894,22.491793179212046
691,22.491793179212046,21.807055245028316
692,21.807055245028316,26.021840963330856
693,26.021840963330856,33.10749381287583
694,33.10749381287583,39.09179762819059
695,39.09179762819059,41.329898853131425
696,41.329898853131425,40.31086082925621
697,40.31086082925621,38.08865028647877
698,38.08865028647877,35.86811593340781
699,35.86811593340781,33.62869525415949
700,33.62869525415949,31.170507440008464
701,31.170507440008464,28.815791274969136
702,28.815791274969136,27.3192230278304
