,Curvature_n,Curvature_n1
0,20.480469692149754,18.453180695193506
1,18.453180695193506,14.98432180926763
2,14.98432180926763,11.171347063475537
3,11.171347063475537,8.079294610284357
4,8.079294610284357,6.149818943622105
5,6.149818943622105,5.234818978561315
6,5.234818978561315,5.013652731593723
7,5.013652731593723,5.226127979339168
8,5.226127979339168,5.682407900345204
9,5.682407900345204,6.2561610372246435
10,6.2561610372246435,6.845419535740255
11,6.845419535740255,7.306857685566564
12,7.306857685566564,7.4952565373326525
13,7.4952565373326525,7.384556842880588
14,7.384556842880588,7.099794496233799
15,7.099794496233799,6.8101742293943515
16,6.8101742293943515,6.608248338613453
17,6.608248338613453,6.477526309126198
18,6.477526309126198,6.35458950425575
19,6.35458950425575,6.248933740929137
20,6.248933740929137,6.305836710872877
21,6.305836710872877,6.6677972792127065
22,6.6677972792127065,7.209040088157844
23,7.209040088157844,7.489256444011124
24,7.489256444011124,7.113328440343702
25,7.113328440343702,6.137841648838837
26,6.137841648838837,5.027259190857414
27,5.027259190857414,4.234958431521253
28,4.234958431521253,3.9091702790447194
29,3.9091702790447194,3.9475868651973753
30,3.9475868651973753,4.1745050144984415
31,4.1745050144984415,4.409505775988565
32,4.409505775988565,4.474989100905981
33,4.474989100905981,4.282250732707121
34,4.282250732707121,3.9377477778517447
35,3.9377477778517447,3.7063712037564356
36,3.7063712037564356,3.8142197572740146
37,3.8142197572740146,4.24656935814914
38,4.24656935814914,4.723400811991853
39,4.723400811991853,4.9236454580119595
40,4.9236454580119595,4.787255698621584
41,4.787255698621584,4.554200146333048
42,4.554200146333048,4.466586372276266
43,4.466586372276266,4.51728768292852
44,4.51728768292852,4.560695729672203
45,4.560695729672203,4.564267610505857
46,4.564267610505857,4.6217894492943605
47,4.6217894492943605,4.754691553483341
48,4.754691553483341,4.8280083543440675
49,4.8280083543440675,4.7081718785117745
50,4.7081718785117745,4.446739250969678
51,4.446739250969678,4.258133657094394
52,4.258133657094394,4.322978602337988
53,4.322978602337988,4.630824519878768
54,4.630824519878768,5.008716061539706
55,5.008716061539706,5.296666654703895
56,5.296666654703895,5.4838735631293645
57,5.4838735631293645,5.653699376575807
58,5.653699376575807,5.810133417448334
59,5.810133417448334,5.81251757583432
60,5.81251757583432,5.525202508486372
61,5.525202508486372,5.029433067448082
62,5.029433067448082,4.636382279791432
63,4.636382279791432,9.563173805316413
64,9.563173805316413,9.46094497459583
65,9.46094497459583,9.534593475398001
66,9.534593475398001,9.929284388363364
67,9.929284388363364,10.355235092998084
68,10.355235092998084,10.307683989164303
69,10.307683989164303,9.587718479183337
70,9.587718479183337,8.528362332114664
71,8.528362332114664,7.69439677906459
72,7.69439677906459,7.424031625960461
73,7.424031625960461,7.662494228646804
74,7.662494228646804,8.12601988903805
75,8.12601988903805,8.546140577093505
76,8.546140577093505,8.799968346496097
77,8.799968346496097,8.905246436464152
78,8.905246436464152,8.969301515259673
79,8.969301515259673,9.170373372099636
80,9.170373372099636,9.82467162572813
81,9.82467162572813,11.363018040582531
82,11.363018040582531,13.886034293650265
83,13.886034293650265,16.53357404101086
84,16.53357404101086,17.708410930665924
85,17.708410930665924,16.464297429087644
86,16.464297429087644,13.50251183945896
87,13.50251183945896,10.417361006633076
88,10.417361006633076,8.188047580617198
89,8.188047580617198,6.719320253821502
90,6.719320253821502,5.544540591107171
91,5.544540591107171,4.516920349049345
92,4.516920349049345,3.816263445720304
93,3.816263445720304,3.585896258182972
94,3.585896258182972,3.714056567076841
95,3.714056567076841,3.9206531457695064
96,3.9206531457695064,4.024495772376124
97,4.024495772376124,4.086052831451028
98,4.086052831451028,4.266952458566559
99,4.266952458566559,4.595693277021085
100,4.595693277021085,4.943020388807707
101,4.943020388807707,5.184699952294894
102,5.184699952294894,5.286823816354367
103,5.286823816354367,5.246774866740598
104,5.246774866740598,5.062791896315052
105,5.062791896315052,4.799744592100781
106,4.799744592100781,4.600440841187657
107,4.600440841187657,4.567656423886219
108,4.567656423886219,4.68020355538255
109,4.68020355538255,4.854199141412478
110,4.854199141412478,5.00959282847161
111,5.00959282847161,5.033140229449156
112,5.033140229449156,4.788809555209126
113,4.788809555209126,4.267121412671562
114,4.267121412671562,3.6499479575040583
115,3.6499479575040583,3.1394878819635665
116,3.1394878819635665,2.7837090939587164
117,2.7837090939587164,2.5290027428186423
118,2.5290027428186423,2.3693521305535015
119,2.3693521305535015,2.3559226340081176
120,2.3559226340081176,2.4902563667979463
121,2.4902563667979463,2.6830387266579585
122,2.6830387266579585,2.821971675115991
123,2.821971675115991,2.833238191230306
124,2.833238191230306,2.6963825679276354
125,2.6963825679276354,2.467546694770899
126,2.467546694770899,2.2868595587702285
127,2.2868595587702285,8.40201551392782
128,8.40201551392782,8.28797188953012
129,8.28797188953012,8.053762338371216
130,8.053762338371216,7.714915794931373
131,7.714915794931373,7.331963600222098
132,7.331963600222098,7.025728059537046
133,7.025728059537046,6.9455017853114205
134,6.9455017853114205,7.149190035079955
135,7.149190035079955,7.513852716139429
136,7.513852716139429,7.828043804203778
137,7.828043804203778,7.956459186483931
138,7.956459186483931,7.852303121500565
139,7.852303121500565,7.480120968266279
140,7.480120968266279,6.87274282067418
141,6.87274282067418,6.2388641838176255
142,6.2388641838176255,5.886439439173953
143,5.886439439173953,6.005907870551798
144,6.005907870551798,6.516391528579436
145,6.516391528579436,7.10621336298407
146,7.10621336298407,7.510076886352165
147,7.510076886352165,7.874332664454743
148,7.874332664454743,8.748317852688796
149,8.748317852688796,10.457947767364894
150,10.457947767364894,12.445854144805303
151,12.445854144805303,13.497651743066546
152,13.497651743066546,12.838559600025294
153,12.838559600025294,10.906526762997
154,10.906526762997,8.928147016143988
155,8.928147016143988,7.905779242175773
156,7.905779242175773,8.080823940535383
157,8.080823940535383,9.061892399302584
158,9.061892399302584,10.205999601178638
159,10.205999601178638,10.97038292245373
160,10.97038292245373,11.120307744076637
161,11.120307744076637,10.709388510802285
162,10.709388510802285,9.899932204277363
163,9.899932204277363,8.843836305637096
164,8.843836305637096,7.705623530209129
165,7.705623530209129,6.710981164654815
166,6.710981164654815,6.084455269529755
167,6.084455269529755,5.898931016647975
168,5.898931016647975,5.997765156208354
169,5.997765156208354,6.124542856897278
170,6.124542856897278,6.164722608467793
171,6.164722608467793,6.223358678498919
172,6.223358678498919,6.433157442305141
173,6.433157442305141,6.750776779280608
174,6.750776779280608,7.001753594974447
175,7.001753594974447,7.083454627754428
176,7.083454627754428,7.057058580517289
177,7.057058580517289,7.071136918350187
178,7.071136918350187,7.257210068602293
179,7.257210068602293,7.678065739194986
180,7.678065739194986,8.267945923076816
181,8.267945923076816,8.788279395557401
182,8.788279395557401,8.925306352748393
183,8.925306352748393,8.508063589532306
184,8.508063589532306,7.664504661242789
185,7.664504661242789,6.808440296626595
186,6.808440296626595,6.440681614327422
187,6.440681614327422,6.824594348447747
188,6.824594348447747,7.764992852611222
189,7.764992852611222,8.74822550029534
190,8.74822550029534,9.330471226484399
191,9.330471226484399,7.6020929538466255
192,7.6020929538466255,7.812479676705691
193,7.812479676705691,8.027748994862161
194,8.027748994862161,8.047662700767646
195,8.047662700767646,7.8515142916693055
196,7.8515142916693055,7.554351017072388
197,7.554351017072388,7.247096101690696
198,7.247096101690696,6.939612579269024
199,6.939612579269024,6.627427042061173
200,6.627427042061173,6.332764540515727
201,6.332764540515727,6.1021557779368525
202,6.1021557779368525,6.02576167681806
203,6.02576167681806,6.210909089607068
204,6.210909089607068,6.659374572030234
205,6.659374572030234,7.203346371028026
206,7.203346371028026,7.622770841856831
207,7.622770841856831,7.814538983893572
208,7.814538983893572,7.808008262013928
209,7.808008262013928,7.635187375052274
210,7.635187375052274,7.270048056962472
211,7.270048056962472,6.733802708707288
212,6.733802708707288,6.199534958061815
213,6.199534958061815,5.914703255386377
214,5.914703255386377,5.995174876355211
215,5.995174876355211,6.319486290826852
216,6.319486290826852,6.64212843617814
217,6.64212843617814,6.787215346621744
218,6.787215346621744,6.714640324434745
219,6.714640324434745,6.454647825910699
220,6.454647825910699,6.0822321994441015
221,6.0822321994441015,5.7566349483347246
222,5.7566349483347246,5.653564893924271
223,5.653564893924271,5.796513602512766
224,5.796513602512766,6.031010122117128
225,6.031010122117128,6.198061866076539
226,6.198061866076539,6.261158487021701
227,6.261158487021701,6.253506136792995
228,6.253506136792995,6.193176478378148
229,6.193176478378148,6.090971726289091
230,6.090971726289091,5.972067403553792
231,5.972067403553792,5.8608560853812035
232,5.8608560853812035,5.797052469521038
233,5.797052469521038,5.884729234933088
234,5.884729234933088,6.260850923281373
235,6.260850923281373,6.955358453768345
236,6.955358453768345,7.7919212420987405
237,7.7919212420987405,8.476533489073342
238,8.476533489073342,8.795705141178722
239,8.795705141178722,8.728090809005847
240,8.728090809005847,8.414671006814942
241,8.414671006814942,8.04748935972687
242,8.04748935972687,7.736143331859202
243,7.736143331859202,7.476793461054113
244,7.476793461054113,7.2831612719838095
245,7.2831612719838095,7.280568559293933
246,7.280568559293933,7.5723431379514246
247,7.5723431379514246,8.052175551147384
248,8.052175551147384,8.443753896887754
249,8.443753896887754,8.547252142855637
250,8.547252142855637,8.398407385413408
251,8.398407385413408,8.171542828214157
252,8.171542828214157,7.985397739496688
253,7.985397739496688,7.854195476439505
254,7.854195476439505,7.776867327985437
255,7.776867327985437,11.191510439056795
256,11.191510439056795,10.016091538412553
257,10.016091538412553,8.497277485357714
258,8.497277485357714,7.5441485618169155
259,7.5441485618169155,7.542300818824637
260,7.542300818824637,8.432747051878966
261,8.432747051878966,10.053324760923122
262,10.053324760923122,12.137493452653807
263,12.137493452653807,14.031850344822235
264,14.031850344822235,14.735110534424374
265,14.735110534424374,13.558532245069047
266,13.558532245069047,10.821263589401767
267,10.821263589401767,7.701628255221304
268,7.701628255221304,5.301912898791202
269,5.301912898791202,3.9403085428016835
270,3.9403085428016835,3.2969335626739484
271,3.2969335626739484,3.004007326456216
272,3.004007326456216,2.9866693155085446
273,2.9866693155085446,3.359212525630819
274,3.359212525630819,4.142616040210744
275,4.142616040210744,5.1440409101647635
276,5.1440409101647635,6.09595749018837
277,6.09595749018837,6.818730459259327
278,6.818730459259327,7.152857001640601
279,7.152857001640601,6.871509788528132
280,6.871509788528132,5.910783109713448
281,5.910783109713448,4.635034778482559
282,4.635034778482559,3.61732118303674
283,3.61732118303674,3.142075047913953
284,3.142075047913953,3.0571658195569276
285,3.0571658195569276,3.063696832123508
286,3.063696832123508,3.0099214316033596
287,3.0099214316033596,2.9241903351593166
288,2.9241903351593166,2.905310842051609
289,2.905310842051609,3.058968047387569
290,3.058968047387569,3.493055435328853
291,3.493055435328853,4.257118286258582
292,4.257118286258582,5.188947424964207
293,5.188947424964207,5.879330988231476
294,5.879330988231476,5.947598001577269
295,5.947598001577269,5.383857442332228
296,5.383857442332228,4.516844555777448
297,4.516844555777448,3.6614686564872416
298,3.6614686564872416,2.9407699700340486
299,2.9407699700340486,2.4243635540977726
300,2.4243635540977726,2.238107145377911
301,2.238107145377911,2.4532168168668855
302,2.4532168168668855,2.956934658934414
303,2.956934658934414,3.5039928653173895
304,3.5039928653173895,3.877434308497898
305,3.877434308497898,3.9818705196439907
306,3.9818705196439907,3.822356342603389
307,3.822356342603389,3.4591740754386935
308,3.4591740754386935,2.999931613974128
309,2.999931613974128,2.6005669060754086
310,2.6005669060754086,2.4218213055663678
311,2.4218213055663678,2.540733427476677
312,2.540733427476677,2.880111870860988
313,2.880111870860988,3.2366862479392355
314,3.2366862479392355,3.4064120797098383
315,3.4064120797098383,3.3038107647126616
316,3.3038107647126616,2.9958641428360293
317,2.9958641428360293,2.6478197875558873
318,2.6478197875558873,2.4266711030131467
319,2.4266711030131467,13.709628398000934
320,13.709628398000934,14.025779819378151
321,14.025779819378151,13.991237323479
322,13.991237323479,13.121673951952435
323,13.121673951952435,11.752286387277994
324,11.752286387277994,10.759686725853513
325,10.759686725853513,10.77015889435353
326,10.77015889435353,11.64334967629513
327,11.64334967629513,12.574516738359215
328,12.574516738359215,12.70328687475541
329,12.70328687475541,11.77150832769021
330,11.77150832769021,10.255804586583194
331,10.255804586583194,8.891549741616398
332,8.891549741616398,8.15164041337423
333,8.15164041337423,8.111733608755092
334,8.111733608755092,8.537222294690745
335,8.537222294690745,9.00241239555557
336,9.00241239555557,9.120678833705071
337,9.120678833705071,8.831040680344678
338,8.831040680344678,8.411482646488297
339,8.411482646488297,8.174944679544538
340,8.174944679544538,8.217892800765771
341,8.217892800765771,8.447493765433155
342,8.447493765433155,8.725528444672905
343,8.725528444672905,8.959849354244078
344,8.959849354244078,9.154878132539544
345,9.154878132539544,9.405033763672616
346,9.405033763672616,9.799928869885717
347,9.799928869885717,10.33187260390871
348,10.33187260390871,10.910449406837854
349,10.910449406837854,11.41783573866837
350,11.41783573866837,11.693051727203716
351,11.693051727203716,11.53022508115854
352,11.53022508115854,10.84846436569029
353,10.84846436569029,9.908751079187248
354,9.908751079187248,9.236995379756706
355,9.236995379756706,9.260614737980301
356,9.260614737980301,10.118610614915134
357,10.118610614915134,11.853245395858917
358,11.853245395858917,14.46361442309441
359,14.46361442309441,17.445966093863223
360,17.445966093863223,19.504443571068613
361,19.504443571068613,19.307696439661825
362,19.307696439661825,16.726463203140398
363,16.726463203140398,13.031065385959042
364,13.031065385959042,9.786969321241004
365,9.786969321241004,7.778567944219395
366,7.778567944219395,6.928339687178371
367,6.928339687178371,6.835921681281227
368,6.835921681281227,7.166854318880839
369,7.166854318880839,7.676756154941484
370,7.676756154941484,8.1452040230088
371,8.1452040230088,8.412908911405388
372,8.412908911405388,8.444635460397414
373,8.444635460397414,8.323448083050568
374,8.323448083050568,8.207605021193801
375,8.207605021193801,8.265579498342143
376,8.265579498342143,8.563709031411584
377,8.563709031411584,8.992522957809747
378,8.992522957809747,9.345235546445823
379,9.345235546445823,9.482313007047505
380,9.482313007047505,9.41353815646998
381,9.41353815646998,9.255316607971618
382,9.255316607971618,9.137758141768973
383,9.137758141768973,17.390162083803542
384,17.390162083803542,17.18774326976535
385,17.18774326976535,17.018826422564587
386,17.018826422564587,17.13338822894436
387,17.13338822894436,17.55259600366586
388,17.55259600366586,18.050201089033273
389,18.050201089033273,18.369028849543373
390,18.369028849543373,18.42790109071497
391,18.42790109071497,18.3173377368574
392,18.3173377368574,18.15611098606227
393,18.15611098606227,17.97701944284901
394,17.97701944284901,17.71711023345725
395,17.71711023345725,17.296345849517188
396,17.296345849517188,16.721953637992392
397,16.721953637992392,16.110703043225534
398,16.110703043225534,15.588764238545602
399,15.588764238545602,15.19886373384086
400,15.19886373384086,14.907630044319795
401,14.907630044319795,14.696024244731984
402,14.696024244731984,14.687389062937115
403,14.687389062937115,15.126298649189767
404,15.126298649189767,16.010781589022542
405,16.010781589022542,16.799939443539753
406,16.799939443539753,16.840709981899643
407,16.840709981899643,16.085603300975887
408,16.085603300975887,15.044945743211883
409,15.044945743211883,14.101193345455446
410,14.101193345455446,13.278682639254807
411,13.278682639254807,12.642514133687815
412,12.642514133687815,12.438696488828194
413,12.438696488828194,12.707916802315633
414,12.707916802315633,13.109964739961441
415,13.109964739961441,13.290923768470618
416,13.290923768470618,13.193559235955913
417,13.193559235955913,12.911014757115666
418,12.911014757115666,12.470242908199548
419,12.470242908199548,11.891429744818254
420,11.891429744818254,11.255931749260391
421,11.255931749260391,10.59919979045577
422,10.59919979045577,9.914842888423626
423,9.914842888423626,9.347745339824325
424,9.347745339824325,9.21057420689179
425,9.21057420689179,9.708238634964468
426,9.708238634964468,10.715666823398902
427,10.715666823398902,11.899927059603566
428,11.899927059603566,13.016634992618812
429,13.016634992618812,14.012711668619197
430,14.012711668619197,14.879275455367711
431,14.879275455367711,15.526655086031981
432,15.526655086031981,15.843338522385778
433,15.843338522385778,15.841084254857186
434,15.841084254857186,15.734077600625913
435,15.734077600625913,15.841320936275045
436,15.841320936275045,16.355858937536905
437,16.355858937536905,17.217759407139734
438,17.217759407139734,18.17335681755278
439,18.17335681755278,18.81662093547042
440,18.81662093547042,18.614459144580135
441,18.614459144580135,17.178495301477493
442,17.178495301477493,14.64646419961391
443,14.64646419961391,11.678271562455043
444,11.678271562455043,9.017558812907062
445,9.017558812907062,7.121786489205135
446,7.121786489205135,6.156474422450118
447,6.156474422450118,11.744103007952654
448,11.744103007952654,12.22275528943262
449,12.22275528943262,12.685395022267823
450,12.685395022267823,12.61775204240133
451,12.61775204240133,12.03289424633632
452,12.03289424633632,11.537779118594642
453,11.537779118594642,11.787759374566116
454,11.787759374566116,12.83311601675855
455,12.83311601675855,13.97997186238205
456,13.97997186238205,14.356224991492269
457,14.356224991492269,13.722787850843389
458,13.722787850843389,12.72651241740835
459,12.72651241740835,12.31456377688881
460,12.31456377688881,12.934584325224959
461,12.934584325224959,14.273926806083807
462,14.273926806083807,15.660093002481243
463,15.660093002481243,16.721609826901627
464,16.721609826901627,17.662669840564465
465,17.662669840564465,18.79664317522
466,18.79664317522,19.910807701798493
467,19.910807701798493,20.37944682389982
468,20.37944682389982,19.83825011267107
469,19.83825011267107,18.4888124626934
470,18.4888124626934,16.8771107988499
471,16.8771107988499,15.575569316760724
472,15.575569316760724,14.880964481641826
473,14.880964481641826,14.574730716150912
474,14.574730716150912,14.102844087739788
475,14.102844087739788,13.188280764423329
476,13.188280764423329,12.15122384267459
477,12.15122384267459,11.458158455763567
478,11.458158455763567,11.124241474040986
479,11.124241474040986,10.80208961343612
480,10.80208961343612,10.326949105742637
481,10.326949105742637,9.90644296956495
482,9.90644296956495,9.785281089893063
483,9.785281089893063,9.944867632675251
484,9.944867632675251,10.196437791713016
485,10.196437791713016,10.458092914009214
486,10.458092914009214,10.828532183781324
487,10.828532183781324,11.350511016179148
488,11.350511016179148,11.821688185642808
489,11.821688185642808,12.002750175750347
490,12.002750175750347,11.928751142939188
491,11.928751142939188,11.776994947176274
492,11.776994947176274,11.521619924811542
493,11.521619924811542,11.025060044923034
494,11.025060044923034,10.450935419908319
495,10.450935419908319,10.29152613945372
496,10.29152613945372,10.874554959261141
497,10.874554959261141,11.938306709576002
498,11.938306709576002,12.744430206930186
499,12.744430206930186,12.636523630583735
500,12.636523630583735,11.564988092366558
501,11.564988092366558,10.141012459455627
502,10.141012459455627,9.248786597177151
503,9.248786597177151,9.56241504823046
504,9.56241504823046,11.209571016984109
505,11.209571016984109,13.656699507969666
506,13.656699507969666,15.913753907873781
507,15.913753907873781,17.057062629023065
508,17.057062629023065,16.789842359095303
509,16.789842359095303,15.652945186006749
510,15.652945186006749,14.68014135824443
511,14.68014135824443,13.366933925346387
512,13.366933925346387,14.413796107281106
513,14.413796107281106,15.7689666386053
514,15.7689666386053,16.469855163009587
515,16.469855163009587,16.009365570244416
516,16.009365570244416,14.662395241695041
517,14.662395241695041,13.181654061115538
518,13.181654061115538,12.164248694400024
519,12.164248694400024,11.711897816923866
520,11.711897816923866,11.63317838209798
521,11.63317838209798,11.824196297074964
522,11.824196297074964,12.359103984840973
523,12.359103984840973,13.285155036672155
524,13.285155036672155,14.470395921846345
525,14.470395921846345,15.631308158807425
526,15.631308158807425,16.351570261348883
527,16.351570261348883,16.168674918984912
528,16.168674918984912,14.970156507354563
529,14.970156507354563,13.310210765318676
530,13.310210765318676,12.014957712140978
531,12.014957712140978,11.425450863355065
532,11.425450863355065,11.264010208852373
533,11.264010208852373,11.224122768640836
534,11.224122768640836,11.435218988583337
535,11.435218988583337,12.246614899004301
536,12.246614899004301,13.655686600072059
537,13.655686600072059,15.072927957680594
538,15.072927957680594,15.810515913947901
539,15.810515913947901,15.847999634294688
540,15.847999634294688,15.895772455957955
541,15.895772455957955,16.560823803440314
542,16.560823803440314,17.68969202281519
543,17.68969202281519,18.66216068139545
544,18.66216068139545,19.064340177799426
545,19.064340177799426,18.87710078630266
546,18.87710078630266,18.207512282964306
547,18.207512282964306,17.110726067777932
548,17.110726067777932,15.685376690854294
549,15.685376690854294,14.187612593286765
550,14.187612593286765,12.963567793642245
551,12.963567793642245,12.274317909279237
552,12.274317909279237,12.185666827551639
553,12.185666827551639,12.565906078014109
554,12.565906078014109,13.144237447236073
555,13.144237447236073,13.666531186989964
556,13.666531186989964,14.128814189484714
557,14.128814189484714,14.816185139518375
558,14.816185139518375,15.989588146083351
559,15.989588146083351,17.535809509309363
560,17.535809509309363,18.998206951933916
561,18.998206951933916,19.869749043279043
562,19.869749043279043,19.798995500543363
563,19.798995500543363,18.669890422318236
564,18.669890422318236,16.672257740651318
565,16.672257740651318,14.29294063229262
566,14.29294063229262,12.105983629573231
567,12.105983629573231,10.467298033782445
568,10.467298033782445,9.39414157157334
569,9.39414157157334,8.73592872253213
570,8.73592872253213,8.409607628633317
571,8.409607628633317,8.443703010722711
572,8.443703010722711,8.827758462978194
573,8.827758462978194,9.377330530661217
574,9.377330530661217,9.776682252902084
575,9.776682252902084,19.38128696742489
576,19.38128696742489,18.77562867872602
577,18.77562867872602,17.486485931352824
578,17.486485931352824,15.71036777370634
579,15.71036777370634,13.90461556854818
580,13.90461556854818,12.420241564625375
581,12.420241564625375,11.358453000066566
582,11.358453000066566,10.72072078364553
583,10.72072078364553,10.571737688081214
584,10.571737688081214,11.051785459546714
585,11.051785459546714,12.173248324274564
586,12.173248324274564,13.546410765709366
587,13.546410765709366,14.474397924672383
588,14.474397924672383,14.494581856746562
589,14.494581856746562,13.737308389559514
590,13.737308389559514,12.65591129370004
591,12.65591129370004,11.544352558520242
592,11.544352558520242,10.437349089927817
593,10.437349089927817,9.357865594606187
594,9.357865594606187,8.489988329149686
595,8.489988329149686,8.084392070104641
596,8.084392070104641,8.242794675822442
597,8.242794675822442,8.862541425692656
598,8.862541425692656,9.803292221544657
599,9.803292221544657,10.999768204888145
600,10.999768204888145,12.301587564825004
601,12.301587564825004,13.305243974289622
602,13.305243974289622,13.55754678822922
603,13.55754678822922,13.026844350869936
604,13.026844350869936,12.310121592267487
605,12.310121592267487,12.185214702200959
606,12.185214702200959,12.816292464511644
607,12.816292464511644,13.503250819456742
608,13.503250819456742,13.420408989251875
609,13.420408989251875,12.539681406869951
610,12.539681406869951,11.569711586324125
611,11.569711586324125,11.033701922971517
612,11.033701922971517,10.771074414569506
613,10.771074414569506,10.440451615134252
614,10.440451615134252,10.152907585069775
615,10.152907585069775,10.34831272645744
616,10.34831272645744,11.209305167850363
617,11.209305167850363,12.431302729835178
618,12.431302729835178,13.523618885144103
619,13.523618885144103,14.190216601683634
620,14.190216601683634,14.41812435734434
621,14.41812435734434,14.268880987423106
622,14.268880987423106,13.684501529339709
623,13.684501529339709,12.601289842152326
624,12.601289842152326,11.17519009757911
625,11.17519009757911,9.708134837497653
626,9.708134837497653,8.410100598496541
627,8.410100598496541,7.389723363687805
628,7.389723363687805,6.811884660233035
629,6.811884660233035,6.890912287046774
630,6.890912287046774,7.685878720591258
631,7.685878720591258,8.984422001758691
632,8.984422001758691,10.43163445898464
633,10.43163445898464,11.732466792189584
634,11.732466792189584,12.741670157672758
635,12.741670157672758,13.478240766252613
636,13.478240766252613,14.090774309617503
637,14.090774309617503,14.66921784040774
638,14.66921784040774,15.070871108828477
639,15.070871108828477,50.276567318176006
640,50.276567318176006,51.73650411240162
641,51.73650411240162,54.37828127350136
642,54.37828127350136,57.35094145001411
643,57.35094145001411,58.97702342886852
644,58.97702342886852,57.51366296027763
645,57.51366296027763,52.81941739954374
646,52.81941739954374,46.85982595871073
647,46.85982595871073,41.96869474761037
648,41.96869474761037,38.845865401336795
649,38.845865401336795,36.63127385276368
650,36.63127385276368,34.47312648329325
651,34.47312648329325,32.44188378057761
652,32.44188378057761,31.212154373976126
653,31.212154373976126,31.444045410269382
654,31.444045410269382,33.31726258997341
655,33.31726258997341,36.18116045980949
656,36.18116045980949,38.681306458330084
657,38.681306458330084,39.54469223086711
658,39.54469223086711,38.35382965647328
659,38.35382965647328,35.67542686730402
660,35.67542686730402,32.70582181037757
661,32.70582181037757,30.641668007133603
662,30.641668007133603,29.824977658524038
663,29.824977658524038,29.3994181221357
664,29.3994181221357,28.131984636738828
665,28.131984636738828,25.578458924094996
666,25.578458924094996,22.352712391367767
667,22.352712391367767,19.78432441168457
668,19.78432441168457,19.66234685925898
669,19.66234685925898,23.663552345759587
670,23.663552345759587,32.105062946795265
671,32.105062946795265,42.95865068925448
672,42.95865068925448,52.27667490471031
673,52.27667490471031,56.074781653974426
674,56.074781653974426,52.75393845588498
675,52.75393845588498,44.22000306748163
676,44.22000306748163,34.37829506279595
677,34.37829506279595,26.525398741522594
678,26.525398741522594,22.401959767172222
679,22.401959767172222,23.054919299095673
680,23.054919299095673,29.013813253830982
681,29.013813253830982,38.66702303649333
682,38.66702303649333,47.28602272157269
683,47.28602272157269,49.72809085307039
684,49.72809085307039,44.94240105603737
685,44.94240105603737,36.64591468404567
686,36.64591468404567,29.12511682386696
687,29.12511682386696,23.779694040320834
688,23.779694040320834,20.101825052731755
689,20.101825052731755,18.11157391371005
690,18.11157391371005,18.518450962533805
691,18.518450962533805,21.05062360238623
692,21.05062360238623,23.726711086138835
693,23.726711086138835,24.29746002639539
694,24.29746002639539,22.248040087569265
695,22.248040087569265,19.01272915144301
696,19.01272915144301,16.322749772247917
697,16.322749772247917,14.725132536481727
698,14.725132536481727,13.535224063344907
699,13.535224063344907,11.806179948785642
700,11.806179948785642,9.304503125786752
701,9.304503125786752,6.726692525416896
702,6.726692525416896,5.104237329882885
