,Curvature_n,Curvature_n1
0,97.33163899876777,97.2709982648039
1,97.2709982648039,97.62381787126274
2,97.62381787126274,98.33152210182459
3,98.33152210182459,98.1813367041573
4,98.1813367041573,95.53350197060698
5,95.53350197060698,89.92234535596708
6,89.92234535596708,82.9725768091044
7,82.9725768091044,77.32430078521794
8,77.32430078521794,74.33373147329968
9,74.33373147329968,73.13828680343661
10,73.13828680343661,72.18538581233486
11,72.18538581233486,71.17117758847337
12,71.17117758847337,71.09829313623482
13,71.09829313623482,72.67846270109106
14,72.67846270109106,74.9020412834575
15,74.9020412834575,75.35537076544979
16,75.35537076544979,72.42548158996927
17,72.42548158996927,67.2357756113808
18,67.2357756113808,62.94401660828435
19,62.94401660828435,62.111258730119836
20,62.111258730119836,64.93890333830086
21,64.93890333830086,69.54549245741507
22,69.54549245741507,73.27253126465975
23,73.27253126465975,74.02585817554366
24,74.02585817554366,71.29441837572558
25,71.29441837572558,66.25074204120313
26,66.25074204120313,60.70379227872659
27,60.70379227872659,55.93490322828815
28,55.93490322828815,52.456288716086334
29,52.456288716086334,50.390811994953864
30,50.390811994953864,49.67248162318692
31,49.67248162318692,49.90893203771765
32,49.90893203771765,50.39118468141826
33,50.39118468141826,50.48231979854103
34,50.48231979854103,50.00360118300182
35,50.00360118300182,49.16291888834288
36,49.16291888834288,48.21505518930709
37,48.21505518930709,47.30132315017657
38,47.30132315017657,46.46625349001714
39,46.46625349001714,45.676535528877544
40,45.676535528877544,44.910118940017526
41,44.910118940017526,44.27575573162972
42,44.27575573162972,44.01286175184333
43,44.01286175184333,44.421450877213815
44,44.421450877213815,45.625680069064686
45,45.625680069064686,47.14269415930551
46,47.14269415930551,47.94845579429854
47,47.94845579429854,47.387994511273305
48,47.387994511273305,45.89683935678623
49,45.89683935678623,44.537297438226666
50,44.537297438226666,44.0863616786861
51,44.0863616786861,44.76810728606813
52,44.76810728606813,46.438595607606544
53,46.438595607606544,48.67588243296861
54,48.67588243296861,50.894792983716265
55,50.894792983716265,52.56364017133216
56,52.56364017133216,53.2525819861651
57,53.2525819861651,52.5928920384012
58,52.5928920384012,50.39336093345521
59,50.39336093345521,46.76943087342404
60,46.76943087342404,42.18713037009985
61,42.18713037009985,37.6457067695375
62,37.6457067695375,34.70807595292062
63,34.70807595292062,62.251287699742775
64,62.251287699742775,59.39925469974984
65,59.39925469974984,54.934857422640796
66,54.934857422640796,50.56153902548611
67,50.56153902548611,47.576415990007845
68,47.576415990007845,46.64600164504154
69,46.64600164504154,47.95753943866026
70,47.95753943866026,50.93322555448934
71,50.93322555448934,53.89286883361666
72,53.89286883361666,54.86160099478011
73,54.86160099478011,53.05422675473352
74,53.05422675473352,49.40769424005888
75,49.40769424005888,45.80803547770893
76,45.80803547770893,43.95115546840819
77,43.95115546840819,44.515119238516206
78,44.515119238516206,46.86689532655913
79,46.86689532655913,49.464403978232355
80,49.464403978232355,50.73219897680847
81,50.73219897680847,49.91383932318501
82,49.91383932318501,47.471648936017544
83,47.471648936017544,44.71843035223043
84,44.71843035223043,42.749692266874774
85,42.749692266874774,41.70880230734307
86,41.70880230734307,41.22382172645921
87,41.22382172645921,41.281345579615916
88,41.281345579615916,42.27711898148404
89,42.27711898148404,44.26869260332482
90,44.26869260332482,46.60478722039977
91,46.60478722039977,48.36618644777284
92,48.36618644777284,48.91443989611856
93,48.91443989611856,48.02932933806175
94,48.02932933806175,45.92132529789465
95,45.92132529789465,43.29733513284956
96,43.29733513284956,41.17469301921781
97,41.17469301921781,40.3791659360944
98,40.3791659360944,41.26386893110988
99,41.26386893110988,43.846710016997946
100,43.846710016997946,47.84379896084987
101,47.84379896084987,52.385124710609894
102,52.385124710609894,55.98983001750052
103,55.98983001750052,57.27928876109594
104,57.27928876109594,55.976848692462724
105,55.976848692462724,53.19955398220439
106,53.19955398220439,50.63798244918585
107,50.63798244918585,49.34198723496955
108,49.34198723496955,49.25492133458117
109,49.25492133458117,49.75654312962734
110,49.75654312962734,50.34438799105605
111,50.34438799105605,50.648836946620435
112,50.648836946620435,50.080465246305444
113,50.080465246305444,47.966957555507115
114,47.966957555507115,44.18779351938342
115,44.18779351938342,39.47714700057866
116,39.47714700057866,35.1541288274001
117,35.1541288274001,32.556581475491484
118,32.556581475491484,32.312811222000015
119,32.312811222000015,33.908878863208464
120,33.908878863208464,36.20966453145098
121,36.20966453145098,38.49667940016247
122,38.49667940016247,40.81731761867929
123,40.81731761867929,43.38548778346329
124,43.38548778346329,45.97816113445043
125,45.97816113445043,48.039053254717125
126,48.039053254717125,49.139523667032506
127,49.139523667032506,28.381988087369734
128,28.381988087369734,28.29590621742097
129,28.29590621742097,28.164207114504833
130,28.164207114504833,28.12547874081344
131,28.12547874081344,28.401484865564594
132,28.401484865564594,29.158048301350362
133,29.158048301350362,30.50811571188373
134,30.50811571188373,32.74106945347184
135,32.74106945347184,36.10215832886862
136,36.10215832886862,39.861216145397755
137,39.861216145397755,41.98559758671688
138,41.98559758671688,40.589328227688114
139,40.589328227688114,35.85305092088368
140,35.85305092088368,30.07460163535437
141,30.07460163535437,25.83025941563637
142,25.83025941563637,24.44197465749817
143,24.44197465749817,25.90402040766272
144,25.90402040766272,29.291097295824592
145,29.291097295824592,33.037609098603006
146,33.037609098603006,35.62393135394318
147,35.62393135394318,36.4687809248709
148,36.4687809248709,36.01418669756334
149,36.01418669756334,35.051393060267706
150,35.051393060267706,34.18793360346473
151,34.18793360346473,33.65382793105978
152,33.65382793105978,33.32401583858416
153,33.32401583858416,33.08978939204526
154,33.08978939204526,33.17897627010784
155,33.17897627010784,33.80976710043589
156,33.80976710043589,34.727407749885906
157,34.727407749885906,35.457996180935254
158,35.457996180935254,35.79769608236468
159,35.79769608236468,35.74926636205066
160,35.74926636205066,35.28786315929124
161,35.28786315929124,34.46816950611293
162,34.46816950611293,33.4109331603688
163,33.4109331603688,31.953516039430742
164,31.953516039430742,29.742319457562864
165,29.742319457562864,26.97801008236315
166,26.97801008236315,24.68422826174672
167,24.68422826174672,23.78266845937293
168,23.78266845937293,24.0594129099394
169,24.0594129099394,24.44053745291464
170,24.44053745291464,24.30750706416993
171,24.30750706416993,24.14738687972642
172,24.14738687972642,24.73500084828853
173,24.73500084828853,26.017329713671405
174,26.017329713671405,27.180508762954318
175,27.180508762954318,27.587216956415766
176,27.587216956415766,27.217580272949093
177,27.217580272949093,26.41064328523137
178,26.41064328523137,25.739402967187424
179,25.739402967187424,26.04493975860609
180,26.04493975860609,27.942043522675277
181,27.942043522675277,31.002384658059576
182,31.002384658059576,33.73405143649961
183,33.73405143649961,34.65882127883765
184,34.65882127883765,33.44814560851308
185,33.44814560851308,31.07516601198301
186,31.07516601198301,29.002693725763095
187,29.002693725763095,28.16223715333893
188,28.16223715333893,28.495025601684084
189,28.495025601684084,29.288853216908215
190,29.288853216908215,29.85003455921391
191,29.85003455921391,28.286838398135643
192,28.286838398135643,28.100390858396395
193,28.100390858396395,27.036321273131783
194,27.036321273131783,24.716134275311784
195,24.716134275311784,21.648202374645297
196,21.648202374645297,18.819445470968923
197,18.819445470968923,17.186516401955295
198,17.186516401955295,17.531157294737916
199,17.531157294737916,20.292538187823226
200,20.292538187823226,25.13889039049851
201,25.13889039049851,30.820952328674316
202,30.820952328674316,35.77315096964939
203,35.77315096964939,39.0625511390275
204,39.0625511390275,40.69337587315369
205,40.69337587315369,40.89733117652354
206,40.89733117652354,39.43895643499688
207,39.43895643499688,36.06779455406767
208,36.06779455406767,31.458518438871383
209,31.458518438871383,27.106059842982017
210,27.106059842982017,24.263246149644196
211,24.263246149644196,23.233946517804622
212,23.233946517804622,23.500158121598222
213,23.500158121598222,24.257252893620226
214,24.257252893620226,24.814375599157287
215,24.814375599157287,24.76007253677445
216,24.76007253677445,24.19561409340749
217,24.19561409340749,24.111661589035045
218,24.111661589035045,25.987938862812506
219,25.987938862812506,30.2456865060172
220,30.2456865060172,35.14114782221502
221,35.14114782221502,37.85537841921354
222,37.85537841921354,36.88523447929711
223,36.88523447929711,33.12788673231987
224,33.12788673231987,28.94509477593528
225,28.94509477593528,26.64844059710787
226,26.64844059710787,27.371393194331944
227,27.371393194331944,30.442469625850336
228,30.442469625850336,33.86010782326392
229,33.86010782326392,35.96249745812398
230,35.96249745812398,36.6405258547274
231,36.6405258547274,36.71702732655167
232,36.71702732655167,36.665135370852795
233,36.665135370852795,36.51030166532953
234,36.51030166532953,36.52846662468173
235,36.52846662468173,37.20425665668747
236,37.20425665668747,38.44895378923761
237,38.44895378923761,39.451017955943314
238,39.451017955943314,39.58047942803726
239,39.58047942803726,39.13355106601789
240,39.13355106601789,38.8254673255928
241,38.8254673255928,38.736734715797446
242,38.736734715797446,38.4703755105764
243,38.4703755105764,38.527970021962425
244,38.527970021962425,40.699716046283854
245,40.699716046283854,46.07805612871212
246,46.07805612871212,52.719875013740165
247,52.719875013740165,56.3645928734624
248,56.3645928734624,54.174208282217464
249,54.174208282217464,47.27527964611437
250,47.27527964611437,39.271435480380234
251,39.271435480380234,33.01002262312809
252,33.01002262312809,29.245099683831356
253,29.245099683831356,27.443830753597638
254,27.443830753597638,26.811380567259434
255,26.811380567259434,42.12617981777478
256,42.12617981777478,40.038386761317845
257,40.038386761317845,36.511351213928094
258,36.511351213928094,32.78635303051334
259,32.78635303051334,29.929061550069974
260,29.929061550069974,27.950156686038206
261,27.950156686038206,26.08134619891361
262,26.08134619891361,23.917069505399503
263,23.917069505399503,21.856946667122763
264,21.856946667122763,20.4386654927695
265,20.4386654927695,19.736426871881612
266,19.736426871881612,19.536670402506395
267,19.536670402506395,19.783528917489914
268,19.783528917489914,20.71358469667978
269,20.71358469667978,22.644950764398498
270,22.644950764398498,25.546763944671483
271,25.546763944671483,28.76385197595758
272,28.76385197595758,31.292459965510453
273,31.292459965510453,32.37736052925193
274,32.37736052925193,31.804347371978075
275,31.804347371978075,30.00523437721022
276,30.00523437721022,28.16729353217268
277,28.16729353217268,27.622469135588517
278,27.622469135588517,28.3767712641145
279,28.3767712641145,28.690756150691932
280,28.690756150691932,26.984023387877958
281,26.984023387877958,23.80280415398918
282,23.80280415398918,21.114475106943644
283,21.114475106943644,20.096200583846237
284,20.096200583846237,20.43462635462417
285,20.43462635462417,21.44337183625444
286,21.44337183625444,22.98898792358328
287,22.98898792358328,25.266636645140466
288,25.266636645140466,28.035890632464017
289,28.035890632464017,30.256039204859036
290,30.256039204859036,30.685312707361938
291,30.685312707361938,28.99916569692145
292,28.99916569692145,26.061601302066173
293,26.061601302066173,23.073984071597813
294,23.073984071597813,20.81230413308307
295,20.81230413308307,19.535851123912874
296,19.535851123912874,19.058481275961203
297,19.058481275961203,18.832930002662565
298,18.832930002662565,18.402000282817422
299,18.402000282817422,17.99836539476948
300,17.99836539476948,18.5420342846921
301,18.5420342846921,20.794532788276086
302,20.794532788276086,24.51464970515365
303,24.51464970515365,28.537712593044944
304,28.537712593044944,31.644753181965218
305,31.644753181965218,33.24525091755744
306,33.24525091755744,33.3709161026658
307,33.3709161026658,32.44862249417495
308,32.44862249417495,31.201838098677797
309,31.201838098677797,30.330790130681677
310,30.330790130681677,29.932638283780797
311,29.932638283780797,29.365529453637627
312,29.365529453637627,27.89753279127842
313,27.89753279127842,25.46908737608875
314,25.46908737608875,22.980839720442564
315,22.980839720442564,22.0504543134713
316,22.0504543134713,23.973726021103833
317,23.973726021103833,28.123493945990727
318,28.123493945990727,31.626066643173623
319,31.626066643173623,39.64324535542404
320,39.64324535542404,35.486051998727035
321,35.486051998727035,28.625112856112743
322,28.625112856112743,21.364548471373116
323,21.364548471373116,15.875988826676886
324,15.875988826676886,13.434537009518971
325,13.434537009518971,14.225392010828042
326,14.225392010828042,17.469349562113656
327,17.469349562113656,21.759968033779437
328,21.759968033779437,25.78487245100643
329,25.78487245100643,29.003857359205124
330,29.003857359205124,31.605035964069426
331,31.605035964069426,34.02628184665085
332,34.02628184665085,36.54149629454497
333,36.54149629454497,38.85853456405633
334,38.85853456405633,40.13563400369219
335,40.13563400369219,39.856667989227994
336,39.856667989227994,38.50813312074378
337,38.50813312074378,37.05250564970289
338,37.05250564970289,35.999892307378204
339,35.999892307378204,35.130150973229235
340,35.130150973229235,33.877804109478994
341,33.877804109478994,31.999679224821286
342,31.999679224821286,29.791232182125334
343,29.791232182125334,27.512870668520964
344,27.512870668520964,25.01643864543201
345,25.01643864543201,22.25004878058901
346,22.25004878058901,19.84068847020371
347,19.84068847020371,18.851402463602675
348,18.851402463602675,19.819135552273742
349,19.819135552273742,21.891681860678595
350,21.891681860678595,23.112277875290367
351,23.112277875290367,22.065632271363256
352,22.065632271363256,19.34339172706452
353,19.34339172706452,17.191526706153443
354,17.191526706153443,17.643043737409585
355,17.643043737409585,20.824337937687737
356,20.824337937687737,24.796161297086773
357,24.796161297086773,27.11401191915757
358,27.11401191915757,26.712822079070612
359,26.712822079070612,24.41414291751863
360,24.41414291751863,21.946666514074803
361,21.946666514074803,20.655997296192815
362,20.655997296192815,20.879945820893624
363,20.879945820893624,22.160416659581834
364,22.160416659581834,23.855676625241315
365,23.855676625241315,25.58018065744198
366,25.58018065744198,27.33148464077154
367,27.33148464077154,29.193529373604864
368,29.193529373604864,30.748621646203002
369,30.748621646203002,31.104219037606747
370,31.104219037606747,29.98095985504755
371,29.98095985504755,28.66008245316737
372,28.66008245316737,29.22792455622058
373,29.22792455622058,32.41365383285745
374,32.41365383285745,36.31857725765633
375,36.31857725765633,37.87923567806109
376,37.87923567806109,35.707496172174544
377,35.707496172174544,31.09120362170837
378,31.09120362170837,26.354188039317165
379,26.354188039317165,22.912866790342118
380,22.912866790342118,20.93415790669205
381,20.93415790669205,20.013022865533397
382,20.013022865533397,19.69851770038685
383,19.69851770038685,42.86365105465893
384,42.86365105465893,38.49539854542802
385,38.49539854542802,32.32409928351732
386,32.32409928351732,27.12374751818821
387,27.12374751818821,23.861893459751776
388,23.861893459751776,21.85327104032816
389,21.85327104032816,20.039937949848138
390,20.039937949848138,17.750703099885847
391,17.750703099885847,14.893624245052328
392,14.893624245052328,12.012267077189183
393,12.012267077189183,9.991244261667234
394,9.991244261667234,9.436441643793351
395,9.436441643793351,10.251544217420742
396,10.251544217420742,11.697487787716295
397,11.697487787716295,12.871118939319981
398,12.871118939319981,13.370030166397044
399,13.370030166397044,13.593966726499865
400,13.593966726499865,14.294798221678468
401,14.294798221678468,15.868745150420756
402,15.868745150420756,18.232461672541106
403,18.232461672541106,21.200429043450878
404,21.200429043450878,24.53434209990931
405,24.53434209990931,27.50965556323997
406,27.50965556323997,28.95535704303372
407,28.95535704303372,28.240978326819153
408,28.240978326819153,26.099068907046064
409,26.099068907046064,24.043653811775037
410,24.043653811775037,22.98452578679097
411,22.98452578679097,22.648091206559684
412,22.648091206559684,22.16564326293026
413,22.16564326293026,20.916262272900347
414,20.916262272900347,18.930967670839017
415,18.930967670839017,16.78582617841164
416,16.78582617841164,15.209521940480823
417,15.209521940480823,14.696105339965136
418,14.696105339965136,15.370501068581406
419,15.370501068581406,17.139758338581835
420,17.139758338581835,19.71339060037789
421,19.71339060037789,22.244024313625918
422,22.244024313625918,23.313230225768905
423,23.313230225768905,21.975692804453743
424,21.975692804453743,18.939754106553718
425,18.939754106553718,16.39620852046556
426,16.39620852046556,16.468458643122684
427,16.468458643122684,19.513876577010972
428,19.513876577010972,23.49388830789465
429,23.49388830789465,25.28825649918609
430,25.28825649918609,23.476558009087725
431,23.476558009087725,19.831754799876716
432,19.831754799876716,17.595198319806077
433,17.595198319806077,18.54305162905323
434,18.54305162905323,22.04418606135249
435,22.04418606135249,26.252918143872478
436,26.252918143872478,29.369497514559246
437,29.369497514559246,30.086187642120997
438,30.086187642120997,27.931685025849163
439,27.931685025849163,23.735942739605623
440,23.735942739605623,19.451613754293547
441,19.451613754293547,17.06207278905463
442,17.06207278905463,17.279198586581074
443,17.279198586581074,19.056792270051943
444,19.056792270051943,20.491556510770877
445,20.491556510770877,20.574112093523
446,20.574112093523,20.00651202218532
447,20.00651202218532,27.539153019059725
448,27.539153019059725,25.158974265849896
449,25.158974265849896,21.480668117127433
450,21.480668117127433,17.59492899387268
451,17.59492899387268,14.026756094863414
452,14.026756094863414,11.159673913417999
453,11.159673913417999,9.568861917283034
454,9.568861917283034,9.585777204504716
455,9.585777204504716,10.713101016508357
456,10.713101016508357,11.790853085902155
457,11.790853085902155,11.941524037463125
458,11.941524037463125,11.247632860756708
459,11.247632860756708,10.352837378701869
460,10.352837378701869,9.60244445837246
461,9.60244445837246,8.862406121906742
462,8.862406121906742,8.0668386686352
463,8.0668386686352,7.665116397393222
464,7.665116397393222,8.428054739050896
465,8.428054739050896,10.699334908420122
466,10.699334908420122,13.74583719364978
467,13.74583719364978,16.070371025104567
468,16.070371025104567,16.628347667529233
469,16.628347667529233,15.61861679838308
470,15.61861679838308,14.106355004333551
471,14.106355004333551,13.242992390723476
472,13.242992390723476,13.912560729465424
473,13.912560729465424,16.535707423874804
474,16.535707423874804,20.559441025589326
475,20.559441025589326,24.08735671283701
476,24.08735671283701,24.78673552516118
477,24.78673552516118,21.954136971736155
478,21.954136971736155,17.44311709497355
479,17.44311709497355,13.985789635771097
480,13.985789635771097,12.776931091042327
481,12.776931091042327,12.954512256376152
482,12.954512256376152,13.082927723434032
483,13.082927723434032,12.74215735056889
484,12.74215735056889,12.649611467101991
485,12.649611467101991,13.490735472683504
486,13.490735472683504,15.043838990614294
487,15.043838990614294,16.513759563609334
488,16.513759563609334,17.249480962058982
489,17.249480962058982,16.888423172640884
490,16.888423172640884,15.34737304965751
491,15.34737304965751,13.120694029265142
492,13.120694029265142,11.317064178482799
493,11.317064178482799,10.950020013537138
494,10.950020013537138,12.043442787808058
495,12.043442787808058,13.493309343786652
496,13.493309343786652,14.096844909223565
497,14.096844909223565,13.899014306351013
498,13.899014306351013,14.345662772791911
499,14.345662772791911,16.85510611551603
500,16.85510611551603,21.269666579256036
501,21.269666579256036,25.76912386632075
502,25.76912386632075,28.374848119016512
503,28.374848119016512,28.617455919580816
504,28.617455919580816,27.580340747902234
505,27.580340747902234,26.420774807013686
506,26.420774807013686,25.686086658874157
507,25.686086658874157,26.212653113227162
508,26.212653113227162,29.195565191586525
509,29.195565191586525,34.2572627708432
510,34.2572627708432,38.39814332148111
511,38.39814332148111,8.905210388886227
512,8.905210388886227,10.406454946379993
513,10.406454946379993,12.030798252389861
514,12.030798252389861,12.338186969707813
515,12.338186969707813,11.193539362829537
516,11.193539362829537,9.820541663196455
517,9.820541663196455,9.59661601155752
518,9.59661601155752,10.906680724910828
519,10.906680724910828,12.971506608381107
520,12.971506608381107,14.52178700962261
521,14.52178700962261,14.72009691740812
522,14.72009691740812,13.646911629879222
523,13.646911629879222,12.01072906878648
524,12.01072906878648,10.53304370146563
525,10.53304370146563,9.718676078741403
526,9.718676078741403,9.911672420427749
527,9.911672420427749,11.138219197621934
528,11.138219197621934,12.88002487923223
529,12.88002487923223,14.265678352978535
530,14.265678352978535,14.60335483373404
531,14.60335483373404,13.788039578857862
532,13.788039578857862,12.355134047532554
533,12.355134047532554,11.137750921259771
534,11.137750921259771,10.572879548688551
535,10.572879548688551,10.247056947544488
536,10.247056947544488,9.38194332918562
537,9.38194332918562,7.804764318692417
538,7.804764318692417,6.192759151283742
539,6.192759151283742,5.402462706503077
540,5.402462706503077,5.800600424484057
541,5.800600424484057,7.149551274037312
542,7.149551274037312,8.800193994883177
543,8.800193994883177,10.058293473522278
544,10.058293473522278,10.69849526511818
545,10.69849526511818,11.192315543080388
546,11.192315543080388,12.192705305879935
547,12.192705305879935,13.698516817348775
548,13.698516817348775,14.848403889172939
549,14.848403889172939,14.718338715603451
550,14.718338715603451,13.400676195033839
551,13.400676195033839,12.167938938208621
552,12.167938938208621,12.409072219089815
553,12.409072219089815,14.382152094335638
554,14.382152094335638,16.911735274702618
555,16.911735274702618,18.197996836066157
556,18.197996836066157,17.146667346556622
557,17.146667346556622,14.234678091191327
558,14.234678091191327,11.066946271004365
559,11.066946271004365,8.985317351581513
560,8.985317351581513,8.13982243387775
561,8.13982243387775,7.833124175837245
562,7.833124175837245,7.462831226223573
563,7.462831226223573,6.989108667638107
564,6.989108667638107,6.692123604081287
565,6.692123604081287,6.763986383064305
566,6.763986383064305,7.122955770783024
567,7.122955770783024,7.490142395500735
568,7.490142395500735,7.664432702583261
569,7.664432702583261,7.774803946000976
570,7.774803946000976,8.198897526508713
571,8.198897526508713,9.173686032006204
572,9.173686032006204,10.503527208814313
573,10.503527208814313,11.693128707104057
574,11.693128707104057,12.35037006946764
575,12.35037006946764,6.626811766657096
576,6.626811766657096,7.567993206971331
577,7.567993206971331,9.217304633535882
578,9.217304633535882,11.079660830808756
579,11.079660830808756,12.456212188995764
580,12.456212188995764,12.73073703513569
581,12.73073703513569,11.801299971034442
582,11.801299971034442,10.292624493654905
583,10.292624493654905,9.185074761895876
584,9.185074761895876,9.051913296671682
585,9.051913296671682,9.672228530529425
586,9.672228530529425,10.508498480824557
587,10.508498480824557,11.413810109446185
588,11.413810109446185,12.558030856657888
589,12.558030856657888,13.678854738153634
590,13.678854738153634,13.897420273948532
591,13.897420273948532,12.670922477232502
592,12.670922477232502,10.729552460797219
593,10.729552460797219,9.746411143437102
594,9.746411143437102,11.203338494867987
595,11.203338494867987,15.526386085533195
596,15.526386085533195,21.69936598670175
597,21.69936598670175,27.403829259218384
598,27.403829259218384,30.174389925924267
599,30.174389925924267,29.111608384629502
600,29.111608384629502,25.39891663710904
601,25.39891663710904,21.034801520229585
602,21.034801520229585,17.394221297584245
603,17.394221297584245,14.957047758711848
604,14.957047758711848,13.723981881770996
605,13.723981881770996,13.373211321362945
606,13.373211321362945,13.224543154634514
607,13.224543154634514,12.553101835512225
608,12.553101835512225,11.108258145902123
609,11.108258145902123,9.213192976104471
610,9.213192976104471,7.3975256137310215
611,7.3975256137310215,6.046808937276859
612,6.046808937276859,5.387434099798682
613,5.387434099798682,5.575038248867294
614,5.575038248867294,6.642416739054825
615,6.642416739054825,8.376050832775032
616,8.376050832775032,10.2901719741316
617,10.2901719741316,11.718098669607333
618,11.718098669607333,12.043330244581204
619,12.043330244581204,11.074217024085197
620,11.074217024085197,9.254327893759793
621,9.254327893759793,7.364391351123182
622,7.364391351123182,5.973590305907404
623,5.973590305907404,5.193198997886146
624,5.193198997886146,4.833486884346565
625,4.833486884346565,4.636795286346451
626,4.636795286346451,4.405527523680179
627,4.405527523680179,4.0887746208099225
628,4.0887746208099225,3.821500530865733
629,3.821500530865733,3.8228208992850377
630,3.8228208992850377,4.2378051579988485
631,4.2378051579988485,5.042962658168705
632,5.042962658168705,6.021596068297084
633,6.021596068297084,6.836028273059485
634,6.836028273059485,7.306949287828056
635,7.306949287828056,7.711410241188463
636,7.711410241188463,8.577566466607577
637,8.577566466607577,9.96066853989964
638,9.96066853989964,11.095255571299374
639,11.095255571299374,62.93088755587611
640,62.93088755587611,59.52048071417671
641,59.52048071417671,54.546606698038524
642,54.546606698038524,49.99910333564719
643,49.99910333564719,46.62253703677954
644,46.62253703677954,44.014000835412986
645,44.014000835412986,41.398255508183105
646,41.398255508183105,38.06942018226471
647,38.06942018226471,33.62690493446894
648,33.62690493446894,28.346171872425852
649,28.346171872425852,23.397525668339426
650,23.397525668339426,20.363261047827045
651,20.363261047827045,20.12632221703765
652,20.12632221703765,22.002225776946375
653,22.002225776946375,24.02143380442722
654,24.02143380442722,24.33992678547163
655,24.33992678547163,22.606752068801935
656,22.606752068801935,19.984845204005836
657,19.984845204005836,17.85710449824282
658,17.85710449824282,16.669829359033177
659,16.669829359033177,16.074746961201694
660,16.074746961201694,15.849946531127472
661,15.849946531127472,16.284040387406534
662,16.284040387406534,17.67998155355474
663,17.67998155355474,19.74526340346227
664,19.74526340346227,21.53376861607288
665,21.53376861607288,22.012449752332042
666,22.012449752332042,20.789409285722424
667,20.789409285722424,18.351463203739314
668,18.351463203739314,15.615160798093566
669,15.615160798093566,13.33775021360752
670,13.33775021360752,11.964505838978008
671,11.964505838978008,11.75637731237994
672,11.75637731237994,12.720981471180936
673,12.720981471180936,14.363783496380229
674,14.363783496380229,15.786590608789473
675,15.786590608789473,16.259760103692955
676,16.259760103692955,15.645500697800665
677,15.645500697800665,14.295624380589686
678,14.295624380589686,12.757366264354939
679,12.757366264354939,11.541033744549754
680,11.541033744549754,10.827307837947075
681,10.827307837947075,10.306160521435917
682,10.306160521435917,9.49108234534575
683,9.49108234534575,8.272702946121171
684,8.272702946121171,7.065524441757743
685,7.065524441757743,6.369167398856832
686,6.369167398856832,6.254094662135172
687,6.254094662135172,6.332524021688506
688,6.332524021688506,6.2221425334100235
689,6.2221425334100235,5.923781096732779
690,5.923781096732779,5.7312333857325655
691,5.7312333857325655,5.930156488575035
692,5.930156488575035,6.636879434299511
693,6.636879434299511,7.7368571442074385
694,7.7368571442074385,8.92984127913899
695,8.92984127913899,10.039551092537188
696,10.039551092537188,11.246567655213578
697,11.246567655213578,12.677235243523189
698,12.677235243523189,13.791436608164243
699,13.791436608164243,13.673176336405495
700,13.673176336405495,12.092482945120128
701,12.092482945120128,9.928446194803948
702,9.928446194803948,8.450194913793139
