,Curvature_n,Curvature_n1
0,12.590516845680973,12.39052503225619
1,12.39052503225619,11.606182521579102
2,11.606182521579102,9.968004131838562
3,9.968004131838562,7.740589369994462
4,7.740589369994462,5.600953252535733
5,5.600953252535733,4.118343851552176
6,4.118343851552176,3.4137210844987482
7,3.4137210844987482,3.3166926348318473
8,3.3166926348318473,3.649943749804465
9,3.649943749804465,4.232134505534025
10,4.232134505534025,4.767221551333154
11,4.767221551333154,4.96370702045135
12,4.96370702045135,4.776538338494602
13,4.776538338494602,4.43553899400967
14,4.43553899400967,4.311825730042844
15,4.311825730042844,4.7744393760369945
16,4.7744393760369945,5.949553276292765
17,5.949553276292765,7.42980928983779
18,7.42980928983779,8.411410137789483
19,8.411410137789483,8.370368692430379
20,8.370368692430379,7.509676929906832
21,7.509676929906832,6.416433640984751
22,6.416433640984751,5.468782264165089
23,5.468782264165089,4.692861287359334
24,4.692861287359334,3.9737017519798052
25,3.9737017519798052,3.232541348713717
26,3.232541348713717,2.497684816375329
27,2.497684816375329,1.8948044787689913
28,1.8948044787689913,1.546069419851582
29,1.546069419851582,1.4726646643138703
30,1.4726646643138703,1.6110392622546648
31,1.6110392622546648,1.8732978558900055
32,1.8732978558900055,2.1745251531638354
33,2.1745251531638354,2.450961678908607
34,2.450961678908607,2.6886362442386758
35,2.6886362442386758,2.927668185542596
36,2.927668185542596,3.2199683926546725
37,3.2199683926546725,3.555718909463102
38,3.555718909463102,3.8193443320529905
39,3.8193443320529905,3.863823146020621
40,3.863823146020621,3.6571036411632027
41,3.6571036411632027,3.3130023886939695
42,3.3130023886939695,2.9629171964201326
43,2.9629171964201326,2.6559791391925005
44,2.6559791391925005,2.3978684471028306
45,2.3978684471028306,2.2698330298221325
46,2.2698330298221325,2.534153154068788
47,2.534153154068788,3.689987753224103
48,3.689987753224103,6.268459261562214
49,6.268459261562214,10.213971659696723
50,10.213971659696723,14.366948012927306
51,14.366948012927306,17.10683252538799
52,17.10683252538799,17.9001551967905
53,17.9001551967905,17.68181553263325
54,17.68181553263325,17.265056775183982
55,17.265056775183982,16.12990389054371
56,16.12990389054371,13.454211594126068
57,13.454211594126068,9.637784435480702
58,9.637784435480702,6.0477461278920055
59,6.0477461278920055,3.6821392054501967
60,3.6821392054501967,2.5983159940058465
61,2.5983159940058465,2.3146602038972555
62,2.3146602038972555,2.320890007314663
63,2.320890007314663,8.366297659246387
64,8.366297659246387,7.17756537829591
65,7.17756537829591,5.537847787514984
66,5.537847787514984,4.299535470096497
67,4.299535470096497,3.91760901179942
68,3.91760901179942,4.439288774152434
69,4.439288774152434,5.668408292495906
70,5.668408292495906,7.195437565142118
71,7.195437565142118,8.472392361475556
72,8.472392361475556,9.155552648029104
73,9.155552648029104,9.417139879674657
74,9.417139879674657,9.723220342303058
75,9.723220342303058,10.186761602289947
76,10.186761602289947,10.315899261488301
77,10.315899261488301,9.602326878913296
78,9.602326878913296,8.206348372464479
79,8.206348372464479,6.80929071879656
80,6.80929071879656,5.921342453573873
81,5.921342453573873,5.569134212555902
82,5.569134212555902,5.523426594917081
83,5.523426594917081,5.551943700620377
84,5.551943700620377,5.488951806181241
85,5.488951806181241,5.295502587324993
86,5.295502587324993,5.101729479367245
87,5.101729479367245,5.07614668999728
88,5.07614668999728,5.222737440030029
89,5.222737440030029,5.360908127277943
90,5.360908127277943,5.326802389354282
91,5.326802389354282,5.145497884533319
92,5.145497884533319,4.973264202455119
93,4.973264202455119,4.904619386792925
94,4.904619386792925,4.872554858605428
95,4.872554858605428,4.710861760141907
96,4.710861760141907,4.300920190207043
97,4.300920190207043,3.700392793712626
98,3.700392793712626,3.163651058257525
99,3.163651058257525,3.004754946104511
100,3.004754946104511,3.442235891048501
101,3.442235891048501,4.560308369281438
102,4.560308369281438,6.266418918782698
103,6.266418918782698,8.187827731273359
104,8.187827731273359,9.766807750963949
105,9.766807750963949,10.606530444170552
106,10.606530444170552,10.622658315644355
107,10.622658315644355,9.90339813363422
108,9.90339813363422,8.739631404803683
109,8.739631404803683,7.726376695806224
110,7.726376695806224,7.378021305674162
111,7.378021305674162,7.552135697732274
112,7.552135697732274,7.545523194546577
113,7.545523194546577,6.832435654642328
114,6.832435654642328,5.5506875544701515
115,5.5506875544701515,4.291661012727321
116,4.291661012727321,3.6129919992651764
117,3.6129919992651764,3.7244978203462957
118,3.7244978203462957,4.390634196553162
119,4.390634196553162,5.0465128911072
120,5.0465128911072,5.171298474714215
121,5.171298474714215,4.67654763235479
122,4.67654763235479,3.8931457026499108
123,3.8931457026499108,3.188375011187645
124,3.188375011187645,2.689839871450568
125,2.689839871450568,2.358747358631956
126,2.358747358631956,2.1775426632128285
127,2.1775426632128285,16.030668159404698
128,16.030668159404698,15.942820812683138
129,15.942820812683138,15.894070102792265
130,15.894070102792265,16.06206836674516
131,16.06206836674516,16.42999742553799
132,16.42999742553799,16.661710181244427
133,16.661710181244427,16.395477992503587
134,16.395477992503587,15.646573622925308
135,15.646573622925308,14.824932717624073
136,14.824932717624073,14.333251507835897
137,14.333251507835897,14.163198165992021
138,14.163198165992021,13.916146792248782
139,13.916146792248782,13.225873775844427
140,13.225873775844427,12.141008415380961
141,12.141008415380961,11.095411029849664
142,11.095411029849664,10.513819194991378
143,10.513819194991378,10.42567720847247
144,10.42567720847247,10.471213293425388
145,10.471213293425388,10.277187566204345
146,10.277187566204345,9.792672102441914
147,9.792672102441914,9.282960734796212
148,9.282960734796212,9.104760527703132
149,9.104760527703132,9.485144144310919
150,9.485144144310919,10.383063655903802
151,10.383063655903802,11.481877238537026
152,11.481877238537026,12.353123692905594
153,12.353123692905594,12.658191169570467
154,12.658191169570467,12.227660790922144
155,12.227660790922144,11.114423917638678
156,11.114423917638678,9.682630420048323
157,9.682630420048323,8.478106865010737
158,8.478106865010737,7.826744934345289
159,7.826744934345289,7.598592349962674
160,7.598592349962674,7.427040349284189
161,7.427040349284189,7.104674555488419
162,7.104674555488419,6.751326413349833
163,6.751326413349833,6.648493354059253
164,6.648493354059253,6.93563588568864
165,6.93563588568864,7.470430317179752
166,7.470430317179752,7.971197320619721
167,7.971197320619721,8.218637081601543
168,8.218637081601543,8.119043223968529
169,8.119043223968529,7.731082342882333
170,7.731082342882333,7.314017305595732
171,7.314017305595732,7.189672023199078
172,7.189672023199078,7.415926088935978
173,7.415926088935978,7.672990939226342
174,7.672990939226342,7.558271094490291
175,7.558271094490291,6.950180763925213
176,6.950180763925213,6.066991619148823
177,6.066991619148823,5.25599803914143
178,5.25599803914143,4.774607855724785
179,4.774607855724785,4.723142553504706
180,4.723142553504706,5.089201594557484
181,5.089201594557484,5.800680575932932
182,5.800680575932932,6.746056010532219
183,6.746056010532219,7.7921817260062305
184,7.7921817260062305,8.800803662638012
185,8.800803662638012,9.656249602208305
186,9.656249602208305,10.30539734195826
187,10.30539734195826,10.737793850219795
188,10.737793850219795,10.934601131028362
189,10.934601131028362,10.915396599796257
190,10.915396599796257,10.82157200368705
191,10.82157200368705,14.127767007340758
192,14.127767007340758,14.82578199456365
193,14.82578199456365,15.542081685557775
194,15.542081685557775,15.691493721489916
195,15.691493721489916,15.48378626735598
196,15.48378626735598,15.918684355363393
197,15.918684355363393,18.14968741815733
198,18.14968741815733,22.496943891505126
199,22.496943891505126,27.64490592722094
200,27.64490592722094,31.14223065550155
201,31.14223065550155,31.370614781508145
202,31.370614781508145,28.932153821351115
203,28.932153821351115,25.710665136976377
204,25.710665136976377,22.917303341726786
205,22.917303341726786,20.461013044801092
206,20.461013044801092,17.815918688509633
207,17.815918688509633,14.942568491791132
208,14.942568491791132,12.37609861639356
209,12.37609861639356,10.748998250283691
210,10.748998250283691,10.37289343874994
211,10.37289343874994,11.085501220474834
212,11.085501220474834,12.277943279360166
213,12.277943279360166,13.163848090727193
214,13.163848090727193,13.258050889070791
215,13.258050889070791,12.63456050868791
216,12.63456050868791,11.67408674175928
217,11.67408674175928,10.653773428068746
218,10.653773428068746,9.661832167965901
219,9.661832167965901,8.780524718957198
220,8.780524718957198,8.206816892426868
221,8.206816892426868,8.164054568420442
222,8.164054568420442,8.660456665976612
223,8.660456665976612,9.332754383930695
224,9.332754383930695,9.67461153347399
225,9.67461153347399,9.507341318422094
226,9.507341318422094,9.121785896141063
227,9.121785896141063,8.898709005483258
228,8.898709005483258,8.900840045636892
229,8.900840045636892,8.899988330216061
230,8.899988330216061,8.722805166311973
231,8.722805166311973,8.507542896299416
232,8.507542896299416,8.612037676098721
233,8.612037676098721,9.25874968295552
234,9.25874968295552,10.282923539003601
235,10.282923539003601,11.243021949361472
236,11.243021949361472,11.762955231163165
237,11.762955231163165,11.723525815940617
238,11.723525815940617,11.161719372603184
239,11.161719372603184,10.137901829244838
240,10.137901829244838,8.796527261841575
241,8.796527261841575,7.466430680395991
242,7.466430680395991,6.554443333655984
243,6.554443333655984,6.280706863270008
244,6.280706863270008,6.519075948816868
245,6.519075948816868,6.904648955106069
246,6.904648955106069,7.128353918591816
247,7.128353918591816,7.1594009692294405
248,7.1594009692294405,7.163426369359776
249,7.163426369359776,7.2210166661078405
250,7.2210166661078405,7.215606395538548
251,7.215606395538548,7.0053779122306405
252,7.0053779122306405,6.609327987133412
253,6.609327987133412,6.191286424740568
254,6.191286424740568,5.930351339913852
255,5.930351339913852,24.875797196832963
256,24.875797196832963,23.593778562809028
257,23.593778562809028,21.4845724020024
258,21.4845724020024,19.253474583952404
259,19.253474583952404,17.60465871818427
260,17.60465871818427,16.95189019930923
261,16.95189019930923,17.12620240773162
262,17.12620240773162,17.405779383055368
263,17.405779383055368,17.036205422538185
264,17.036205422538185,15.91504371351527
265,15.91504371351527,14.765562653276724
266,14.765562653276724,14.45577233886091
267,14.45577233886091,15.041117668509473
268,15.041117668509473,15.61661528864482
269,15.61661528864482,15.21898789052343
270,15.21898789052343,13.68841991799269
271,13.68841991799269,11.568358312430046
272,11.568358312430046,9.450820112345106
273,9.450820112345106,7.637522994180146
274,7.637522994180146,6.224653009942813
275,6.224653009942813,5.261334578295131
276,5.261334578295131,4.781030003031827
277,4.781030003031827,4.74500974335653
278,4.74500974335653,4.969806199318452
279,4.969806199318452,5.143189505609978
280,5.143189505609978,5.003849510448376
281,5.003849510448376,4.535487705965895
282,4.535487705965895,3.9862750510626075
283,3.9862750510626075,3.737927407168929
284,3.737927407168929,4.222817029271068
285,4.222817029271068,5.823428062039433
286,5.823428062039433,8.470462436700167
287,8.470462436700167,11.163467784514054
288,11.163467784514054,12.31050421466611
289,12.31050421466611,11.052537565654802
290,11.052537565654802,8.130519618966794
291,8.130519618966794,5.153495941030419
292,5.153495941030419,3.217169979720785
293,3.217169979720785,2.4094931164777815
294,2.4094931164777815,2.27781272453031
295,2.27781272453031,2.3906391386131354
296,2.3906391386131354,2.533585108439397
297,2.533585108439397,2.6399130697269175
298,2.6399130697269175,2.6683098406810517
299,2.6683098406810517,2.5627608521610927
300,2.5627608521610927,2.341751389749033
301,2.341751389749033,2.172865935130482
302,2.172865935130482,2.2805582010425303
303,2.2805582010425303,2.7309070997115414
304,2.7309070997115414,3.32154534181817
305,3.32154534181817,3.718647951766096
306,3.718647951766096,3.726609516204342
307,3.726609516204342,3.435170911715686
308,3.435170911715686,3.109864454247079
309,3.109864454247079,2.9435186438555903
310,2.9435186438555903,2.913678747408408
311,2.913678747408408,2.868140324468761
312,2.868140324468761,2.708161315923982
313,2.708161315923982,2.4596346766201456
314,2.4596346766201456,2.207778174982672
315,2.207778174982672,2.0203944049298252
316,2.0203944049298252,1.9208664948347702
317,1.9208664948347702,1.8910380845636845
318,1.8910380845636845,1.8914043199386763
319,1.8914043199386763,30.666087927086053
320,30.666087927086053,29.84545324636031
321,29.84545324636031,27.356226238941606
322,27.356226238941606,23.0099040819281
323,23.0099040819281,18.155514164824684
324,18.155514164824684,14.705452515330016
325,14.705452515330016,13.594230961689739
326,13.594230961689739,14.397467684313355
327,14.397467684313355,16.192738199841127
328,16.192738199841127,18.431806034912157
329,18.431806034912157,20.83452502815645
330,20.83452502815645,22.70708246459494
331,22.70708246459494,23.007020411083058
332,23.007020411083058,21.406032932612334
333,21.406032932612334,18.84279250971379
334,18.84279250971379,16.59169527870449
335,16.59169527870449,15.092317405682854
336,15.092317405682854,13.95303849407494
337,13.95303849407494,12.751295535218556
338,12.751295535218556,11.514627879836581
339,11.514627879836581,10.570860266653003
340,10.570860266653003,10.17637164885922
341,10.17637164885922,10.30775807220121
342,10.30775807220121,10.709890128660781
343,10.709890128660781,11.135297769437047
344,11.135297769437047,11.540967145963311
345,11.540967145963311,12.073992507264773
346,12.073992507264773,12.924695145132969
347,12.924695145132969,14.217831176683285
348,14.217831176683285,15.931789220128465
349,15.931789220128465,17.813787196133347
350,17.813787196133347,19.47879518827391
351,19.47879518827391,20.73550820310605
352,20.73550820310605,21.710687217217476
353,21.710687217217476,22.490474244457715
354,22.490474244457715,22.775032093042675
355,22.775032093042675,22.14285311850114
356,22.14285311850114,20.605072316813867
357,20.605072316813867,18.6589369659876
358,18.6589369659876,16.768398547137704
359,16.768398547137704,14.991479281597666
360,14.991479281597666,13.230809211163194
361,13.230809211163194,11.676374587031132
362,11.676374587031132,10.809727106578976
363,10.809727106578976,11.003748740697704
364,11.003748740697704,12.157839521803366
365,12.157839521803366,13.63364292232218
366,13.63364292232218,14.617242246905311
367,14.617242246905311,14.721468316018415
368,14.721468316018415,14.19524038509067
369,14.19524038509067,13.492609798126034
370,13.492609798126034,12.830966121900413
371,12.830966121900413,12.21796529988802
372,12.21796529988802,11.65244735762904
373,11.65244735762904,11.177738402046504
374,11.177738402046504,10.825662165165271
375,10.825662165165271,10.529964999060597
376,10.529964999060597,10.09321374708528
377,10.09321374708528,9.326804827837531
378,9.326804827837531,8.289746657053414
379,8.289746657053414,7.328462697828334
380,7.328462697828334,6.813575017693088
381,6.813575017693088,6.803347104404117
382,6.803347104404117,6.979466678845711
383,6.979466678845711,22.588549000290044
384,22.588549000290044,22.159617688869226
385,22.159617688869226,21.721434677867713
386,21.721434677867713,21.716819299907947
387,21.716819299907947,22.120631313925195
388,22.120631313925195,22.353137039159236
389,22.353137039159236,21.776386436611528
390,21.776386436611528,20.268619075404576
391,20.268619075404576,18.308135668719682
392,18.308135668719682,16.61398279739107
393,16.61398279739107,15.852236504779672
394,15.852236504779672,16.55186898355347
395,16.55186898355347,18.83492463588692
396,18.83492463588692,21.94349023947796
397,21.94349023947796,24.379433867596667
398,24.379433867596667,24.978692001305294
399,24.978692001305294,23.88297955076559
400,23.88297955076559,22.357953315814257
401,22.357953315814257,21.92610607970825
402,21.92610607970825,23.659169070822088
403,23.659169070822088,27.471840583127975
404,27.471840583127975,31.44316343008855
405,31.44316343008855,32.57290295859122
406,32.57290295859122,29.379046942275714
407,29.379046942275714,23.574074831692045
408,23.574074831692045,18.43097920643013
409,18.43097920643013,15.773835620990432
410,15.773835620990432,14.993088668426225
411,14.993088668426225,14.465045346591495
412,14.465045346591495,13.247667390651099
413,13.247667390651099,11.545930690568525
414,11.545930690568525,10.136359275697169
415,10.136359275697169,9.62871631644385
416,9.62871631644385,10.080377250121655
417,10.080377250121655,11.078408720925523
418,11.078408720925523,12.142507490070543
419,12.142507490070543,13.13183148625696
420,13.13183148625696,14.412653404138062
421,14.412653404138062,16.63729939409827
422,16.63729939409827,19.994636267329934
423,19.994636267329934,23.41506938537477
424,23.41506938537477,24.974492487909572
425,24.974492487909572,23.577688364896634
426,23.577688364896634,19.97006319986731
427,19.97006319986731,15.852178039829917
428,15.852178039829917,12.463786944177777
429,12.463786944177777,10.200353246130053
430,10.200353246130053,9.024060084866349
431,9.024060084866349,8.849144465836321
432,8.849144465836321,9.63427662375894
433,9.63427662375894,11.235609846248764
434,11.235609846248764,13.228848348274829
435,13.228848348274829,14.986300298530415
436,14.986300298530415,16.04855642543855
437,16.04855642543855,16.391057623673095
438,16.391057623673095,16.286306782234533
439,16.286306782234533,15.990918146878478
440,15.990918146878478,15.68593587128272
441,15.68593587128272,15.589806718713746
442,15.589806718713746,15.83691146598932
443,15.83691146598932,16.211961937800762
444,16.211961937800762,16.264319640187555
445,16.264319640187555,15.839935034137795
446,15.839935034137795,15.35727812612851
447,15.35727812612851,14.749084596108872
448,14.749084596108872,15.595416170880139
449,15.595416170880139,17.547398231288945
450,17.547398231288945,20.28278796677045
451,20.28278796677045,22.578751969694814
452,22.578751969694814,23.26504629476932
453,23.26504629476932,22.428008709925585
454,22.428008709925585,21.409322049174218
455,21.409322049174218,21.595212711598613
456,21.595212711598613,23.19623287666786
457,23.19623287666786,25.00753922415081
458,25.00753922415081,25.34562792035899
459,25.34562792035899,23.50672697862532
460,23.50672697862532,20.53836701168683
461,20.53836701168683,18.506592391847672
462,18.506592391847672,18.73318671730505
463,18.73318671730505,20.58802220116842
464,20.58802220116842,22.13295390906262
465,22.13295390906262,22.04404047598294
466,22.04404047598294,20.682219964195607
467,20.682219964195607,19.246222120830296
468,19.246222120830296,18.40550229480514
469,18.40550229480514,18.10014588008353
470,18.10014588008353,18.28342459929138
471,18.28342459929138,19.279584537579602
472,19.279584537579602,21.277473101703542
473,21.277473101703542,23.729772643955343
474,23.729772643955343,25.4955994204927
475,25.4955994204927,25.575172116576773
476,25.575172116576773,23.712738567699876
477,23.712738567699876,20.54744843734548
478,20.54744843734548,17.425798215041898
479,17.425798215041898,15.837353596022522
480,15.837353596022522,16.538119995810366
481,16.538119995810366,18.995214537460146
482,18.995214537460146,21.81320109125729
483,21.81320109125729,23.87410771611669
484,23.87410771611669,25.10237081892285
485,25.10237081892285,26.134313572647528
486,26.134313572647528,27.38978604790038
487,27.38978604790038,28.5922589492827
488,28.5922589492827,29.11897560962732
489,29.11897560962732,28.63049299345606
490,28.63049299345606,27.35911985862529
491,27.35911985862529,25.964664528843112
492,25.964664528843112,25.229614195876948
493,25.229614195876948,25.712835230575937
494,25.712835230575937,27.33887447806344
495,27.33887447806344,29.158173262071273
496,29.158173262071273,29.793950687256817
497,29.793950687256817,28.53697415216734
498,28.53697415216734,26.052744357000098
499,26.052744357000098,23.774544773138
500,23.774544773138,22.587004746820963
501,22.587004746820963,22.28267731889411
502,22.28267731889411,22.214162994082805
503,22.214162994082805,22.165685572492606
504,22.165685572492606,22.416646677571276
505,22.416646677571276,23.09568743262187
506,23.09568743262187,23.77432086219245
507,23.77432086219245,23.80976397451407
508,23.80976397451407,22.99361186194426
509,22.99361186194426,21.765777631027348
510,21.765777631027348,20.878564027038053
511,20.878564027038053,42.710067377224775
512,42.710067377224775,38.9790062353235
513,38.9790062353235,33.67799774579918
514,33.67799774579918,29.051849366776324
515,29.051849366776324,25.834553842025763
516,25.834553842025763,23.63005709325368
517,23.63005709325368,22.03183766799574
518,22.03183766799574,20.887368299515643
519,20.887368299515643,19.927491603032674
520,19.927491603032674,18.801619429836546
521,18.801619429836546,17.510258053673436
522,17.510258053673436,16.419517851123466
523,16.419517851123466,15.785829369552328
524,15.785829369552328,15.572122505637594
525,15.572122505637594,15.786573044984232
526,15.786573044984232,16.685445097898295
527,16.685445097898295,18.39915271813081
528,18.39915271813081,20.425473523353446
529,20.425473523353446,21.732793742115007
530,21.732793742115007,21.56054530841619
531,21.56054530841619,20.20234699513056
532,20.20234699513056,18.910662902743546
533,18.910662902743546,18.90863823811392
534,18.90863823811392,20.404896022399292
535,20.404896022399292,22.424799602617895
536,22.424799602617895,23.546547932157246
537,23.546547932157246,22.979225480807877
538,22.979225480807877,21.043074699041433
539,21.043074699041433,18.60872198617095
540,18.60872198617095,16.2935987336148
541,16.2935987336148,14.431474238613912
542,14.431474238613912,13.563787499585109
543,13.563787499585109,14.41401081133493
544,14.41401081133493,17.163708177844132
545,17.163708177844132,20.889177446522144
546,20.889177446522144,23.847669311946103
547,23.847669311946103,24.487952054347534
548,24.487952054347534,22.447884150531117
549,22.447884150531117,18.77632171403457
550,18.77632171403457,15.209189860728864
551,15.209189860728864,13.107012943881902
552,13.107012943881902,12.81467937199067
553,12.81467937199067,13.722290236784684
554,13.722290236784684,14.815822815849295
555,14.815822815849295,15.323476425943117
556,15.323476425943117,15.105522135601275
557,15.105522135601275,14.572894532429679
558,14.572894532429679,14.204689445060936
559,14.204689445060936,14.130872934805566
560,14.130872934805566,14.228415573249649
561,14.228415573249649,14.47855941787769
562,14.47855941787769,15.00313630881193
563,15.00313630881193,15.788212462115062
564,15.788212462115062,16.551500738494198
565,16.551500738494198,16.860354358639427
566,16.860354358639427,16.39017630720958
567,16.39017630720958,15.248209897885623
568,15.248209897885623,14.05865608339243
569,14.05865608339243,13.513851523997287
570,13.513851523997287,13.746259071788083
571,13.746259071788083,14.177666134989316
572,14.177666134989316,14.03605010726141
573,14.03605010726141,13.163266747058476
574,13.163266747058476,12.290137633792709
575,12.290137633792709,19.36881611220998
576,19.36881611220998,20.245164332866192
577,20.245164332866192,22.140237694185
578,22.140237694185,24.646708624309397
579,24.646708624309397,26.491114721288184
580,26.491114721288184,26.278038401740893
581,26.278038401740893,23.652943512854577
582,23.652943512854577,19.655090402129776
583,19.655090402129776,15.941612184385548
584,15.941612184385548,13.697905349072718
585,13.697905349072718,13.14835398191473
586,13.14835398191473,13.85814032822837
587,13.85814032822837,15.311791588448768
588,15.311791588448768,17.13947759682016
589,17.13947759682016,18.91741498054399
590,18.91741498054399,20.056317692879457
591,20.056317692879457,20.18396976423854
592,20.18396976423854,19.584603977363276
593,19.584603977363276,18.97814895588772
594,18.97814895588772,18.764200916025036
595,18.764200916025036,18.63761122261848
596,18.63761122261848,18.032076839085192
597,18.032076839085192,16.80098112687424
598,16.80098112687424,15.30246921956655
599,15.30246921956655,13.89567795455947
600,13.89567795455947,12.606604633966292
601,12.606604633966292,11.418232329151849
602,11.418232329151849,10.664666394445007
603,10.664666394445007,10.7900136297572
604,10.7900136297572,11.728201323707783
605,11.728201323707783,12.867138592630221
606,12.867138592630221,13.8109905050824
607,13.8109905050824,14.908536556237785
608,14.908536556237785,16.66474270782078
609,16.66474270782078,18.714927064753333
610,18.714927064753333,19.799638863537076
611,19.799638863537076,18.974186692188276
612,18.974186692188276,16.6446773402891
613,16.6446773402891,14.273647659164535
614,14.273647659164535,13.20217585766505
615,13.20217585766505,13.726705467658862
616,13.726705467658862,15.019281085761621
617,15.019281085761621,15.84263590738244
618,15.84263590738244,15.530604820282095
619,15.530604820282095,14.43679743662468
620,14.43679743662468,13.560501706412904
621,13.560501706412904,13.847200867896404
622,13.847200867896404,15.667844904799104
623,15.667844904799104,18.511374469337838
624,18.511374469337838,21.069803279668974
625,21.069803279668974,22.01652541644694
626,22.01652541644694,21.00666957880597
627,21.00666957880597,18.88427788194018
628,18.88427788194018,16.93572988517692
629,16.93572988517692,16.01364887107162
630,16.01364887107162,16.263300874682994
631,16.263300874682994,17.396035300579236
632,17.396035300579236,19.024267004699187
633,19.024267004699187,20.723342355336698
634,20.723342355336698,21.943522776086283
635,21.943522776086283,22.118388739008495
636,22.118388739008495,21.03776063967171
637,21.03776063967171,19.219103967026335
638,19.219103967026335,17.807865535227414
639,17.807865535227414,40.13629960914578
640,40.13629960914578,41.33808275217561
641,41.33808275217561,42.90910115749746
642,42.90910115749746,44.281847906823835
643,44.281847906823835,45.716569463314286
644,45.716569463314286,47.62726352658428
645,47.62726352658428,49.805377376225515
646,49.805377376225515,51.501768435826946
647,51.501768435826946,52.044233341259215
648,52.044233341259215,51.28889199306836
649,51.28889199306836,49.64989515832804
650,49.64989515832804,47.712905888574
651,47.712905888574,45.795596493587134
652,45.795596493587134,43.92603635156193
653,43.92603635156193,42.10592214368912
654,42.10592214368912,40.27662326935584
655,40.27662326935584,38.1285120061547
656,38.1285120061547,35.359411866768454
657,35.359411866768454,32.26856846755119
658,32.26856846755119,29.820429529970454
659,29.820429529970454,28.88930587321272
660,28.88930587321272,29.51243535323696
661,29.51243535323696,30.929438793033626
662,30.929438793033626,32.13015243565035
663,32.13015243565035,32.37107292631171
664,32.37107292631171,31.54024941194926
665,31.54024941194926,30.196152543746955
666,30.196152543746955,28.993273436969275
667,28.993273436969275,28.034403873247335
668,28.034403873247335,27.018426071124196
669,27.018426071124196,25.995929403106196
670,25.995929403106196,25.551103135784977
671,25.551103135784977,26.020037810528
672,26.020037810528,26.86904642075961
673,26.86904642075961,27.22461930615346
674,27.22461930615346,26.88477336065219
675,26.88477336065219,26.501618288964103
676,26.501618288964103,26.71253599459797
677,26.71253599459797,27.275982306223653
678,27.275982306223653,27.221241144592533
679,27.221241144592533,25.852603741596997
680,25.852603741596997,23.43679039969735
681,23.43679039969735,20.831318790512103
682,20.831318790512103,18.73513499148008
683,18.73513499148008,17.587147633789613
684,17.587147633789613,17.89239086440633
685,17.89239086440633,19.95463601673538
686,19.95463601673538,23.0894575102037
687,23.0894575102037,25.542589877096194
688,25.542589877096194,25.65276207987286
689,25.65276207987286,23.196988003033614
690,23.196988003033614,19.57905023732443
691,19.57905023732443,16.790175943642204
692,16.790175943642204,16.149377985998818
693,16.149377985998818,17.654789724798174
694,17.654789724798174,20.126740957021884
695,20.126740957021884,21.975076205287323
696,21.975076205287323,22.095745587969105
697,22.095745587969105,20.327492380721598
698,20.327492380721598,17.358946524519986
699,17.358946524519986,14.317793307290177
700,14.317793307290177,12.19443725170174
701,12.19443725170174,11.285021279889584
702,11.285021279889584,11.126987590069064
