,Curvature_n,Curvature_n1
0,69.27945987729488,70.34052687420946
1,70.34052687420946,71.26859591882531
2,71.26859591882531,69.02371237375993
3,69.02371237375993,61.05932425261069
4,61.05932425261069,49.3315325699156
5,49.3315325699156,40.12739691425593
6,40.12739691425593,38.684460258350775
7,38.684460258350775,44.2682605560332
8,44.2682605560332,50.878792757777596
9,50.878792757777596,52.59626637407218
10,52.59626637407218,47.90265416491262
11,47.90265416491262,39.21637054582668
12,39.21637054582668,29.706623254406768
13,29.706623254406768,21.35157387788527
14,21.35157387788527,15.003163839010433
15,15.003163839010433,10.923582348063459
16,10.923582348063459,8.944259859261185
17,8.944259859261185,8.52387041512625
18,8.52387041512625,9.01668398386108
19,9.01668398386108,9.959740290231764
20,9.959740290231764,11.123734264601438
21,11.123734264601438,12.402800269604942
22,12.402800269604942,13.830590971066997
23,13.830590971066997,15.641580129693786
24,15.641580129693786,18.28143164444434
25,18.28143164444434,22.19654402134062
26,22.19654402134062,27.044787325105542
27,27.044787325105542,31.038585224110054
28,31.038585224110054,32.164397199968406
29,32.164397199968406,30.902038273864218
30,30.902038273864218,30.689776309660193
31,30.689776309660193,34.22617869500233
32,34.22617869500233,39.599117631115355
33,39.599117631115355,41.585038273891
34,41.585038273891,37.15118907202885
35,37.15118907202885,28.48594173840109
36,28.48594173840109,20.267756439159623
37,20.267756439159623,15.332536823153067
38,15.332536823153067,13.525628884752251
39,13.525628884752251,13.337999073837288
40,13.337999073837288,13.527801090265225
41,13.527801090265225,13.483663406889665
42,13.483663406889665,12.940541360562337
43,12.940541360562337,11.959832791360732
44,11.959832791360732,11.086679434907863
45,11.086679434907863,11.02050515855688
46,11.02050515855688,11.897120877719914
47,11.897120877719914,13.124082760949882
48,13.124082760949882,13.934328182109287
49,13.934328182109287,13.85792524248258
50,13.85792524248258,12.766835342384026
51,12.766835342384026,10.906243848158208
52,10.906243848158208,8.900158710188828
53,8.900158710188828,7.372622618058002
54,7.372622618058002,6.501124209739466
55,6.501124209739466,6.040490760497221
56,6.040490760497221,5.70853870830261
57,5.70853870830261,5.4467137731178
58,5.4467137731178,5.313413201598575
59,5.313413201598575,5.211567600557516
60,5.211567600557516,4.878789769614693
61,4.878789769614693,4.255952679374777
62,4.255952679374777,3.717203876097185
63,3.717203876097185,45.021322305480425
64,45.021322305480425,37.800128196782666
65,37.800128196782666,27.323794711113766
66,27.323794711113766,18.050549590137308
67,18.050549590137308,12.11114126479255
68,12.11114126479255,9.37845601560286
69,9.37845601560286,8.864996798508205
70,8.864996798508205,9.555352734925833
71,9.555352734925833,10.521040503155389
72,10.521040503155389,10.951908233529009
73,10.951908233529009,10.407866317046302
74,10.407866317046302,9.146678631454074
75,9.146678631454074,8.10393318597089
76,8.10393318597089,8.2853150742263
77,8.2853150742263,9.966187113601926
78,9.966187113601926,12.352546452368559
79,12.352546452368559,14.065256771029974
80,14.065256771029974,14.19095803280492
81,14.19095803280492,13.001920649983498
82,13.001920649983498,11.570363613092649
83,11.570363613092649,10.703838162745663
84,10.703838162745663,10.38018455989802
85,10.38018455989802,10.118871094990885
86,10.118871094990885,9.602305264449983
87,9.602305264449983,8.867650804342894
88,8.867650804342894,8.120468828810765
89,8.120468828810765,7.560726291164847
90,7.560726291164847,7.349792130999866
91,7.349792130999866,7.585707719304383
92,7.585707719304383,8.181668651514203
93,8.181668651514203,8.845052934784556
94,8.845052934784556,9.33407475305703
95,9.33407475305703,9.682739345567837
96,9.682739345567837,10.043504083750502
97,10.043504083750502,10.505412572102728
98,10.505412572102728,11.310898787101268
99,11.310898787101268,13.147881233772281
100,13.147881233772281,16.788518575130336
101,16.788518575130336,21.996956474088893
102,21.996956474088893,26.72042288685139
103,26.72042288685139,28.038305004316566
104,28.038305004316566,24.677136794406195
105,24.677136794406195,18.37947545663545
106,18.37947545663545,12.349582763248325
107,12.349582763248325,8.720905617213779
108,8.720905617213779,7.678396478331258
109,7.678396478331258,8.213375705513041
110,8.213375705513041,9.153727292284685
111,9.153727292284685,9.812129548664888
112,9.812129548664888,10.0890841918313
113,10.0890841918313,10.108723201721224
114,10.108723201721224,9.893965111645333
115,9.893965111645333,9.444467936694746
116,9.444467936694746,8.867331580013511
117,8.867331580013511,8.268721328994928
118,8.268721328994928,7.6480209117536395
119,7.6480209117536395,7.035260561080755
120,7.035260561080755,6.62548454357308
121,6.62548454357308,6.623860459207778
122,6.623860459207778,7.005368213473626
123,7.005368213473626,7.56851623558688
124,7.56851623558688,8.188054547153067
125,8.188054547153067,8.814657273609896
126,8.814657273609896,9.257422240213407
127,9.257422240213407,7.12658426779505
128,7.12658426779505,7.693485495568773
129,7.693485495568773,8.743386625699555
130,8.743386625699555,9.991814272180935
131,9.991814272180935,11.015867233836806
132,11.015867233836806,11.541367656229333
133,11.541367656229333,11.560474073339009
134,11.560474073339009,11.117897747389481
135,11.117897747389481,10.180592059693437
136,10.180592059693437,8.851565386954448
137,8.851565386954448,7.497688209959339
138,7.497688209959339,6.4934650652793255
139,6.4934650652793255,5.9593822938020535
140,5.9593822938020535,5.828029575080669
141,5.828029575080669,6.026920354255537
142,6.026920354255537,6.499635027281537
143,6.499635027281537,7.119721188138687
144,7.119721188138687,7.71441007385397
145,7.71441007385397,8.232920163518203
146,8.232920163518203,8.800040802953669
147,8.800040802953669,9.519036028858732
148,9.519036028858732,10.285694967163096
149,10.285694967163096,10.865290344452738
150,10.865290344452738,11.044327863800119
151,11.044327863800119,10.65838817222108
152,10.65838817222108,9.664085841437421
153,9.664085841437421,8.288199039222116
154,8.288199039222116,7.014935341022985
155,7.014935341022985,6.38505016158196
156,6.38505016158196,6.803740763283677
157,6.803740763283677,8.334025249845162
158,8.334025249845162,10.467932869437917
159,10.467932869437917,12.202348987500253
160,12.202348987500253,12.649197520917038
161,12.649197520917038,11.737336765336503
162,11.737336765336503,10.245798158768734
163,10.245798158768734,9.097686075820201
164,9.097686075820201,8.686194774587861
165,8.686194774587861,8.809609810921236
166,8.809609810921236,8.991567098941562
167,8.991567098941562,8.81844378983376
168,8.81844378983376,8.207941818120322
169,8.207941818120322,7.493658268143736
170,7.493658268143736,7.155006462633007
171,7.155006462633007,7.385700887769423
172,7.385700887769423,7.936741672519888
173,7.936741672519888,8.359319221063094
174,8.359319221063094,8.385008459979076
175,8.385008459979076,8.075639272121114
176,8.075639272121114,7.637027925735054
177,7.637027925735054,7.184755468821198
178,7.184755468821198,6.750183849830256
179,6.750183849830256,6.403132706107822
180,6.403132706107822,6.234387468473641
181,6.234387468473641,6.24916199204255
182,6.24916199204255,6.365377794913595
183,6.365377794913595,6.490735710336406
184,6.490735710336406,6.548005735307117
185,6.548005735307117,6.479386613623991
186,6.479386613623991,6.282207539572173
187,6.282207539572173,6.01578267788415
188,6.01578267788415,5.7425124621680315
189,5.7425124621680315,5.503588047885909
190,5.503588047885909,5.354134543294862
191,5.354134543294862,9.768363415483583
192,9.768363415483583,9.798275873824508
193,9.798275873824508,9.90006719344803
194,9.90006719344803,9.99287123339998
195,9.99287123339998,9.94439753882464
196,9.94439753882464,9.905445515251708
197,9.905445515251708,10.320091957269259
198,10.320091957269259,11.363091679923848
199,11.363091679923848,12.495069481864407
200,12.495069481864407,12.826691119594088
201,12.826691119594088,11.915824967945248
202,11.915824967945248,10.12256413027539
203,10.12256413027539,8.294054954568773
204,8.294054954568773,7.202252112964556
205,7.202252112964556,7.138374178974409
206,7.138374178974409,7.806252926611679
207,7.806252926611679,8.526236509158856
208,8.526236509158856,8.64989523162046
209,8.64989523162046,7.938588928195764
210,7.938588928195764,6.656512080086275
211,6.656512080086275,5.367859494742645
212,5.367859494742645,4.60597155889167
213,4.60597155889167,4.590036813391725
214,4.590036813391725,5.129246691599864
215,5.129246691599864,5.797733838527835
216,5.797733838527835,6.255956366069176
217,6.255956366069176,6.409833892223892
218,6.409833892223892,6.335164560158758
219,6.335164560158758,6.196698251952137
220,6.196698251952137,6.254590022022063
221,6.254590022022063,6.762347294435284
222,6.762347294435284,7.7287007006163675
223,7.7287007006163675,8.809235622436027
224,8.809235622436027,9.497070736545945
225,9.497070736545945,9.473819070647432
226,9.473819070647432,8.808423070224752
227,8.808423070224752,7.8459931672810255
228,7.8459931672810255,6.967719994733547
229,6.967719994733547,6.463562374306315
230,6.463562374306315,6.506660177781738
231,6.506660177781738,7.129177408719897
232,7.129177408719897,8.193096177604064
233,8.193096177604064,9.370003502373796
234,9.370003502373796,10.176969464132487
235,10.176969464132487,10.187555045049127
236,10.187555045049127,9.378526041407252
237,9.378526041407252,8.239064855439343
238,8.239064855439343,7.417709080560643
239,7.417709080560643,7.233221866145381
240,7.233221866145381,7.532460480580755
241,7.532460480580755,7.943778818534869
242,7.943778818534869,8.196822178869594
243,8.196822178869594,8.221868293396918
244,8.221868293396918,8.046601093370047
245,8.046601093370047,7.715278701601085
246,7.715278701601085,7.3155705736428045
247,7.3155705736428045,6.977115080394829
248,6.977115080394829,6.790387168645861
249,6.790387168645861,6.761651080449823
250,6.761651080449823,6.825880136529589
251,6.825880136529589,6.862158539898957
252,6.862158539898957,6.753341248707845
253,6.753341248707845,6.510248257331261
254,6.510248257331261,6.301767385792409
255,6.301767385792409,4.291572799685639
256,4.291572799685639,4.729520860789471
257,4.729520860789471,5.587433855885639
258,5.587433855885639,6.817671195513333
259,6.817671195513333,8.231245637502145
260,8.231245637502145,9.468190927754291
261,9.468190927754291,10.304120224034287
262,10.304120224034287,10.952082657566494
263,10.952082657566494,11.773167360079274
264,11.773167360079274,12.614495097377871
265,12.614495097377871,12.73518301095379
266,12.73518301095379,11.617582059532392
267,11.617582059532392,9.640274596248272
268,9.640274596248272,7.720879465197932
269,7.720879465197932,6.4924905278306655
270,6.4924905278306655,6.031015317448168
271,6.031015317448168,6.1626656651693
272,6.1626656651693,6.771658361708733
273,6.771658361708733,7.830064564130032
274,7.830064564130032,9.246272558949922
275,9.246272558949922,10.70082380380373
276,10.70082380380373,11.67473102717978
277,11.67473102717978,11.761902407264781
278,11.761902407264781,11.006833780043674
279,11.006833780043674,9.912918014998926
280,9.912918014998926,9.065518217516189
281,9.065518217516189,8.683454560567299
282,8.683454560567299,8.54677777525227
283,8.54677777525227,8.380756042606217
284,8.380756042606217,8.184212912438165
285,8.184212912438165,8.088872240992444
286,8.088872240992444,8.082165684511208
287,8.082165684511208,8.038625244191486
288,8.038625244191486,7.881907979279042
289,7.881907979279042,7.561414759793269
290,7.561414759793269,7.016240001039712
291,7.016240001039712,6.309789152528447
292,6.309789152528447,5.707898057472637
293,5.707898057472637,5.490295104228149
294,5.490295104228149,5.695163516213718
295,5.695163516213718,6.086498874785667
296,6.086498874785667,6.383524043313953
297,6.383524043313953,6.521161033603805
298,6.521161033603805,6.6725222186847954
299,6.6725222186847954,7.000884574796358
300,7.000884574796358,7.417979970556862
301,7.417979970556862,7.654211943115835
302,7.654211943115835,7.557846921471167
303,7.557846921471167,7.232741539533415
304,7.232741539533415,6.889103993686396
305,6.889103993686396,6.674141847839345
306,6.674141847839345,6.651165643508307
307,6.651165643508307,6.795555468332909
308,6.795555468332909,6.954084728901671
309,6.954084728901671,6.953280825492326
310,6.953280825492326,6.829510750921498
311,6.829510750921498,6.832562335922004
312,6.832562335922004,7.117903606785748
313,7.117903606785748,7.531939959665333
314,7.531939959665333,7.76690975326909
315,7.76690975326909,7.647370079357962
316,7.647370079357962,7.234660259822047
317,7.234660259822047,6.7447260967594955
318,6.7447260967594955,6.421020290186536
319,6.421020290186536,3.554042994381059
320,3.554042994381059,3.7535412472323686
321,3.7535412472323686,4.082582420672987
322,4.082582420672987,4.423948694678356
323,4.423948694678356,4.671217452430643
324,4.671217452430643,4.771134639937037
325,4.771134639937037,4.710498824129236
326,4.710498824129236,4.505865855289372
327,4.505865855289372,4.22051624251949
328,4.22051624251949,3.9696889889774356
329,3.9696889889774356,3.9239450693411477
330,3.9239450693411477,4.275469073833234
331,4.275469073833234,5.08543211056726
332,5.08543211056726,6.118992226289153
333,6.118992226289153,6.935709010385303
334,6.935709010385303,7.229251701753432
335,7.229251701753432,7.037404703870958
336,7.037404703870958,6.6280103406409445
337,6.6280103406409445,6.285521518852005
338,6.285521518852005,6.17143234825147
339,6.17143234825147,6.223522111256875
340,6.223522111256875,6.175559429405773
341,6.175559429405773,5.799177722189068
342,5.799177722189068,5.144632685623128
343,5.144632685623128,4.482044518152978
344,4.482044518152978,4.0422077060984245
345,4.0422077060984245,3.8925268406554228
346,3.8925268406554228,4.025177282835816
347,4.025177282835816,4.437797953175742
348,4.437797953175742,5.066307878866888
349,5.066307878866888,5.715992942209349
350,5.715992942209349,6.164194169378417
351,6.164194169378417,6.331495050235225
352,6.331495050235225,6.294143687597477
353,6.294143687597477,6.150324877351867
354,6.150324877351867,5.952346165363624
355,5.952346165363624,5.748404133273409
356,5.748404133273409,5.590317021566997
357,5.590317021566997,5.493315892810845
358,5.493315892810845,5.46250222903847
359,5.46250222903847,5.554872768897896
360,5.554872768897896,5.831866133918327
361,5.831866133918327,6.273640799769636
362,6.273640799769636,6.8365235839530065
363,6.8365235839530065,7.5853750835511295
364,7.5853750835511295,8.633107276372382
365,8.633107276372382,9.87194025932778
366,9.87194025932778,10.809044847606796
367,10.809044847606796,10.818458121716303
368,10.818458121716303,9.711738604340628
369,9.711738604340628,8.010761888878061
370,8.010761888878061,6.505575423443833
371,6.505575423443833,5.592359116873781
372,5.592359116873781,5.14959209978907
373,5.14959209978907,4.917218554321596
374,4.917218554321596,4.777157577663074
375,4.777157577663074,4.6909987594104425
376,4.6909987594104425,4.576697819279549
377,4.576697819279549,4.371851099297295
378,4.371851099297295,4.148460645956349
379,4.148460645956349,4.071363227462478
380,4.071363227462478,4.231267431688685
381,4.231267431688685,4.541228514012323
382,4.541228514012323,4.7864356167646065
383,4.7864356167646065,2.9050211356489863
384,2.9050211356489863,3.0897570883010697
385,3.0897570883010697,3.473579554649349
386,3.473579554649349,4.034713388651705
387,4.034713388651705,4.665142523562035
388,4.665142523562035,5.21425301744968
389,5.21425301744968,5.594532631829187
390,5.594532631829187,5.816462457695518
391,5.816462457695518,5.9284608916507775
392,5.9284608916507775,5.967271181616125
393,5.967271181616125,5.979518430314991
394,5.979518430314991,6.0543099537634095
395,6.0543099537634095,6.282927314646299
396,6.282927314646299,6.658738199121446
397,6.658738199121446,7.040535561527615
398,7.040535561527615,7.2577838631093154
399,7.2577838631093154,7.248700135147384
400,7.248700135147384,7.0652995676339625
401,7.0652995676339625,6.775372965509626
402,6.775372965509626,6.410500493309821
403,6.410500493309821,5.990034647833061
404,5.990034647833061,5.538432711948197
405,5.538432711948197,5.0712100677158505
406,5.0712100677158505,4.606508893730483
407,4.606508893730483,4.206582261654651
408,4.206582261654651,3.9802005570509595
409,3.9802005570509595,4.015992737820623
410,4.015992737820623,4.3083085194375546
411,4.3083085194375546,4.76448778016437
412,4.76448778016437,5.296702699079904
413,5.296702699079904,5.94182466299177
414,5.94182466299177,6.873871704980571
415,6.873871704980571,8.187262270439948
416,8.187262270439948,9.58886855853366
417,9.58886855853366,10.41936352360495
418,10.41936352360495,10.142187566533412
419,10.142187566533412,8.81409306205453
420,8.81409306205453,7.03379134502722
421,7.03379134502722,5.518022886113716
422,5.518022886113716,4.758160892301321
423,4.758160892301321,4.888938738970589
424,4.888938738970589,5.661379263890374
425,5.661379263890374,6.536574768674546
426,6.536574768674546,6.979962417595106
427,6.979962417595106,6.789818561732163
428,6.789818561732163,6.164657022444599
429,6.164657022444599,5.495802173989333
430,5.495802173989333,5.106252367009591
431,5.106252367009591,5.097876991636648
432,5.097876991636648,5.325461501558537
433,5.325461501558537,5.489068100757487
434,5.489068100757487,5.327818665762737
435,5.327818665762737,4.823755130020866
436,4.823755130020866,4.234821653634759
437,4.234821653634759,3.8783197782378265
438,3.8783197782378265,3.8566816439260085
439,3.8566816439260085,4.022917138284159
440,4.022917138284159,4.212338423961059
441,4.212338423961059,4.445678141367523
442,4.445678141367523,4.856811742320788
443,4.856811742320788,5.449274767215914
444,5.449274767215914,6.018430073017964
445,6.018430073017964,6.357990068933303
446,6.357990068933303,6.468562994743496
447,6.468562994743496,3.947798694323829
448,3.947798694323829,3.9658417472024965
449,3.9658417472024965,4.009718492210906
450,4.009718492210906,4.155922017892206
451,4.155922017892206,4.513281008113191
452,4.513281008113191,5.042469404517464
453,5.042469404517464,5.476613084310435
454,5.476613084310435,5.543635241791984
455,5.543635241791984,5.23816015299106
456,5.23816015299106,4.782863416562293
457,4.782863416562293,4.3956592795337
458,4.3956592795337,4.196170632589316
459,4.196170632589316,4.244867408874565
460,4.244867408874565,4.5196597215443965
461,4.5196597215443965,4.868800250201828
462,4.868800250201828,5.082041332363203
463,5.082041332363203,5.037831036428928
464,5.037831036428928,4.767648820139328
465,4.767648820139328,4.3905443794808265
466,4.3905443794808265,4.032189908658455
467,4.032189908658455,3.8331638560880847
468,3.8331638560880847,3.9909993989591053
469,3.9909993989591053,4.678919714073872
470,4.678919714073872,5.832868762095421
471,5.832868762095421,7.045720256988702
472,7.045720256988702,7.788783137436946
473,7.788783137436946,7.802072334391806
474,7.802072334391806,7.245356416849425
475,7.245356416849425,6.492617281102426
476,6.492617281102426,5.858841950695797
477,5.858841950695797,5.500094532630076
478,5.500094532630076,5.425191678543511
479,5.425191678543511,5.593022268551975
480,5.593022268551975,6.112787548961597
481,6.112787548961597,7.448214500196803
482,7.448214500196803,10.238211380132572
483,10.238211380132572,14.451575433554108
484,14.451575433554108,18.538093977411386
485,18.538093977411386,20.0432933898907
486,20.0432933898907,17.75616445862711
487,17.75616445862711,13.006856806715922
488,13.006856806715922,8.417752071812624
489,8.417752071812624,5.732496726122901
490,5.732496726122901,5.078754059599395
491,5.078754059599395,5.649938424404633
492,5.649938424404633,6.5297899768887255
493,6.5297899768887255,7.172569180363133
494,7.172569180363133,7.566079224668336
495,7.566079224668336,8.000140653997427
496,8.000140653997427,8.614599418547574
497,8.614599418547574,9.253335051466404
498,9.253335051466404,9.673835082883643
499,9.673835082883643,9.745788879875564
500,9.745788879875564,9.48068946863054
501,9.48068946863054,8.998785907711957
502,8.998785907711957,8.44846263875749
503,8.44846263875749,7.9018330635139264
504,7.9018330635139264,7.355225067674729
505,7.355225067674729,6.830218861042089
506,6.830218861042089,6.406171866410762
507,6.406171866410762,6.132028536979973
508,6.132028536979973,5.963086392622432
509,5.963086392622432,5.832079216448213
510,5.832079216448213,5.7425530296276355
511,5.7425530296276355,4.6997259839107155
512,4.6997259839107155,5.009514403437663
513,5.009514403437663,5.420535249737715
514,5.420535249737715,5.610439508594782
515,5.610439508594782,5.387336575322525
516,5.387336575322525,4.926445042929771
517,4.926445042929771,4.691384212557445
518,4.691384212557445,5.032607422014318
519,5.032607422014318,5.8583008385075495
520,5.8583008385075495,6.726758089370636
521,6.726758089370636,7.250898774665307
522,7.250898774665307,7.385060529408667
523,7.385060529408667,7.353538019297578
524,7.353538019297578,7.4012504508380585
525,7.4012504508380585,7.690091658836819
526,7.690091658836819,8.370207523173846
527,8.370207523173846,9.531776966225184
528,9.531776966225184,10.916991591918553
529,10.916991591918553,11.843768747460658
530,11.843768747460658,11.716761236409514
531,11.716761236409514,10.58390587406158
532,10.58390587406158,8.995895553291502
533,8.995895553291502,7.449800899206128
534,7.449800899206128,6.190902277656691
535,6.190902277656691,5.405143984049206
536,5.405143984049206,5.287491323918874
537,5.287491323918874,5.8567252583005684
538,5.8567252583005684,6.834303674248588
539,6.834303674248588,7.786586088477218
540,7.786586088477218,8.37636685387185
541,8.37636685387185,8.491470763512716
542,8.491470763512716,8.21544454267922
543,8.21544454267922,7.7416110741475865
544,7.7416110741475865,7.273578554876428
545,7.273578554876428,6.933046118807362
546,6.933046118807362,6.743800116435809
547,6.743800116435809,6.683254526262887
548,6.683254526262887,6.693737609515605
549,6.693737609515605,6.6451699822654575
550,6.6451699822654575,6.385380307317338
551,6.385380307317338,5.892652616530064
552,5.892652616530064,5.330729597629052
553,5.330729597629052,4.914074862334549
554,4.914074862334549,4.746396260016746
555,4.746396260016746,4.80035330580735
556,4.80035330580735,5.073481356908802
557,5.073481356908802,5.8066023540668095
558,5.8066023540668095,7.617729153021946
559,7.617729153021946,11.221868702020819
560,11.221868702020819,16.500264380404765
561,16.500264380404765,21.614295063876547
562,21.614295063876547,23.742603590908686
563,23.742603590908686,21.521891385766445
564,21.521891385766445,16.493971691055183
565,16.493971691055183,11.589633651384526
566,11.589633651384526,8.592883951041912
567,8.592883951041912,7.457292712839947
568,7.457292712839947,7.367299025716738
569,7.367299025716738,7.700189838954371
570,7.700189838954371,8.159964794450413
571,8.159964794450413,8.583047894235001
572,8.583047894235001,8.868193901018456
573,8.868193901018456,8.99700509760818
574,8.99700509760818,9.029290289819674
575,9.029290289819674,4.255252773141866
576,4.255252773141866,4.559614422895665
577,4.559614422895665,4.895855220087425
578,4.895855220087425,5.010394671879352
579,5.010394671879352,4.913359675994799
580,4.913359675994799,4.814747205062648
581,4.814747205062648,4.863778652500538
582,4.863778652500538,5.001951291656269
583,5.001951291656269,5.054610532350218
584,5.054610532350218,4.922408930165844
585,4.922408930165844,4.694939452867439
586,4.694939452867439,4.5989975007995465
587,4.5989975007995465,4.7979487937820915
588,4.7979487937820915,5.2057376991031905
589,5.2057376991031905,5.5329458801533455
590,5.5329458801533455,5.557865888636425
591,5.557865888636425,5.330589045951554
592,5.330589045951554,5.090478236803117
593,5.090478236803117,5.0160648404682675
594,5.0160648404682675,5.090694094736037
595,5.090694094736037,5.184175745385819
596,5.184175745385819,5.208701671680062
597,5.208701671680062,5.181987558650878
598,5.181987558650878,5.175743770337342
599,5.175743770337342,5.226457721033643
600,5.226457721033643,5.307525884763141
601,5.307525884763141,5.384598369339619
602,5.384598369339619,5.450406814923938
603,5.450406814923938,5.4735029220211775
604,5.4735029220211775,5.362578095682434
605,5.362578095682434,5.050201999893426
606,5.050201999893426,4.617969154407935
607,4.617969154407935,4.293268014246483
608,4.293268014246483,4.265154207308925
609,4.265154207308925,4.514925655894431
610,4.514925655894431,4.9062414772831175
611,4.9062414772831175,5.40467456820042
612,5.40467456820042,6.06323083523429
613,6.06323083523429,6.803390306569719
614,6.803390306569719,7.422861187389076
615,7.422861187389076,7.905672481784648
616,7.905672481784648,8.520908722457868
617,8.520908722457868,9.413733814567653
618,9.413733814567653,10.20642761803871
619,10.20642761803871,10.251204135913785
620,10.251204135913785,9.299382087085888
621,9.299382087085888,7.755003269274299
622,7.755003269274299,6.2675673112553705
623,6.2675673112553705,5.227427393914704
624,5.227427393914704,4.632146999186764
625,4.632146999186764,4.262172818162927
626,4.262172818162927,3.93721197531886
627,3.93721197531886,3.679277116365741
628,3.679277116365741,3.647430388077201
629,3.647430388077201,3.9198805211531473
630,3.9198805211531473,4.408354876185183
631,4.408354876185183,4.97875235787471
632,4.97875235787471,5.5459719200079665
633,5.5459719200079665,6.034193780602961
634,6.034193780602961,6.355254488749226
635,6.355254488749226,6.478325422875445
636,6.478325422875445,6.4660658085408445
637,6.4660658085408445,6.413275360883226
638,6.413275360883226,6.378523685088161
639,6.378523685088161,35.9505121148294
640,35.9505121148294,29.809706344279753
641,29.809706344279753,21.17349888028629
642,21.17349888028629,13.928982752620064
643,13.928982752620064,9.51299896798484
644,9.51299896798484,7.277236927023525
645,7.277236927023525,6.239947361369485
646,6.239947361369485,5.938172433902828
647,5.938172433902828,6.160582720913923
648,6.160582720913923,6.591220636079714
649,6.591220636079714,6.89721187216421
650,6.89721187216421,6.985600368688338
651,6.985600368688338,7.018525259547516
652,7.018525259547516,7.16965374511054
653,7.16965374511054,7.423186136671565
654,7.423186136671565,7.613366872649895
655,7.613366872649895,7.619109822457635
656,7.619109822457635,7.492919878429183
657,7.492919878429183,7.429115682830471
658,7.429115682830471,7.63754334241804
659,7.63754334241804,8.176555105694074
660,8.176555105694074,8.804920081484958
661,8.804920081484958,9.048764987779947
662,9.048764987779947,8.581267258741061
663,8.581267258741061,7.588982771863147
664,7.588982771863147,6.670349884777262
665,6.670349884777262,6.319421949033589
666,6.319421949033589,6.535829706326291
667,6.535829706326291,6.919914003990261
668,6.919914003990261,7.068943546913651
669,7.068943546913651,6.849895305580484
670,6.849895305580484,6.358165499707546
671,6.358165499707546,5.732396385972668
672,5.732396385972668,5.068319751760731
673,5.068319751760731,4.451931614779566
674,4.451931614779566,3.9889923234426625
675,3.9889923234426625,3.770311380239347
676,3.770311380239347,3.8232677662088856
677,3.8232677662088856,4.1016142778227405
678,4.1016142778227405,4.497735367216688
679,4.497735367216688,4.864909892026672
680,4.864909892026672,5.071950276048883
681,5.071950276048883,5.073311407176731
682,5.073311407176731,4.933594431282556
683,4.933594431282556,4.780656057337246
684,4.780656057337246,4.716800705881571
685,4.716800705881571,4.761973241926773
686,4.761973241926773,4.869017758709489
687,4.869017758709489,4.963747491508963
688,4.963747491508963,4.9607034113231085
689,4.9607034113231085,4.789431415496146
690,4.789431415496146,4.447963855275557
691,4.447963855275557,4.0085997954871955
692,4.0085997954871955,3.5689456248238063
693,3.5689456248238063,3.236365517628233
694,3.236365517628233,3.1339063783863796
695,3.1339063783863796,3.3497556821579604
696,3.3497556821579604,3.864505113505106
697,3.864505113505106,4.527014172767872
698,4.527014172767872,5.098838087733795
699,5.098838087733795,5.3733180614607425
700,5.3733180614607425,5.310520887530177
701,5.310520887530177,5.064344278007276
702,5.064344278007276,4.8640503377805135
