,Curvature_n,Curvature_n1
0,19.53342174535578,27.49047398047662
1,27.49047398047662,39.884138483655704
2,39.884138483655704,51.30652259916537
3,51.30652259916537,57.52229624351178
4,57.52229624351178,58.07751357534643
5,58.07751357534643,56.02937474552956
6,56.02937474552956,54.739015463795084
7,54.739015463795084,54.97192462207526
8,54.97192462207526,55.30471964545913
9,55.30471964545913,54.71198564214893
10,54.71198564214893,53.68559607132062
11,53.68559607132062,52.94332294476788
12,52.94332294476788,51.83073443341315
13,51.83073443341315,48.70585113586172
14,48.70585113586172,43.24154719140485
15,43.24154719140485,37.329377652232054
16,37.329377652232054,32.79873758884736
17,32.79873758884736,29.41441106235797
18,29.41441106235797,26.564366549875324
19,26.564366549875324,25.560516432141686
20,25.560516432141686,28.16306362436526
21,28.16306362436526,33.22020222146308
22,33.22020222146308,36.658696619205976
23,36.658696619205976,35.28766452911739
24,35.28766452911739,29.621652885572797
25,29.621652885572797,22.616006843770197
26,22.616006843770197,16.593379371112846
27,16.593379371112846,12.019593791660858
28,12.019593791660858,8.533204674700956
29,8.533204674700956,6.154128012163945
30,6.154128012163945,5.336681822041947
31,5.336681822041947,6.463429961241896
32,6.463429961241896,9.724171098879307
33,9.724171098879307,15.1032877117874
34,15.1032877117874,21.860575705596567
35,21.860575705596567,28.055569872726238
36,28.055569872726238,31.468321128787657
37,31.468321128787657,31.647554538491917
38,31.647554538491917,30.664603680399043
39,30.664603680399043,31.054027622483325
40,31.054027622483325,32.90191419841783
41,32.90191419841783,33.610447796660104
42,33.610447796660104,30.869085795301434
43,30.869085795301434,25.25314896222097
44,25.25314896222097,19.588957539909625
45,19.588957539909625,16.610894621061775
46,16.610894621061775,17.61563297539261
47,17.61563297539261,22.19915619209383
48,22.19915619209383,28.232028816291546
49,28.232028816291546,32.46121425229486
50,32.46121425229486,32.32170036823278
51,32.32170036823278,27.819161311310577
52,27.819161311310577,21.47223128009314
53,21.47223128009314,16.254049699108286
54,16.254049699108286,13.706048974198398
55,13.706048974198398,13.999691317035774
56,13.999691317035774,17.460548071059186
57,17.460548071059186,25.4500778712408
58,25.4500778712408,38.891753120454936
59,38.891753120454936,55.52191905400669
60,55.52191905400669,69.84136201604964
61,69.84136201604964,77.60605841538904
62,77.60605841538904,79.77414987595836
63,79.77414987595836,40.93944021550333
64,40.93944021550333,43.868167113779634
65,43.868167113779634,46.23899974309103
66,46.23899974309103,44.5624107005781
67,44.5624107005781,38.86597403225971
68,38.86597403225971,33.043912240078065
69,33.043912240078065,32.04541347120311
70,32.04541347120311,38.290877792050594
71,38.290877792050594,49.92623604688268
72,49.92623604688268,62.39982826230688
73,62.39982826230688,72.02620540370812
74,72.02620540370812,77.93313336877353
75,77.93313336877353,80.99345235177512
76,80.99345235177512,82.18798004488934
77,82.18798004488934,81.96875084770772
78,81.96875084770772,80.09101831721654
79,80.09101831721654,76.27496706928463
80,76.27496706928463,71.34264555190747
81,71.34264555190747,66.58485800388534
82,66.58485800388534,62.03530214053314
83,62.03530214053314,57.039821159806884
84,57.039821159806884,52.469202455226636
85,52.469202455226636,50.69901661474551
86,50.69901661474551,52.82233515575995
87,52.82233515575995,56.74836730619204
88,56.74836730619204,58.8005493808125
89,58.8005493808125,57.17719453839881
90,57.17719453839881,53.676076046698455
91,53.676076046698455,51.78978750597849
92,51.78978750597849,52.70398679469906
93,52.70398679469906,53.492525228667006
94,53.492525228667006,50.08027779088881
95,50.08027779088881,41.58634591956348
96,41.58634591956348,31.095999914092395
97,31.095999914092395,23.057863859341857
98,23.057863859341857,20.552074489615215
99,20.552074489615215,23.635973037429018
100,23.635973037429018,28.855106233284527
101,28.855106233284527,31.210445053022507
102,31.210445053022507,28.07171508701192
103,28.07171508701192,21.382236032028942
104,21.382236032028942,15.950366505986063
105,15.950366505986063,16.188127600762726
106,16.188127600762726,23.824194774547315
107,23.824194774547315,36.535373795572696
108,36.535373795572696,48.10911215063486
109,48.10911215063486,52.043866160674874
110,52.043866160674874,46.78913679709067
111,46.78913679709067,36.9165457103319
112,36.9165457103319,28.828728570786993
113,28.828728570786993,26.201582744300502
114,26.201582744300502,28.82259903369348
115,28.82259903369348,33.696239664952884
116,33.696239664952884,37.27427811205884
117,37.27427811205884,38.66485731002452
118,38.66485731002452,40.9643534018903
119,40.9643534018903,47.857285509878565
120,47.857285509878565,58.413761206774254
121,58.413761206774254,66.48064070259363
122,66.48064070259363,66.39545839189256
123,66.39545839189256,59.04573460582587
124,59.04573460582587,50.947329814250125
125,50.947329814250125,47.20165279809113
126,47.20165279809113,47.01618576314851
127,47.01618576314851,70.21583340275083
128,70.21583340275083,60.81994979761591
129,60.81994979761591,47.14200897035021
130,47.14200897035021,35.13743402563951
131,35.13743402563951,27.819079636928848
132,27.819079636928848,24.899225932189786
133,24.899225932189786,24.71350410277296
134,24.71350410277296,26.27192864459753
135,26.27192864459753,29.938571944602117
136,29.938571944602117,36.182479102795455
137,36.182479102795455,43.68441488770377
138,43.68441488770377,49.38970475041707
139,49.38970475041707,51.07682791058474
140,51.07682791058474,49.34399098329169
141,49.34399098329169,46.643957209536616
142,46.643957209536616,45.056842968987084
143,45.056842968987084,45.2766021874242
144,45.2766021874242,46.57879515462623
145,46.57879515462623,47.34344888317643
146,47.34344888317643,46.445724159750654
147,46.445724159750654,44.30241757239081
148,44.30241757239081,42.177993923644706
149,42.177993923644706,41.13409752080594
150,41.13409752080594,42.21591384585811
151,42.21591384585811,46.31041991605947
152,46.31041991605947,52.32139181679681
153,52.32139181679681,56.251588465412524
154,56.251588465412524,54.042801793853144
155,54.042801793853144,45.886957624244644
156,45.886957624244644,36.582172850339106
157,36.582172850339106,31.153014381061965
158,31.153014381061965,30.80019638754229
159,30.80019638754229,33.28403020350091
160,33.28403020350091,36.044945463902
161,36.044945463902,37.945368723148704
162,37.945368723148704,38.53602831702274
163,38.53602831702274,37.1861326407806
164,37.1861326407806,33.71379218302256
165,33.71379218302256,29.312729153406202
166,29.312729153406202,26.01153776211955
167,26.01153776211955,24.93326391473731
168,24.93326391473731,25.297861153324696
169,25.297861153324696,25.376338675975575
170,25.376338675975575,24.482378094971857
171,24.482378094971857,23.787108854621426
172,23.787108854621426,24.984315902546165
173,24.984315902546165,28.35789543224648
174,28.35789543224648,32.33134091039684
175,32.33134091039684,34.66662973493999
176,34.66662973493999,33.92535879591577
177,33.92535879591577,30.31885842558193
178,30.31885842558193,25.660697154222476
179,25.660697154222476,22.231778601978636
180,22.231778601978636,21.194607627415508
181,21.194607627415508,21.961243455416454
182,21.961243455416454,22.99768556396024
183,22.99768556396024,23.0549122271507
184,23.0549122271507,21.72799223523399
185,21.72799223523399,19.292660350126205
186,19.292660350126205,16.379307435393443
187,16.379307435393443,13.6857823612625
188,13.6857823612625,11.680864669807338
189,11.680864669807338,10.450567399664656
190,10.450567399664656,9.878167599484856
191,9.878167599484856,54.69883302130208
192,54.69883302130208,50.957236133967655
193,50.957236133967655,46.587083561816044
194,46.587083561816044,44.55015532647428
195,44.55015532647428,45.086668794814564
196,45.086668794814564,46.44262943933532
197,46.44262943933532,47.134068837609135
198,47.134068837609135,46.79443174297147
199,46.79443174297147,45.41437802935323
200,45.41437802935323,42.752644623746576
201,42.752644623746576,38.71743003265669
202,38.71743003265669,34.04565830414492
203,34.04565830414492,30.284263854719562
204,30.284263854719562,28.95279373476349
205,28.95279373476349,30.59801222676767
206,30.59801222676767,34.359794107713405
207,34.359794107713405,38.24948655476497
208,38.24948655476497,40.16101637974663
209,40.16101637974663,39.13451922965979
210,39.13451922965979,35.78941559110994
211,35.78941559110994,31.570179621533697
212,31.570179621533697,27.90911351499939
213,27.90911351499939,26.045305671262636
214,26.045305671262636,26.86661832528027
215,26.86661832528027,30.309125800660475
216,30.309125800660475,34.99760801945381
217,34.99760801945381,38.85109272907102
218,38.85109272907102,40.44540511849593
219,40.44540511849593,40.116145932090895
220,40.116145932090895,39.87899603261498
221,39.87899603261498,41.89868002478772
222,41.89868002478772,46.44741144441956
223,46.44741144441956,51.10007833695071
224,51.10007833695071,52.53722338793682
225,52.53722338793682,49.75213793176953
226,49.75213793176953,45.217784801784575
227,45.217784801784575,42.602134875595404
228,42.602134875595404,43.71104410230058
229,43.71104410230058,47.41023715368473
230,47.41023715368473,50.532063031691266
231,50.532063031691266,49.89882918221273
232,49.89882918221273,44.6134242316235
233,44.6134242316235,36.865942436722236
234,36.865942436722236,30.147983327617453
235,30.147983327617453,26.502021146658244
236,26.502021146658244,25.540072802908753
237,25.540072802908753,25.705975853291555
238,25.705975853291555,25.918823113152424
239,25.918823113152424,25.918124526699636
240,25.918124526699636,25.54411883040646
241,25.54411883040646,24.28194695530179
242,24.28194695530179,21.719331227356186
243,21.719331227356186,18.249598434658566
244,18.249598434658566,15.16501039025431
245,15.16501039025431,14.160655759438562
246,14.160655759438562,16.586524306180202
247,16.586524306180202,22.530362697316242
248,22.530362697316242,30.014149248357704
249,30.014149248357704,35.42305316917843
250,35.42305316917843,35.77647077435278
251,35.77647077435278,31.027601441120197
252,31.027601441120197,23.9324188559446
253,23.9324188559446,17.76004592297978
254,17.76004592297978,14.412382331755913
255,14.412382331755913,37.808938284447265
256,37.808938284447265,39.143981408713564
257,39.143981408713564,42.50491742734239
258,42.50491742734239,48.69935599941438
259,48.69935599941438,57.77962020097684
260,57.77962020097684,68.20442860800821
261,68.20442860800821,77.09497310241505
262,77.09497310241505,82.19203935128544
263,82.19203935128544,83.57439725084609
264,83.57439725084609,82.91455637102925
265,82.91455637102925,81.4907930897138
266,81.4907930897138,79.44390756092977
267,79.44390756092977,76.55182457313639
268,76.55182457313639,72.98456200558076
269,72.98456200558076,69.20657846031038
270,69.20657846031038,65.40423729061433
271,65.40423729061433,61.20258987725241
272,61.20258987725241,56.15491492699824
273,56.15491492699824,50.58871884086365
274,50.58871884086365,45.70088633240319
275,45.70088633240319,42.867279437216396
276,42.867279437216396,43.1652476747704
277,43.1652476747704,47.20294368974875
278,47.20294368974875,54.68019960174373
279,54.68019960174373,64.09616233484984
280,64.09616233484984,73.14202184755186
281,73.14202184755186,79.40557552297764
282,79.40557552297764,80.9639673015384
283,80.9639673015384,77.22785902577868
284,77.22785902577868,69.45994762292226
285,69.45994762292226,59.998150548133026
286,59.998150548133026,51.09323556338373
287,51.09323556338373,44.71852329797234
288,44.71852329797234,42.594154858507295
289,42.594154858507295,45.58431951036711
290,45.58431951036711,53.284874385901034
291,53.284874385901034,64.31003036303437
292,64.31003036303437,76.39295459184198
293,76.39295459184198,86.12590336974063
294,86.12590336974063,89.68427819557664
295,89.68427819557664,84.95210195927915
296,84.95210195927915,73.2648806657679
297,73.2648806657679,58.78714922859441
298,58.78714922859441,45.87312786998979
299,45.87312786998979,36.790900924047904
300,36.790900924047904,31.287746066668884
301,31.287746066668884,27.56946244033636
302,27.56946244033636,23.743356015791985
303,23.743356015791985,19.0171757621993
304,19.0171757621993,13.990600708413762
305,13.990600708413762,9.901848204378021
306,9.901848204378021,7.73676543898638
307,7.73676543898638,8.177612516776843
308,8.177612516776843,11.930231499048523
309,11.930231499048523,19.2799707026298
310,19.2799707026298,28.89511518224971
311,28.89511518224971,37.41368743931318
312,37.41368743931318,40.959480285112264
313,40.959480285112264,37.698703104332
314,37.698703104332,29.274114992704547
315,29.274114992704547,19.670434964925995
316,19.670434964925995,12.395835368931287
317,12.395835368931287,8.536947765095558
318,8.536947765095558,7.178656028897645
319,7.178656028897645,24.02068685254241
320,24.02068685254241,24.471529147174085
321,24.471529147174085,25.175923500698858
322,25.175923500698858,26.11963382730203
323,26.11963382730203,27.518285961751456
324,27.518285961751456,29.741651963681615
325,29.741651963681615,33.296141689359075
326,33.296141689359075,37.93644852793646
327,37.93644852793646,41.39162953886236
328,41.39162953886236,40.399941395549234
329,40.399941395549234,34.08787951564776
330,34.08787951564776,25.378905685926227
331,25.378905685926227,18.245307613214887
332,18.245307613214887,14.495191765528869
333,14.495191765528869,13.69364440822233
334,13.69364440822233,14.871942889346048
335,14.871942889346048,17.283048111249393
336,17.283048111249393,20.212874231507644
337,20.212874231507644,23.317957918514708
338,23.317957918514708,27.160805432083663
339,27.160805432083663,32.36930917183382
340,32.36930917183382,37.92787554255283
341,37.92787554255283,41.343138656090666
342,41.343138656090666,41.61123417990143
343,41.61123417990143,41.21001335051136
344,41.21001335051136,43.628900508482
345,43.628900508482,49.10065005267673
346,49.10065005267673,54.07311076788241
347,54.07311076788241,54.86210569737524
348,54.86210569737524,50.51272245820155
349,50.51272245820155,42.20951287555027
350,42.20951287555027,31.88627254173064
351,31.88627254173064,21.973724042592938
352,21.973724042592938,14.875156314863462
353,14.875156314863462,11.722490960463523
354,11.722490960463523,11.890560387586415
355,11.890560387586415,13.729115941764533
356,13.729115941764533,15.458338200463224
357,15.458338200463224,15.717202984893692
358,15.717202984893692,14.145107273182202
359,14.145107273182202,11.745314698684638
360,11.745314698684638,10.351697817372697
361,10.351697817372697,11.356918677814878
362,11.356918677814878,14.69619581622846
363,14.69619581622846,18.80132372910463
364,18.80132372910463,21.67013815286004
365,21.67013815286004,22.71631149733681
366,22.71631149733681,23.99201154844036
367,23.99201154844036,29.00219916293502
368,29.00219916293502,39.41000794879055
369,39.41000794879055,52.66255224304799
370,52.66255224304799,63.43125787923536
371,63.43125787923536,67.9126376171341
372,67.9126376171341,66.35820665564842
373,66.35820665564842,61.16143507964679
374,61.16143507964679,53.908995972043606
375,53.908995972043606,45.83511731948485
376,45.83511731948485,39.87604647561477
377,39.87604647561477,39.33646743830819
378,39.33646743830819,43.71618860513702
379,43.71618860513702,47.674252137759694
380,47.674252137759694,45.854155118324925
381,45.854155118324925,38.62153120853752
382,38.62153120853752,32.0589447011595
383,32.0589447011595,120.19530877134972
384,120.19530877134972,107.90479580177498
385,107.90479580177498,88.95480526262875
386,88.95480526262875,70.80120880761652
387,70.80120880761652,57.55396425682359
388,57.55396425682359,48.12159732943301
389,48.12159732943301,39.51035341748065
390,39.51035341748065,30.817645108411185
391,30.817645108411185,23.356553079602904
392,23.356553079602904,18.308056026194393
393,18.308056026194393,15.647308795863163
394,15.647308795863163,14.881138368754657
395,14.881138368754657,15.79038842212541
396,15.79038842212541,18.126549010308963
397,18.126549010308963,20.918214970940326
398,20.918214970940326,22.82889927430466
399,22.82889927430466,23.63723549099056
400,23.63723549099056,24.867271739194226
401,24.867271739194226,28.030375412113678
402,28.030375412113678,32.18377139970444
403,32.18377139970444,34.16616747025627
404,34.16616747025627,31.91753381112612
405,31.91753381112612,27.02857327931686
406,27.02857327931686,23.32760753065774
407,23.32760753065774,23.222677063612995
408,23.222677063612995,25.779932905936157
409,25.779932905936157,28.02533447346196
410,28.02533447346196,27.728847267822104
411,27.728847267822104,24.902930159924082
412,24.902930159924082,21.05049470254908
413,21.05049470254908,17.773751333206246
414,17.773751333206246,16.26398196207013
415,16.26398196207013,17.312005550231458
416,17.312005550231458,21.11698874335754
417,21.11698874335754,27.12413144703305
418,27.12413144703305,34.138284837872675
419,34.138284837872675,40.53997551606497
420,40.53997551606497,44.677957102435414
421,44.677957102435414,45.66276461257124
422,45.66276461257124,44.51175402190498
423,44.51175402190498,44.342623176368214
424,44.342623176368214,48.04285272216498
425,48.04285272216498,54.86125103543164
426,54.86125103543164,60.296319812047095
427,60.296319812047095,60.3159690233458
428,60.3159690233458,55.362731879158204
429,55.362731879158204,49.83737451745715
430,49.83737451745715,48.08122981298693
431,48.08122981298693,50.94064115681547
432,50.94064115681547,55.5042439897355
433,55.5042439897355,57.491463338456285
434,57.491463338456285,54.175804317631474
435,54.175804317631474,46.05454119904891
436,46.05454119904891,36.13475229417274
437,36.13475229417274,27.528151470691437
438,27.528151470691437,22.14436179021893
439,22.14436179021893,21.508190782885976
440,21.508190782885976,27.251006069315192
441,27.251006069315192,39.440614255772815
442,39.440614255772815,54.676278215646875
443,54.676278215646875,67.10558465128956
444,67.10558465128956,72.53537640136057
445,72.53537640136057,71.68060724403125
446,71.68060724403125,69.16393315633289
447,69.16393315633289,58.8599922143367
448,58.8599922143367,60.83104591615557
449,60.83104591615557,62.06072380840284
450,62.06072380840284,60.04524645707736
451,60.04524645707736,54.773245643933684
452,54.773245643933684,47.81754021471656
453,47.81754021471656,40.329729842388154
454,40.329729842388154,32.990105856705746
455,32.990105856705746,27.10591912813207
456,27.10591912813207,24.452333935153256
457,24.452333935153256,25.90038534535182
458,25.90038534535182,30.624082566900526
459,30.624082566900526,36.59900551168357
460,36.59900551168357,41.842014290210585
461,41.842014290210585,45.469490674763406
462,45.469490674763406,47.71017808371272
463,47.71017808371272,49.0048998973202
464,49.0048998973202,49.53220969088153
465,49.53220969088153,50.00004278924101
466,50.00004278924101,52.26177938931937
467,52.26177938931937,57.67719864433353
468,57.67719864433353,64.57270563502115
469,64.57270563502115,68.86439377277247
470,68.86439377277247,68.21207614088323
471,68.21207614088323,64.90572716221631
472,64.90572716221631,64.01985352429614
473,64.01985352429614,68.67977731714583
474,68.67977731714583,77.02797426921228
475,77.02797426921228,83.79333209383464
476,83.79333209383464,84.84573236184124
477,84.84573236184124,79.97161242973766
478,79.97161242973766,71.62931411621024
479,71.62931411621024,62.17655502509167
480,62.17655502509167,52.74159631039389
481,52.74159631039389,43.94254634205454
482,43.94254634205454,36.86802352066488
483,36.86802352066488,33.12756062775673
484,33.12756062775673,33.78341765887614
485,33.78341765887614,38.066699638467995
486,38.066699638467995,43.34625197040896
487,43.34625197040896,46.80886263279988
488,46.80886263279988,47.63953185223156
489,47.63953185223156,47.47304152219688
490,47.47304152219688,48.25659041635363
491,48.25659041635363,49.83253644027
492,49.83253644027,50.26105124151722
493,50.26105124151722,48.329333325911975
494,48.329333325911975,44.981019516635335
495,44.981019516635335,42.34014510999242
496,42.34014510999242,41.949962294721345
497,41.949962294721345,43.929379930709764
498,43.929379930709764,47.524365990406984
499,47.524365990406984,52.06824223381034
500,52.06824223381034,57.200421940409406
501,57.200421940409406,62.30665407504599
502,62.30665407504599,66.10283462840985
503,66.10283462840985,67.22045969329079
504,67.22045969329079,65.81087754702783
505,65.81087754702783,64.29193124586965
506,64.29193124586965,65.60126156629512
507,65.60126156629512,70.70653722702801
508,70.70653722702801,78.24629480153189
509,78.24629480153189,85.77851598691845
510,85.77851598691845,90.58043962154998
511,90.58043962154998,53.61889335876764
512,53.61889335876764,47.011822588543325
513,47.011822588543325,37.801637573395006
514,37.801637573395006,30.41044465228894
515,30.41044465228894,26.908545039509132
516,26.908545039509132,27.48805716942455
517,27.48805716942455,31.785434706806544
518,31.785434706806544,38.71754190054055
519,38.71754190054055,46.22169615211494
520,46.22169615211494,52.52456474330326
521,52.52456474330326,57.257372889303994
522,57.257372889303994,60.72526854583751
523,60.72526854583751,62.93777428713139
524,62.93777428713139,63.882656315332895
525,63.882656315332895,63.81670989997337
526,63.81670989997337,62.983371725740724
527,62.983371725740724,61.94107644112607
528,61.94107644112607,61.97946669193179
529,61.97946669193179,64.00490721653854
530,64.00490721653854,66.82960704084527
531,66.82960704084527,67.70977230623335
532,67.70977230623335,65.09659299463964
533,65.09659299463964,60.15513931337851
534,60.15513931337851,55.26396036785174
535,55.26396036785174,51.89612679785694
536,51.89612679785694,50.41325585255077
537,50.41325585255077,50.990988684713194
538,50.990988684713194,53.63867637452363
539,53.63867637452363,57.328580303039104
540,57.328580303039104,60.182021022322004
541,60.182021022322004,61.32392923781755
542,61.32392923781755,62.19821272968554
543,62.19821272968554,65.33295502244954
544,65.33295502244954,71.69586602632198
545,71.69586602632198,79.48666262788385
546,79.48666262788385,85.61726011867428
547,85.61726011867428,88.18720289264407
548,88.18720289264407,87.05265033793265
549,87.05265033793265,82.54035454971611
550,82.54035454971611,75.0028689608245
551,75.0028689608245,65.68852837939016
552,65.68852837939016,56.67603395699205
553,56.67603395699205,49.68097476095524
554,49.68097476095524,45.63431441894482
555,45.63431441894482,45.101775548814885
556,45.101775548814885,48.060058536041744
557,48.060058536041744,53.13484784087878
558,53.13484784087878,57.84516409967246
559,57.84516409967246,60.296029080128655
560,60.296029080128655,60.55069202196694
561,60.55069202196694,60.09765728816702
562,60.09765728816702,60.31319396437015
563,60.31319396437015,61.86545270129052
564,61.86545270129052,65.18534401284504
565,65.18534401284504,70.74974339659641
566,70.74974339659641,78.25051833375261
567,78.25051833375261,85.40230818107818
568,85.40230818107818,88.58105438119341
569,88.58105438119341,85.9367434026531
570,85.9367434026531,79.7990719379874
571,79.7990719379874,75.15337048212972
572,75.15337048212972,75.49373728733848
573,75.49373728733848,79.9851368470664
574,79.9851368470664,84.25660816504006
575,84.25660816504006,58.24441604059788
576,58.24441604059788,50.205822984164264
577,50.205822984164264,38.15188199721715
578,38.15188199721715,27.706275952754837
579,27.706275952754837,23.12064201364136
580,23.12064201364136,25.621763613581468
581,25.621763613581468,33.348363549322904
582,33.348363549322904,42.48792446394483
583,42.48792446394483,49.38553581696627
584,49.38553581696627,52.462417304336114
585,52.462417304336114,52.364600214818125
586,52.364600214818125,50.83238281961093
587,50.83238281961093,49.869525911231946
588,49.869525911231946,51.13255936657095
589,51.13255936657095,55.072923752739165
590,55.072923752739165,60.87671502286863
591,60.87671502286863,67.47598616880235
592,67.47598616880235,74.08421709568916
593,74.08421709568916,79.78853505607978
594,79.78853505607978,83.27381820663305
595,83.27381820663305,82.92637542295418
596,82.92637542295418,77.40660042746688
597,77.40660042746688,67.16888959972098
598,67.16888959972098,55.49373131736604
599,55.49373131736604,46.80335717969355
600,46.80335717969355,43.56468416569983
601,43.56468416569983,45.07953337657098
602,45.07953337657098,48.66784805200392
603,48.66784805200392,51.46218696273192
604,51.46218696273192,52.06117840366143
605,52.06117840366143,51.405034462322334
606,51.405034462322334,51.674028744247835
607,51.674028744247835,53.98770839043628
608,53.98770839043628,57.62755250936576
609,57.62755250936576,61.11585905311428
610,61.11585905311428,63.16941444435163
611,63.16941444435163,62.98571605715957
612,62.98571605715957,60.484589831137626
613,60.484589831137626,56.35115149018659
614,56.35115149018659,51.78628276736476
615,51.78628276736476,48.23813938676097
616,48.23813938676097,46.93551744579145
617,46.93551744579145,48.18706161482255
618,48.18706161482255,51.07760405952415
619,51.07760405952415,53.826920897591776
620,53.826920897591776,54.64826138478464
621,54.64826138478464,52.92685643670457
622,52.92685643670457,50.015235713597846
623,50.015235713597846,48.291762890683216
624,48.291762890683216,48.97200000177736
625,48.97200000177736,51.00371217066298
626,51.00371217066298,52.2460695472437
627,52.2460695472437,51.427899372083516
628,51.427899372083516,49.00183371182734
629,49.00183371182734,46.564013274631634
630,46.564013274631634,45.48448561359462
631,45.48448561359462,45.649509599396765
632,45.649509599396765,45.371392662444855
633,45.371392662444855,42.82634604743113
634,42.82634604743113,37.83983461326079
635,37.83983461326079,32.27363791758538
636,32.27363791758538,28.56620105350066
637,28.56620105350066,27.613409370434212
638,27.613409370434212,28.067049260762694
639,28.067049260762694,56.592402197517906
640,56.592402197517906,60.27361377036165
641,60.27361377036165,65.94169767460735
642,65.94169767460735,70.26729886521494
643,70.26729886521494,69.36483955030423
644,69.36483955030423,61.195070222641746
645,61.195070222641746,47.399373381259274
646,47.399373381259274,32.40907047221076
647,32.40907047221076,20.517170196949515
648,20.517170196949515,13.603941806081417
649,13.603941806081417,11.017255977721726
650,11.017255977721726,10.887262277115868
651,10.887262277115868,11.54785081049014
652,11.54785081049014,12.391990941368906
653,12.391990941368906,13.862736065639435
654,13.862736065639435,16.62504667478364
655,16.62504667478364,20.745077926418016
656,20.745077926418016,25.804395796569942
657,25.804395796569942,31.600434847394
658,31.600434847394,38.10889175190878
659,38.10889175190878,44.531526840706675
660,44.531526840706675,48.95169394019481
661,48.95169394019481,49.64497047270639
662,49.64497047270639,46.753282712673666
663,46.753282712673666,42.288478892764644
664,42.288478892764644,38.4746921583545
665,38.4746921583545,36.25484840794081
666,36.25484840794081,35.14993269237391
667,35.14993269237391,34.381216720691455
668,34.381216720691455,34.08698016584044
669,34.08698016584044,34.93096017701488
670,34.93096017701488,36.32849207957972
671,36.32849207957972,36.10817527319128
672,36.10817527319128,32.79729302369418
673,32.79729302369418,27.52215853319034
674,27.52215853319034,22.873762398549403
675,22.873762398549403,20.38442983846512
676,20.38442983846512,19.599618803632584
677,19.599618803632584,19.118256377776838
678,19.118256377776838,18.02165965309034
679,18.02165965309034,16.50915906459459
680,16.50915906459459,15.673079944167931
681,15.673079944167931,16.77308894156112
682,16.77308894156112,20.246019558172893
683,20.246019558172893,24.877276265657894
684,24.877276265657894,28.099373297620595
685,28.099373297620595,27.7777981374281
686,27.7777981374281,23.916031121509555
687,23.916031121509555,18.483990542451817
688,18.483990542451817,13.878838606621851
689,13.878838606621851,11.649226907483806
690,11.649226907483806,12.038984065952725
691,12.038984065952725,14.096389549889464
692,14.096389549889464,16.325943320366157
693,16.325943320366157,17.7230937409497
694,17.7230937409497,18.43537862765796
695,18.43537862765796,19.628266553532967
696,19.628266553532967,22.728530439643805
697,22.728530439643805,28.127329025397717
698,28.127329025397717,34.00550052444595
699,34.00550052444595,37.032753216090086
700,37.032753216090086,35.30384370983954
701,35.30384370983954,30.485683534567976
702,30.485683534567976,26.547536081542596
