,Curvature_n,Curvature_n1
0,89.45865977566018,89.33180387239643
1,89.33180387239643,88.68885991752711
2,88.68885991752711,87.0717829566539
3,87.0717829566539,84.46075094404766
4,84.46075094404766,81.49215923454243
5,81.49215923454243,79.0262140609828
6,79.0262140609828,77.45125023101724
7,77.45125023101724,76.3940965566577
8,76.3940965566577,74.97873593068634
9,74.97873593068634,72.29669997878533
10,72.29669997878533,67.82790335980101
11,67.82790335980101,61.80180337752428
12,61.80180337752428,55.3292227203624
13,55.3292227203624,49.99334389243665
14,49.99334389243665,46.95750699421531
15,46.95750699421531,46.48937021261847
16,46.48937021261847,48.43585265910715
17,48.43585265910715,52.53744878545911
18,52.53744878545911,57.76774090937087
19,57.76774090937087,62.15753254618197
20,62.15753254618197,64.06271363430125
21,64.06271363430125,63.472526621431214
22,63.472526621431214,61.99285668876627
23,61.99285668876627,61.73156452897874
24,61.73156452897874,64.0003276966026
25,64.0003276966026,68.7390308268216
26,68.7390308268216,74.88685005825066
27,74.88685005825066,80.97967830994736
28,80.97967830994736,85.32570001637256
29,85.32570001637256,86.1180652566451
30,86.1180652566451,82.21658138289285
31,82.21658138289285,74.4218388499022
32,74.4218388499022,65.78460057583655
33,65.78460057583655,59.97905315558326
34,59.97905315558326,58.91078194198896
35,58.91078194198896,61.77154348798099
36,61.77154348798099,66.12015384381533
37,66.12015384381533,69.48681497131811
38,69.48681497131811,70.14435228459851
39,70.14435228459851,67.36051284482619
40,67.36051284482619,61.7691414357992
41,61.7691414357992,55.31936029579076
42,55.31936029579076,50.19547518641323
43,50.19547518641323,47.53296810321987
44,47.53296810321987,47.072817430400356
45,47.072817430400356,47.75784907836699
46,47.75784907836699,48.57452766921165
47,48.57452766921165,49.047433772008304
48,49.047433772008304,49.15546703336243
49,49.15546703336243,48.83390313510717
50,48.83390313510717,47.515099964111364
51,47.515099964111364,44.3584582374374
52,44.3584582374374,39.22494139214743
53,39.22494139214743,33.348923866616246
54,33.348923866616246,28.76582426025212
55,28.76582426025212,26.924624187854732
56,26.924624187854732,27.81403541527655
57,27.81403541527655,30.44311494996858
58,30.44311494996858,34.03258794899493
59,34.03258794899493,38.45913750337277
60,38.45913750337277,43.55406199573154
61,43.55406199573154,48.356636679052514
62,48.356636679052514,51.335743110317296
63,51.335743110317296,48.10009289909409
64,48.10009289909409,46.871928911393475
65,46.871928911393475,45.52849984623339
66,45.52849984623339,45.32622312002175
67,45.32622312002175,46.45779926701873
68,46.45779926701873,47.53899845511823
69,47.53899845511823,46.54506054913625
70,46.54506054913625,42.829102895955955
71,42.829102895955955,38.16600635425197
72,38.16600635425197,35.18995715042241
73,35.18995715042241,34.77711360849494
74,34.77711360849494,35.4207816359272
75,35.4207816359272,35.09606803198278
76,35.09606803198278,33.253232987692655
77,33.253232987692655,31.024838292497602
78,31.024838292497602,29.940117580067543
79,29.940117580067543,30.623946043416534
80,30.623946043416534,32.56215567556641
81,32.56215567556641,34.913730666812356
82,34.913730666812356,37.28073945547935
83,37.28073945547935,39.54883433640186
84,39.54883433640186,41.38632726221906
85,41.38632726221906,42.414892063840355
86,42.414892063840355,42.81702098811569
87,42.81702098811569,43.491326915422206
88,43.491326915422206,45.56889948081587
89,45.56889948081587,49.5744176853335
90,49.5744176853335,54.64577342903442
91,54.64577342903442,58.70960556497356
92,58.70960556497356,59.97139413378059
93,59.97139413378059,58.40584018679226
94,58.40584018679226,55.76308576796495
95,55.76308576796495,54.17740401059519
96,54.17740401059519,54.49729555707718
97,54.49729555707718,55.69924378748915
98,55.69924378748915,55.99307087527655
99,55.99307087527655,54.51619492062541
100,54.51619492062541,51.77587318732499
101,51.77587318732499,48.674567834283984
102,48.674567834283984,45.69909403316458
103,45.69909403316458,43.165595699748025
104,43.165595699748025,41.705228343485786
105,41.705228343485786,41.94198102559148
106,41.94198102559148,43.70443491575901
107,43.70443491575901,45.97236812013496
108,45.97236812013496,47.67789573354875
109,47.67789573354875,48.26764915068513
110,48.26764915068513,47.72277584322599
111,47.72277584322599,46.55241261073907
112,46.55241261073907,45.53526481509129
113,45.53526481509129,45.1172209992564
114,45.1172209992564,45.30870318643362
115,45.30870318643362,46.36176380205616
116,46.36176380205616,48.9513726505198
117,48.9513726505198,53.21344549837125
118,53.21344549837125,57.885955069402584
119,57.885955069402584,61.20275288555023
120,61.20275288555023,62.853793977729964
121,62.853793977729964,64.22902529301925
122,64.22902529301925,66.17096859149463
123,66.17096859149463,67.42960275477465
124,67.42960275477465,66.3448498135492
125,66.3448498135492,63.33787241638313
126,63.33787241638313,60.794967454211985
127,60.794967454211985,86.46430503924043
128,86.46430503924043,80.07955074743738
129,80.07955074743738,71.00407949387635
130,71.00407949387635,63.192791437810904
131,63.192791437810904,58.17434820358618
132,58.17434820358618,55.129535444030026
133,55.129535444030026,52.20104946126262
134,52.20104946126262,47.896558457127355
135,47.896558457127355,42.41855602948903
136,42.41855602948903,37.85445890123253
137,37.85445890123253,36.51429194645399
138,36.51429194645399,38.82919037468881
139,38.82919037468881,43.00000254961624
140,43.00000254961624,46.738400593007306
141,46.738400593007306,49.31655336047375
142,49.31655336047375,51.81096484938951
143,51.81096484938951,55.26168589807425
144,55.26168589807425,58.756947235282055
145,58.756947235282055,59.8168365861374
146,59.8168365861374,56.85579058839733
147,56.85579058839733,50.83937687350756
148,50.83937687350756,44.288384485766905
149,44.288384485766905,39.05810657983865
150,39.05810657983865,35.37520733390167
151,35.37520733390167,32.67359812264641
152,32.67359812264641,30.846493807545208
153,30.846493807545208,30.533292650406285
154,30.533292650406285,32.232659947396684
155,32.232659947396684,35.20922541909921
156,35.20922541909921,37.71671294316017
157,37.71671294316017,38.772945559816655
158,38.772945559816655,39.11871138070455
159,39.11871138070455,39.74264740440963
160,39.74264740440963,40.17881207693956
161,40.17881207693956,39.32122892590682
162,39.32122892590682,37.389504510330475
163,37.389504510330475,35.94663687220611
164,35.94663687220611,36.05607623521188
165,36.05607623521188,37.291286596480546
166,37.291286596480546,38.834764683683005
167,38.834764683683005,40.90916250582117
168,40.90916250582117,44.29448872013566
169,44.29448872013566,48.42842235845073
170,48.42842235845073,50.882957648554346
171,50.882957648554346,49.375495644966314
172,49.375495644966314,44.180392117350934
173,44.180392117350934,38.210773322652024
174,38.210773322652024,34.560852771429616
175,34.560852771429616,33.95965643625736
176,33.95965643625736,34.64175319913186
177,34.64175319913186,34.50736919241472
178,34.50736919241472,32.97646128137204
179,32.97646128137204,30.888375083166977
180,30.888375083166977,29.486080107951267
181,29.486080107951267,29.822139141742362
182,29.822139141742362,32.365581140671424
183,32.365581140671424,36.465612506957086
184,36.465612506957086,40.399264874047766
185,40.399264874047766,42.4805747967893
186,42.4805747967893,42.276859742141745
187,42.276859742141745,40.68429053982126
188,40.68429053982126,38.93179391005165
189,38.93179391005165,37.707280480976806
190,37.707280480976806,37.12404371540138
191,37.12404371540138,47.584756388136455
192,47.584756388136455,45.246811542034536
193,45.246811542034536,41.094659732180716
194,41.094659732180716,36.22678059094507
195,36.22678059094507,32.14776397807866
196,32.14776397807866,30.279343824596587
197,30.279343824596587,31.331404823858836
198,31.331404823858836,34.81597562546465
199,34.81597562546465,39.058766188903924
200,39.058766188903924,42.139342680493336
201,42.139342680493336,43.427921019128114
202,43.427921019128114,44.295763598781576
203,44.295763598781576,46.910683730716016
204,46.910683730716016,52.03702428652516
205,52.03702428652516,57.98248740011141
206,57.98248740011141,61.77523213513585
207,61.77523213513585,61.524480615574234
208,61.524480615574234,57.92780159269826
209,57.92780159269826,53.6056318501828
210,53.6056318501828,50.77855311268871
211,50.77855311268871,49.540998985940305
212,49.540998985940305,48.411824207635775
213,48.411824207635775,46.253320535256805
214,46.253320535256805,43.383403535333905
215,43.383403535333905,41.11234670563591
216,41.11234670563591,40.611530165800374
217,40.611530165800374,42.06169028083111
218,42.06169028083111,44.58801921522361
219,44.58801921522361,46.91213764996539
220,46.91213764996539,48.04222633263083
221,48.04222633263083,47.47804539395934
222,47.47804539395934,45.14077675073382
223,45.14077675073382,41.22354737579559
224,41.22354737579559,36.01085607106044
225,36.01085607106044,29.970111890353238
226,29.970111890353238,24.034048861999214
227,24.034048861999214,19.450517817064732
228,19.450517817064732,17.10926013727189
229,17.10926013727189,17.102154395911278
230,17.102154395911278,18.891868808791585
231,18.891868808791585,21.683277872990104
232,21.683277872990104,24.58918508598113
233,24.58918508598113,26.659388263416403
234,26.659388263416403,27.1629918752638
235,27.1629918752638,26.11128448144489
236,26.11128448144489,24.403678670821627
237,24.403678670821627,23.25186417426119
238,23.25186417426119,23.397054168011383
239,23.397054168011383,24.742869805100668
240,24.742869805100668,26.439372763675614
241,26.439372763675614,27.401922974011924
242,27.401922974011924,27.18461767652596
243,27.18461767652596,26.4162024342693
244,26.4162024342693,26.162585719973094
245,26.162585719973094,27.17073954544271
246,27.17073954544271,29.87904679435004
247,29.87904679435004,34.32864658920511
248,34.32864658920511,39.40708725902378
249,39.40708725902378,42.8436277332013
250,42.8436277332013,42.88041984138532
251,42.88041984138532,39.93737128074435
252,39.93737128074435,36.213716784398784
253,36.213716784398784,33.64966362187264
254,33.64966362187264,32.61777368947439
255,32.61777368947439,36.48502435022084
256,36.48502435022084,34.07937840537497
257,34.07937840537497,30.83133123660717
258,30.83133123660717,28.747309789528984
259,28.747309789528984,28.59772562996387
260,28.59772562996387,29.208924116009193
261,29.208924116009193,28.826003903970054
262,28.826003903970054,27.142549212850117
263,27.142549212850117,25.42518499721514
264,25.42518499721514,24.728149507538404
265,24.728149507538404,24.66495920293419
266,24.66495920293419,24.038540192003552
267,24.038540192003552,22.13883527564284
268,22.13883527564284,19.25584826977587
269,19.25584826977587,16.40935893612381
270,16.40935893612381,14.860487304563087
271,14.860487304563087,15.732006633823675
272,15.732006633823675,19.77694372537122
273,19.77694372537122,26.885158052848112
274,26.885158052848112,35.2196299606324
275,35.2196299606324,41.41335058934138
276,41.41335058934138,42.848984725138735
277,42.848984725138735,39.806893087098395
278,39.806893087098395,34.763705599838765
279,34.763705599838765,29.93575051192626
280,29.93575051192626,26.15982132434665
281,26.15982132434665,23.65158513516743
282,23.65158513516743,22.81459958345509
283,22.81459958345509,23.926896017937445
284,23.926896017937445,26.450244764525912
285,26.450244764525912,29.07774491550605
286,29.07774491550605,30.423564279919436
287,30.423564279919436,29.71203557886234
288,29.71203557886234,27.13299043469769
289,27.13299043469769,23.66255584080324
290,23.66255584080324,20.373199467029945
291,20.373199467029945,17.91512400919702
292,17.91512400919702,16.591793891994318
293,16.591793891994318,16.54785119370002
294,16.54785119370002,17.637956918172307
295,17.637956918172307,19.268455163712897
296,19.268455163712897,20.643516834025988
297,20.643516834025988,21.26156616692227
298,21.26156616692227,21.172672553134568
299,21.172672553134568,20.742589809763075
300,20.742589809763075,20.270964417438215
301,20.270964417438215,20.024804487904067
302,20.024804487904067,20.478074418765996
303,20.478074418765996,22.130040125334347
304,22.130040125334347,25.04181494542222
305,25.04181494542222,28.671337346519664
306,28.671337346519664,31.986615526688766
307,31.986615526688766,33.723042997406054
308,33.723042997406054,33.02770963011616
309,33.02770963011616,30.248514061886
310,30.248514061886,26.95403334768314
311,26.95403334768314,25.05653591213114
312,25.05653591213114,25.722360755600043
313,25.722360755600043,28.706658626574505
314,28.706658626574505,32.48614911655106
315,32.48614911655106,35.10760513851139
316,35.10760513851139,35.344901113761985
317,35.344901113761985,33.61378547804451
318,33.61378547804451,31.830738146648088
319,31.830738146648088,37.97866359374237
320,37.97866359374237,40.027419076005295
321,40.027419076005295,43.31448735335884
322,43.31448735335884,46.28355389789158
323,46.28355389789158,47.28530479885052
324,47.28530479885052,45.490651501785536
325,45.490651501785536,41.32461121106194
326,41.32461121106194,36.24699716176098
327,36.24699716176098,32.04257340810223
328,32.04257340810223,29.895386229296996
329,29.895386229296996,29.740160959430774
330,29.740160959430774,30.36769379065302
331,30.36769379065302,30.352791570812734
332,30.352791570812734,29.331974889307208
333,29.331974889307208,28.374844141218034
334,28.374844141218034,28.72493862829616
335,28.72493862829616,30.194943691854476
336,30.194943691854476,31.12794807516819
337,31.12794807516819,29.93190133267055
338,29.93190133267055,26.510423160763366
339,26.510423160763366,22.309099979773283
340,22.309099979773283,19.063068535401122
341,19.063068535401122,17.41313834693438
342,17.41313834693438,16.70548143352945
343,16.70548143352945,16.087382619750734
344,16.087382619750734,15.552775289539847
345,15.552775289539847,15.956016772340636
346,15.956016772340636,18.171622450400246
347,18.171622450400246,22.002886535812458
348,22.002886535812458,25.74079442605366
349,25.74079442605366,27.299260146011804
350,27.299260146011804,26.228705127151613
351,26.228705127151613,24.081826172159364
352,24.081826172159364,22.41628452810867
353,22.41628452810867,21.101743478931475
354,21.101743478931475,19.080910453955905
355,19.080910453955905,16.140825677981542
356,16.140825677981542,13.265976455814886
357,13.265976455814886,11.538171094774947
358,11.538171094774947,11.23968304037087
359,11.23968304037087,11.957827105896527
360,11.957827105896527,13.099809329092917
361,13.099809329092917,14.152819320015642
362,14.152819320015642,14.683283099951883
363,14.683283099951883,14.40622290419514
364,14.40622290419514,13.371752445700725
365,13.371752445700725,11.99603117083438
366,11.99603117083438,10.810832116418531
367,10.810832116418531,10.27449619602048
368,10.27449619602048,10.8444745162907
369,10.8444745162907,12.835442926130073
370,12.835442926130073,15.806093285684547
371,15.806093285684547,18.261950307049037
372,18.261950307049037,18.52766643811859
373,18.52766643811859,16.16421272928632
374,16.16421272928632,12.382891700202682
375,12.382891700202682,9.079480134748714
376,9.079480134748714,7.74391211697945
377,7.74391211697945,9.083687885592857
378,9.083687885592857,12.812031277499052
379,12.812031277499052,17.358464888666344
380,17.358464888666344,20.50364538916872
381,20.50364538916872,21.226699159846703
382,21.226699159846703,20.699459291843823
383,20.699459291843823,25.403490869099343
384,25.403490869099343,26.982624729761287
385,26.982624729761287,28.016056068227158
386,28.016056068227158,26.692108712656108
387,26.692108712656108,23.277125503841095
388,23.277125503841095,19.43608523955248
389,19.43608523955248,16.691005065334036
390,16.691005065334036,16.095871690420804
391,16.095871690420804,18.558683628951492
392,18.558683628951492,24.118193610325037
393,24.118193610325037,30.661132332016614
394,30.661132332016614,34.556577573509024
395,34.556577573509024,33.573559181218585
396,33.573559181218585,28.714566727542874
397,28.714566727542874,22.642159735505224
398,22.642159735505224,17.145911419528645
399,17.145911419528645,12.77185034826747
400,12.77185034826747,9.849278774049406
401,9.849278774049406,8.722441138231838
402,8.722441138231838,9.200161900421165
403,9.200161900421165,10.538481323671045
404,10.538481323671045,12.089063029139076
405,12.089063029139076,13.589504887641699
406,13.589504887641699,14.74853038271074
407,14.74853038271074,14.991516857056384
408,14.991516857056384,13.99697723842959
409,13.99697723842959,12.277877221568566
410,12.277877221568566,10.90908294652279
411,10.90908294652279,10.656991491352938
412,10.656991491352938,11.42417663928854
413,11.42417663928854,12.516885853750095
414,12.516885853750095,13.370649312739932
415,13.370649312739932,13.868544559111086
416,13.868544559111086,14.0038964328632
417,14.0038964328632,13.598713696389995
418,13.598713696389995,12.518830628127741
419,12.518830628127741,10.979399136687265
420,10.979399136687265,9.548860723403905
421,9.548860723403905,8.894104314633218
422,8.894104314633218,9.383517150745405
423,9.383517150745405,10.740242517551717
424,10.740242517551717,12.112093413577417
425,12.112093413577417,12.725597707213385
426,12.725597707213385,12.613764052813549
427,12.613764052813549,12.645429647975696
428,12.645429647975696,13.823886994544958
429,13.823886994544958,16.625512152046092
430,16.625512152046092,20.811313674809387
431,20.811313674809387,25.475561694283698
432,25.475561694283698,29.302892220388202
433,29.302892220388202,31.263672005461252
434,31.263672005461252,31.332574390408062
435,31.332574390408062,30.506645319724637
436,30.506645319724637,30.146771983695253
437,30.146771983695253,31.02280054929225
438,31.02280054929225,32.566998233726636
439,32.566998233726636,33.10926837723026
440,33.10926837723026,31.16855772248927
441,31.16855772248927,26.64665638945593
442,26.64665638945593,20.85789892452832
443,20.85789892452832,15.535173059764947
444,15.535173059764947,11.766939926624483
445,11.766939926624483,9.666374245919005
446,9.666374245919005,8.800409583902795
447,8.800409583902795,32.602375818181756
448,32.602375818181756,33.555388222545844
449,33.555388222545844,34.80290402226814
450,34.80290402226814,35.613949226189035
451,35.613949226189035,35.37188741186026
452,35.37188741186026,33.39775510487949
453,33.39775510487949,29.42103938247662
454,29.42103938247662,24.266130836842287
455,24.266130836842287,19.508933088717896
456,19.508933088717896,16.47505907382399
457,16.47505907382399,15.777316918588184
458,15.777316918588184,17.474610048977283
459,17.474610048977283,21.52092016410204
460,21.52092016410204,28.1038068836919
461,28.1038068836919,36.90078686756637
462,36.90078686756637,45.59795150474446
463,45.59795150474446,50.52638911725931
464,50.52638911725931,50.37881700861956
465,50.37881700861956,48.49279000889828
466,48.49279000889828,49.62437909059346
467,49.62437909059346,54.32497543785165
468,54.32497543785165,57.71967584354847
469,57.71967584354847,54.4777137479028
470,54.4777137479028,44.41309459523638
471,44.41309459523638,32.50256886514666
472,32.50256886514666,23.97091481978267
473,23.97091481978267,20.326776997706894
474,20.326776997706894,19.605666923171945
475,19.605666923171945,19.104857349624453
476,19.104857349624453,17.627485544732483
477,17.627485544732483,15.972584861300259
478,15.972584861300259,16.113703018713963
479,16.113703018713963,19.86203731613867
480,19.86203731613867,27.55959277714799
481,27.55959277714799,37.412126009428164
482,37.412126009428164,46.19238470493478
483,46.19238470493478,50.97546249960799
484,50.97546249960799,50.589816521684504
485,50.589816521684504,45.941956108441616
486,45.941956108441616,39.23614849302267
487,39.23614849302267,32.65215504749821
488,32.65215504749821,27.41653367220833
489,27.41653367220833,23.782643851781472
490,23.782643851781472,21.42119838219522
491,21.42119838219522,19.83136511884586
492,19.83136511884586,18.897584939703208
493,18.897584939703208,19.172746828553464
494,19.172746828553464,21.25888291790887
495,21.25888291790887,24.8675308175294
496,24.8675308175294,28.724929578418283
497,28.724929578418283,31.244633455387593
498,31.244633455387593,31.268848718572173
499,31.268848718572173,28.583494561353334
500,28.583494561353334,23.99081195952006
501,23.99081195952006,18.825961091674504
502,18.825961091674504,14.321896612610987
503,14.321896612610987,11.263102171129383
504,11.263102171129383,9.934857520790736
505,9.934857520790736,10.142261899564048
506,10.142261899564048,11.183814465168211
507,11.183814465168211,12.063572528964103
508,12.063572528964103,12.118574032578417
509,12.118574032578417,11.494328031978018
510,11.494328031978018,10.89329702509834
511,10.89329702509834,9.792122077072559
512,9.792122077072559,10.070319333847593
513,10.070319333847593,10.540770100751347
514,10.540770100751347,10.9992884371388
515,10.9992884371388,11.240844346100003
516,11.240844346100003,11.2371335412955
517,11.2371335412955,11.104906787556107
518,11.104906787556107,10.954613230960502
519,10.954613230960502,10.877602428395793
520,10.877602428395793,11.075865922805118
521,11.075865922805118,11.97133158698843
522,11.97133158698843,14.342527029740092
523,14.342527029740092,19.170984121195865
524,19.170984121195865,26.663378476093975
525,26.663378476093975,35.08798465505855
526,35.08798465505855,41.446012373842265
527,41.446012373842265,44.136835349983116
528,44.136835349983116,44.38794851631501
529,44.38794851631501,44.28750991302736
530,44.28750991302736,43.96758953551192
531,43.96758953551192,41.60380544968589
532,41.60380544968589,35.955488481130345
533,35.955488481130345,28.160303417136195
534,28.160303417136195,21.007839613787567
535,21.007839613787567,16.906216792285075
536,16.906216792285075,16.438693789599206
537,16.438693789599206,18.305743365568762
538,18.305743365568762,20.49554911028068
539,20.49554911028068,21.62383160976423
540,21.62383160976423,21.321410446229578
541,21.321410446229578,19.82655563144589
542,19.82655563144589,17.973476330036597
543,17.973476330036597,17.353888102300196
544,17.353888102300196,19.27560009195123
545,19.27560009195123,22.98603478196072
546,22.98603478196072,25.674471719490967
547,25.674471719490967,24.98971463227598
548,24.98971463227598,21.23314586649725
549,21.23314586649725,16.635192180774723
550,16.635192180774723,13.100915636806779
551,13.100915636806779,11.2741390244428
552,11.2741390244428,11.16963121782347
553,11.16963121782347,12.71899550767711
554,12.71899550767711,15.587774463169495
555,15.587774463169495,19.006136034444694
556,19.006136034444694,22.056536621698243
557,22.056536621698243,24.01371883640592
558,24.01371883640592,24.37779757632914
559,24.37779757632914,22.98020896536316
560,22.98020896536316,20.45421172024833
561,20.45421172024833,18.154757732648903
562,18.154757732648903,16.974705891772714
563,16.974705891772714,16.557117374721802
564,16.557117374721802,16.229012755708816
565,16.229012755708816,16.22872494730962
566,16.22872494730962,17.266014929972307
567,17.266014929972307,19.091794151869955
568,19.091794151869955,20.355661053608728
569,20.355661053608728,20.09616044157807
570,20.09616044157807,18.730359382416967
571,18.730359382416967,17.223157276534817
572,17.223157276534817,15.911447491877833
573,15.911447491877833,14.69902540482039
574,14.69902540482039,13.84539647448711
575,13.84539647448711,25.7113113414022
576,25.7113113414022,23.309849766054555
577,23.309849766054555,19.32403845932619
578,19.32403845932619,15.208224269661097
579,15.208224269661097,12.516739913170742
580,12.516739913170742,12.25159668322644
581,12.25159668322644,14.480115072672278
582,14.480115072672278,18.20528806566552
583,18.20528806566552,21.559037590273533
584,21.559037590273533,22.787038914491035
585,22.787038914491035,21.622192766762808
586,21.622192766762808,19.41103705919849
587,19.41103705919849,17.550401515786884
588,17.550401515786884,16.167872189924097
589,16.167872189924097,14.63584257256234
590,14.63584257256234,12.849541107097174
591,12.849541107097174,11.375846320542244
592,11.375846320542244,10.507256789083167
593,10.507256789083167,9.794346095683451
594,9.794346095683451,8.704624522993067
595,8.704624522993067,7.381128432110674
596,7.381128432110674,6.497984190002551
597,6.497984190002551,6.534216441284951
598,6.534216441284951,7.382140049039775
599,7.382140049039775,8.558141915590118
600,8.558141915590118,9.648597979793694
601,9.648597979793694,10.542443528400042
602,10.542443528400042,11.271985868255221
603,11.271985868255221,11.708383580988578
604,11.708383580988578,11.540879218428906
605,11.540879218428906,10.588537724252575
606,10.588537724252575,9.03719214783825
607,9.03719214783825,7.36271116382259
608,7.36271116382259,6.067024074200628
609,6.067024074200628,5.436387266584671
610,5.436387266584671,5.486849969707778
611,5.486849969707778,6.148072317457361
612,6.148072317457361,7.502504311989319
613,7.502504311989319,9.831514282453577
614,9.831514282453577,13.347358091040537
615,13.347358091040537,17.725111247430885
616,17.725111247430885,21.826175925330613
617,21.826175925330613,24.11083647397927
618,24.11083647397927,23.691984401365197
619,23.691984401365197,21.119450480655455
620,21.119450480655455,18.05147738882245
621,18.05147738882245,16.046996067750058
622,16.046996067750058,15.510981645642264
623,15.510981645642264,15.64982522119662
624,15.64982522119662,15.399775908742992
625,15.399775908742992,14.414064647883524
626,14.414064647883524,13.14893079044965
627,13.14893079044965,12.181594519574647
628,12.181594519574647,11.711448846239733
629,11.711448846239733,11.641979552165285
630,11.641979552165285,11.806360100202173
631,11.806360100202173,12.057458942460942
632,12.057458942460942,12.375840798699922
633,12.375840798699922,13.07019211477682
634,13.07019211477682,14.847563473185618
635,14.847563473185618,18.462517557932784
636,18.462517557932784,23.921372709283425
637,23.921372709283425,29.82728823329075
638,29.82728823329075,33.75270495345638
639,33.75270495345638,81.00504361260744
640,81.00504361260744,78.18680059764952
641,78.18680059764952,73.78577032856242
642,73.78577032856242,69.6167359478096
643,69.6167359478096,67.15216074807603
644,67.15216074807603,66.92260037298703
645,66.92260037298703,68.5292922630851
646,68.5292922630851,71.03526891756692
647,71.03526891756692,73.36214642917149
648,73.36214642917149,74.65395678722386
649,74.65395678722386,74.59279858734988
650,74.59279858734988,73.43787247597794
651,73.43787247597794,71.69010823871702
652,71.69010823871702,69.67460586350015
653,69.67460586350015,67.40432645710644
654,67.40432645710644,64.75499296910293
655,64.75499296910293,61.68034590141001
656,61.68034590141001,58.28414865368755
657,58.28414865368755,54.99945348185138
658,54.99945348185138,52.844474015154816
659,52.844474015154816,53.24662935065771
660,53.24662935065771,57.19836478344226
661,57.19836478344226,64.17371961245165
662,64.17371961245165,71.67347670431622
663,71.67347670431622,76.37124320080716
664,76.37124320080716,76.50128577973433
665,76.50128577973433,73.11337171042351
666,73.11337171042351,68.74394234615502
667,68.74394234615502,65.28800813164926
668,65.28800813164926,63.3275483406799
669,63.3275483406799,62.68489440425329
670,62.68489440425329,62.87831059755604
671,62.87831059755604,63.22112401869652
672,63.22112401869652,62.993143770139554
673,62.993143770139554,61.78568417452986
674,61.78568417452986,59.707453935507104
675,59.707453935507104,57.19795777298187
676,57.19795777298187,54.52598216328968
677,54.52598216328968,51.55783640154128
678,51.55783640154128,48.238689425610744
679,48.238689425610744,45.25033089863622
680,45.25033089863622,43.75317844659071
681,43.75317844659071,44.22984575942368
682,44.22984575942368,45.84028126730182
683,45.84028126730182,47.157422559763894
684,47.157422559763894,47.402323624278225
685,47.402323624278225,46.78322062440485
686,46.78322062440485,45.871527858451145
687,45.871527858451145,45.05890629533374
688,45.05890629533374,44.57327715749999
689,44.57327715749999,44.520366946749
690,44.520366946749,44.67083366842192
691,44.67083366842192,44.50788779392197
692,44.50788779392197,43.76378168178879
693,43.76378168178879,42.885817440187495
694,42.885817440187495,42.80702675998059
695,42.80702675998059,44.03000026735635
696,44.03000026735635,45.871429287024384
697,45.871429287024384,46.95033001847043
698,46.95033001847043,46.65931809062883
699,46.65931809062883,45.8211821771323
700,45.8211821771323,45.63116845811809
701,45.63116845811809,46.30253217401794
702,46.30253217401794,47.04054798758666
