,Curvature_n,Curvature_n1
0,8.287906479898112,8.50056894566739
1,8.50056894566739,8.780513839538585
2,8.780513839538585,8.949698662998358
3,8.949698662998358,8.814728660353943
4,8.814728660353943,8.211424568859018
5,8.211424568859018,7.249298292706619
6,7.249298292706619,6.39922437166555
7,6.39922437166555,6.1022128833136176
8,6.1022128833136176,6.320644966218477
9,6.320644966218477,6.600377987957406
10,6.600377987957406,6.519348000960225
11,6.519348000960225,6.004104805007973
12,6.004104805007973,5.272750809305233
13,5.272750809305233,4.574016627266055
14,4.574016627266055,4.016039907293067
15,4.016039907293067,3.5943460467134365
16,3.5943460467134365,3.3222550102858737
17,3.3222550102858737,3.2887558420051137
18,3.2887558420051137,3.5657313738304417
19,3.5657313738304417,4.064868464399854
20,4.064868464399854,4.543142198266316
21,4.543142198266316,4.795596339934014
22,4.795596339934014,4.826183895911642
23,4.826183895911642,4.775583074414719
24,4.775583074414719,4.712736249678591
25,4.712736249678591,4.5917858009069406
26,4.5917858009069406,4.397750151107143
27,4.397750151107143,4.188717426811962
28,4.188717426811962,3.960549098981903
29,3.960549098981903,3.6136807227160714
30,3.6136807227160714,3.1214284667698653
31,3.1214284667698653,2.6457697295258114
32,2.6457697295258114,2.429392772890202
33,2.429392772890202,2.6046075642919386
34,2.6046075642919386,3.1091750692132956
35,3.1091750692132956,3.728960584475102
36,3.728960584475102,4.184342305068336
37,4.184342305068336,4.243895806947484
38,4.243895806947484,3.886220271392741
39,3.886220271392741,3.381191354343648
40,3.381191354343648,3.1144685871420625
41,3.1144685871420625,3.26483968025795
42,3.26483968025795,3.6702790519804225
43,3.6702790519804225,4.012083071808306
44,4.012083071808306,4.087108467360691
45,4.087108467360691,3.902219380236703
46,3.902219380236703,3.581155474169824
47,3.581155474169824,3.2363579973764374
48,3.2363579973764374,2.9063296332624233
49,2.9063296332624233,2.5780699515991055
50,2.5780699515991055,2.252703698269901
51,2.252703698269901,1.9823426274958786
52,1.9823426274958786,1.843737252762129
53,1.843737252762129,1.8837185023669314
54,1.8837185023669314,2.0855543832096064
55,2.0855543832096064,2.3817805503497054
56,2.3817805503497054,2.7041515621678274
57,2.7041515621678274,3.0138641412763274
58,3.0138641412763274,3.2712746683330254
59,3.2712746683330254,3.4066447628448318
60,3.4066447628448318,3.3713027559814543
61,3.3713027559814543,3.216292323582425
62,3.216292323582425,3.0800210573960136
63,3.0800210573960136,11.440329692778736
64,11.440329692778736,11.113513349751628
65,11.113513349751628,10.59542338092199
66,10.59542338092199,10.195852753289918
67,10.195852753289918,10.246348840141225
68,10.246348840141225,10.850570170598623
69,10.850570170598623,11.816545605908864
70,11.816545605908864,12.743291828869637
71,12.743291828869637,13.17818356533393
72,13.17818356533393,12.885935690499263
73,12.885935690499263,12.047030608351648
74,12.047030608351648,11.081727344680067
75,11.081727344680067,10.272734753621862
76,10.272734753621862,9.653719790338194
77,9.653719790338194,9.182483907524762
78,9.182483907524762,8.836389221058313
79,8.836389221058313,8.540112441056285
80,8.540112441056285,8.166471544837659
81,8.166471544837659,7.678032202350837
82,7.678032202350837,7.207527809954735
83,7.207527809954735,6.931390848468826
84,6.931390848468826,6.858379151348219
85,6.858379151348219,6.793940104084262
86,6.793940104084262,6.551612279068069
87,6.551612279068069,6.1709378960573416
88,6.1709378960573416,5.884144468366339
89,5.884144468366339,5.8993052283740575
90,5.8993052283740575,6.246988976262042
91,6.246988976262042,6.7796503055321296
92,6.7796503055321296,7.263561099287392
93,7.263561099287392,7.5204096292081095
94,7.5204096292081095,7.536104176382583
95,7.536104176382583,7.421447381172139
96,7.421447381172139,7.282521733481071
97,7.282521733481071,7.167846198072613
98,7.167846198072613,7.086440992157732
99,7.086440992157732,6.997943681553533
100,6.997943681553533,6.82192215674311
101,6.82192215674311,6.525935618804368
102,6.525935618804368,6.1724856622042985
103,6.1724856622042985,5.848443583041856
104,5.848443583041856,5.606882865794683
105,5.606882865794683,5.4863098861112025
106,5.4863098861112025,5.4926740611891685
107,5.4926740611891685,5.54096676985699
108,5.54096676985699,5.509206862164155
109,5.509206862164155,5.380441936286582
110,5.380441936286582,5.247195211830289
111,5.247195211830289,5.150217339420452
112,5.150217339420452,4.9948773146956
113,4.9948773146956,4.6657065815154315
114,4.6657065815154315,4.173162742813664
115,4.173162742813664,3.6572907914144466
116,3.6572907914144466,3.263211029305938
117,3.263211029305938,3.0370090407538135
118,3.0370090407538135,2.9485102861618016
119,2.9485102861618016,2.991621809492956
120,2.991621809492956,3.2125903859721947
121,3.2125903859721947,3.618334152773963
122,3.618334152773963,4.10351286647717
123,4.10351286647717,4.5333384831283485
124,4.5333384831283485,4.874467780675021
125,4.874467780675021,5.159214726826242
126,5.159214726826242,5.34809968856607
127,5.34809968856607,5.832098175839903
128,5.832098175839903,6.1100679989311235
129,6.1100679989311235,6.464170736815811
130,6.464170736815811,6.832513209964295
131,6.832513209964295,7.538183287913627
132,7.538183287913627,9.246539747585885
133,9.246539747585885,12.62231237948016
134,12.62231237948016,17.527735086911264
135,17.527735086911264,22.22090227109184
136,22.22090227109184,23.9959027420262
137,23.9959027420262,21.47129206443423
138,21.47129206443423,16.03709632704722
139,16.03709632704722,10.511535841220011
140,10.511535841220011,6.71905587802652
141,6.71905587802652,4.742454398362023
142,4.742454398362023,3.900728772103554
143,3.900728772103554,3.735372859213387
144,3.735372859213387,4.175756845753146
145,4.175756845753146,5.3166337174247085
146,5.3166337174247085,7.2557856855455825
147,7.2557856855455825,9.877041832267146
148,9.877041832267146,12.608139976633815
149,12.608139976633815,14.618751706695132
150,14.618751706695132,15.540007928556633
151,15.540007928556633,15.782156644456933
152,15.782156644456933,15.91474318013216
153,15.91474318013216,16.005029160866954
154,16.005029160866954,15.7682905101901
155,15.7682905101901,15.069696221081669
156,15.069696221081669,14.080028783630283
157,14.080028783630283,13.1742151933138
158,13.1742151933138,12.810387878093502
159,12.810387878093502,13.255713783528032
160,13.255713783528032,14.211246143243713
161,14.211246143243713,14.87512627763751
162,14.87512627763751,14.59957081403979
163,14.59957081403979,13.433259409680634
164,13.433259409680634,11.965877410485271
165,11.965877410485271,10.839635523651886
166,10.839635523651886,10.48473501671127
167,10.48473501671127,11.021101251924255
168,11.021101251924255,12.160934688828606
169,12.160934688828606,13.298918868242126
170,13.298918868242126,13.847888680183946
171,13.847888680183946,13.542328455491948
172,13.542328455491948,12.542736931878544
173,12.542736931878544,11.346029647465162
174,11.346029647465162,10.521323311197952
175,10.521323311197952,10.400858283103753
176,10.400858283103753,10.9163018947167
177,10.9163018947167,11.629038565622267
178,11.629038565622267,11.98133037235742
179,11.98133037235742,11.740156841653459
180,11.740156841653459,11.20934522912729
181,11.20934522912729,10.847970498044576
182,10.847970498044576,10.763221552756562
183,10.763221552756562,10.793547986028832
184,10.793547986028832,10.967340299856485
185,10.967340299856485,11.593163860444767
186,11.593163860444767,12.898969394754051
187,12.898969394754051,14.74515595630752
188,14.74515595630752,16.693122371132546
189,16.693122371132546,18.253638564368565
190,18.253638564368565,19.097987129154266
191,19.097987129154266,22.436675621298583
192,22.436675621298583,23.926776024097073
193,23.926776024097073,25.767460229497388
194,25.767460229497388,26.500922982652774
195,26.500922982652774,25.53416192666259
196,25.53416192666259,23.581877208803256
197,23.581877208803256,21.839683297602093
198,21.839683297602093,20.870353382538127
199,20.870353382538127,20.3604979399671
200,20.3604979399671,19.6617890592094
201,19.6617890592094,18.431278527902716
202,18.431278527902716,16.890245094390323
203,16.890245094390323,15.607522491663637
204,15.607522491663637,15.038637383862412
205,15.038637383862412,15.158200611215793
206,15.158200611215793,15.421910780195468
207,15.421910780195468,15.130062792942425
208,15.130062792942425,13.975256606047807
209,13.975256606047807,12.265050364605042
210,12.265050364605042,10.60346806736832
211,10.60346806736832,9.405581176113813
212,9.405581176113813,8.703451999370031
213,8.703451999370031,8.307316145222238
214,8.307316145222238,8.071915436361039
215,8.071915436361039,8.021806993369799
216,8.021806993369799,8.256691279847056
217,8.256691279847056,8.744298199573683
218,8.744298199573683,9.206099558202878
219,9.206099558202878,9.260691863270045
220,9.260691863270045,8.738433865275852
221,8.738433865275852,7.844276306534548
222,7.844276306534548,6.951754014982569
223,6.951754014982569,6.28654942560941
224,6.28654942560941,5.872847980170157
225,5.872847980170157,5.688061803553272
226,5.688061803553272,5.746915307314396
227,5.746915307314396,6.045262930200273
228,6.045262930200273,6.458624495846145
229,6.458624495846145,6.738815263369954
230,6.738815263369954,6.714303662139555
231,6.714303662139555,6.491303611059085
232,6.491303611059085,6.327399009535154
233,6.327399009535154,6.33171964890842
234,6.33171964890842,6.4356266081714715
235,6.4356266081714715,6.588603594112196
236,6.588603594112196,6.784957908577848
237,6.784957908577848,6.933041255553062
238,6.933041255553062,6.8720113210837095
239,6.8720113210837095,6.534522053499659
240,6.534522053499659,6.052539176284437
241,6.052539176284437,5.738708877206206
242,5.738708877206206,5.892184352813169
243,5.892184352813169,6.4787182824845235
244,6.4787182824845235,7.055945573715262
245,7.055945573715262,7.170352408435633
246,7.170352408435633,6.791498927814745
247,6.791498927814745,6.242474623668644
248,6.242474623668644,5.790890646959113
249,5.790890646959113,5.467250871105637
250,5.467250871105637,5.202520571890589
251,5.202520571890589,4.94079271768005
252,4.94079271768005,4.627770014400341
253,4.627770014400341,4.265082597364573
254,4.265082597364573,3.995365466708444
255,3.995365466708444,23.391594970037435
256,23.391594970037435,21.551023901417857
257,21.551023901417857,18.303611083148397
258,18.303611083148397,14.394501250451885
259,14.394501250451885,10.678814665169337
260,10.678814665169337,7.839718928583173
261,7.839718928583173,6.143373761997567
262,6.143373761997567,5.444039780964774
263,5.444039780964774,5.401756981364386
264,5.401756981364386,5.6772665614093265
265,5.6772665614093265,6.0307387246619975
266,6.0307387246619975,6.3816908423969725
267,6.3816908423969725,6.796319909188121
268,6.796319909188121,7.3702438236032926
269,7.3702438236032926,8.100716935056978
270,8.100716935056978,8.834937703740593
271,8.834937703740593,9.361056090020089
272,9.361056090020089,9.646270236330286
273,9.646270236330286,9.971294219456059
274,9.971294219456059,10.64165755570713
275,10.64165755570713,11.535336803998858
276,11.535336803998858,12.135067554188392
277,12.135067554188392,12.066272474491996
278,12.066272474491996,11.450735704612022
279,11.450735704612022,10.697489727851691
280,10.697489727851691,10.089592986738573
281,10.089592986738573,9.634301374576996
282,9.634301374576996,9.211003850644602
283,9.211003850644602,8.776483728737466
284,8.776483728737466,8.43796892508509
285,8.43796892508509,8.343041900126238
286,8.343041900126238,8.537308616319299
287,8.537308616319299,8.972926708427314
288,8.972926708427314,9.559191153368396
289,9.559191153368396,10.091403399287696
290,10.091403399287696,10.238798887519241
291,10.238798887519241,9.787162734516784
292,9.787162734516784,8.876436693578247
293,8.876436693578247,7.946787639147286
294,7.946787639147286,7.620530260075398
295,7.620530260075398,8.577467811575696
296,8.577467811575696,11.08873215787577
297,11.08873215787577,14.441902025755157
298,14.441902025755157,17.17918117012379
299,17.17918117012379,18.2542117941385
300,18.2542117941385,17.81392949667929
301,17.81392949667929,16.760477838605556
302,16.760477838605556,15.891259513442119
303,15.891259513442119,15.587548864259464
304,15.587548864259464,15.883380811109118
305,15.883380811109118,16.465660502168266
306,16.465660502168266,16.798498511263624
307,16.798498511263624,16.614704309033367
308,16.614704309033367,16.28403473699209
309,16.28403473699209,16.43237484297572
310,16.43237484297572,17.20372121434176
311,17.20372121434176,18.08297869354608
312,18.08297869354608,18.417804754312947
313,18.417804754312947,17.88258592814269
314,17.88258592814269,16.524327238228885
315,16.524327238228885,14.7088299291941
316,14.7088299291941,13.01190583231864
317,13.01190583231864,11.886083594300061
318,11.886083594300061,11.394505070804218
319,11.394505070804218,26.08757861055701
320,26.08757861055701,26.381514607861373
321,26.381514607861373,26.83178188068208
322,26.83178188068208,26.85500898491192
323,26.85500898491192,25.59524314286642
324,25.59524314286642,22.76567903867849
325,22.76567903867849,19.17056832109675
326,19.17056832109675,16.186509519815562
327,16.186509519815562,14.787500801978673
328,14.787500801978673,15.041351124380812
329,15.041351124380812,16.236192854285264
330,16.236192854285264,17.36536302894335
331,17.36536302894335,17.744954034316542
332,17.744954034316542,17.378773086280482
333,17.378773086280482,16.75967965485392
334,16.75967965485392,16.401765806479325
335,16.401765806479325,16.560740702394046
336,16.560740702394046,17.173889902331045
337,17.173889902331045,18.012579505002158
338,18.012579505002158,18.974016162844258
339,18.974016162844258,20.135225547037543
340,20.135225547037543,21.428733524258003
341,21.428733524258003,22.40652024639425
342,22.40652024639425,22.475211668492665
343,22.475211668492665,21.37730947494792
344,21.37730947494792,19.422278862920457
345,19.422278862920457,17.24692960817758
346,17.24692960817758,15.399293051907687
347,15.399293051907687,14.199634941857116
348,14.199634941857116,13.818573079354639
349,13.818573079354639,14.216776933724823
350,14.216776933724823,15.018933953811597
351,15.018933953811597,15.654837675326611
352,15.654837675326611,15.75999965117713
353,15.75999965117713,15.436216684389425
354,15.436216684389425,15.111774824830157
355,15.111774824830157,15.154911877252236
356,15.154911877252236,15.552496032388802
357,15.552496032388802,15.915589892121107
358,15.915589892121107,15.871676280541497
359,15.871676280541497,15.47205991990467
360,15.47205991990467,15.132951828344037
361,15.132951828344037,15.17040187885318
362,15.17040187885318,15.528539551486837
363,15.528539551486837,16.012875655487772
364,16.012875655487772,16.602675939692954
365,16.602675939692954,17.340291293097525
366,17.340291293097525,18.021977569767024
367,18.021977569767024,18.24456878325384
368,18.24456878325384,17.849009758809608
369,17.849009758809608,17.18985773551827
370,17.18985773551827,16.799673080738437
371,16.799673080738437,16.780994999311346
372,16.780994999311346,16.718366590366745
373,16.718366590366745,16.220046943952603
374,16.220046943952603,15.308445031944
375,15.308445031944,14.251345639976574
376,14.251345639976574,13.274549329046902
377,13.274549329046902,12.495599584312892
378,12.495599584312892,11.953470368161224
379,11.953470368161224,11.641384883992226
380,11.641384883992226,11.562917180982188
381,11.562917180982188,11.688470296580586
382,11.688470296580586,11.852548434976097
383,11.852548434976097,28.368993095794643
384,28.368993095794643,26.650918851127358
385,26.650918851127358,23.93293219335586
386,23.93293219335586,21.050479124853116
387,21.050479124853116,18.583334183632857
388,18.583334183632857,16.958555478113603
389,16.958555478113603,16.46990792931168
390,16.46990792931168,17.011909249647598
391,17.011909249647598,18.007561387107195
392,18.007561387107195,18.759326448987885
393,18.759326448987885,18.857156599965645
394,18.857156599965645,18.375593247006783
395,18.375593247006783,17.842421676583648
396,17.842421676583648,17.907673134100797
397,17.907673134100797,18.814553399401795
398,18.814553399401795,20.202577780440762
399,20.202577780440762,21.472713225058627
400,21.472713225058627,22.240875150268437
401,22.240875150268437,22.463120538641235
402,22.463120538641235,22.333654077748818
403,22.333654077748818,22.132997621451203
404,22.132997621451203,22.002357176831232
405,22.002357176831232,21.770087786184614
406,21.770087786184614,21.131312145415393
407,21.131312145415393,20.071505673101488
408,20.071505673101488,19.04766865479911
409,19.04766865479911,18.71836316790114
410,18.71836316790114,19.465424812742206
411,19.465424812742206,21.089206669921623
412,21.089206669921623,22.936995929113287
413,22.936995929113287,24.359437545850838
414,24.359437545850838,25.021329199470813
415,25.021329199470813,24.71197170467369
416,24.71197170467369,23.14395498376936
417,23.14395498376936,20.359682256867487
418,20.359682256867487,17.232427637009415
419,17.232427637009415,15.133224087350257
420,15.133224087350257,14.975365422360028
421,14.975365422360028,16.67976307658718
422,16.67976307658718,19.44210742258742
423,19.44210742258742,22.299639448876192
424,22.299639448876192,24.45886035025338
425,24.45886035025338,25.415195661490948
426,25.415195661490948,25.034892972349226
427,25.034892972349226,23.505331141601978
428,23.505331141601978,21.187411268171807
429,21.187411268171807,18.682348361437015
430,18.682348361437015,16.948285154539526
431,16.948285154539526,16.85290232116182
432,16.85290232116182,18.307001412255975
433,18.307001412255975,20.177114626550267
434,20.177114626550267,21.406398404360978
435,21.406398404360978,21.858217936630503
436,21.858217936630503,21.778679185588288
437,21.778679185588288,21.085556172615206
438,21.085556172615206,19.77902325867351
439,19.77902325867351,18.542121045545112
440,18.542121045545112,18.120216929889548
441,18.120216929889548,18.18178978396289
442,18.18178978396289,17.46372771876358
443,17.46372771876358,15.217976999311627
444,15.217976999311627,12.050547077120552
445,12.050547077120552,9.239917986448857
446,9.239917986448857,7.685725715017599
447,7.685725715017599,20.144162244036885
448,20.144162244036885,19.965636787910263
449,19.965636787910263,20.51654245961507
450,20.51654245961507,22.647475478549136
451,22.647475478549136,25.95805212648793
452,25.95805212648793,28.585442241938736
453,28.585442241938736,28.58134005070952
454,28.58134005070952,25.708578138740343
455,25.708578138740343,21.57974041726453
456,21.57974041726453,17.981869898735077
457,17.981869898735077,15.52060177559726
458,15.52060177559726,13.916813658039871
459,13.916813658039871,12.900406122968553
460,12.900406122968553,12.459642506498843
461,12.459642506498843,12.638941642962713
462,12.638941642962713,13.37114660100423
463,13.37114660100423,14.394937632631251
464,14.394937632631251,15.315635904202932
465,15.315635904202932,15.861630567558226
466,15.861630567558226,15.981082410216263
467,15.981082410216263,15.662498407433977
468,15.662498407433977,14.87705348520147
469,14.87705348520147,13.739351712028071
470,13.739351712028071,12.49248490668959
471,12.49248490668959,11.335363011026027
472,11.335363011026027,10.444797250824884
473,10.444797250824884,10.083613172671772
474,10.083613172671772,10.441078171114444
475,10.441078171114444,11.342482731875206
476,11.342482731875206,12.263396094954302
477,12.263396094954302,12.733134104245396
478,12.733134104245396,12.737908205699858
479,12.737908205699858,12.727748887611401
480,12.727748887611401,13.17743718909996
481,13.17743718909996,14.076945655679902
482,14.076945655679902,14.821784550599862
483,14.821784550599862,14.69711124288963
484,14.69711124288963,13.601829902899514
485,13.601829902899514,12.261320172886617
486,12.261320172886617,11.57251906924295
487,11.57251906924295,11.762310920363824
488,11.762310920363824,12.281324604465265
489,12.281324604465265,12.415872834470164
490,12.415872834470164,11.898188935606155
491,11.898188935606155,11.073968948969883
492,11.073968948969883,10.646486343427375
493,10.646486343427375,11.200628210942256
494,11.200628210942256,12.77717755491284
495,12.77717755491284,14.804528369930509
496,14.804528369930509,16.463293186637422
497,16.463293186637422,17.229128293509227
498,17.229128293509227,17.181578413115087
499,17.181578413115087,16.83127519169767
500,16.83127519169767,16.617074425562333
501,16.617074425562333,16.491961057233805
502,16.491961057233805,15.95093075447007
503,15.95093075447007,14.53502539462918
504,14.53502539462918,12.364524094756131
505,12.364524094756131,10.144671093647206
506,10.144671093647206,8.663272836733746
507,8.663272836733746,8.285478345414447
508,8.285478345414447,8.808991909002328
509,8.808991909002328,9.665733972884874
510,9.665733972884874,10.2665541276792
511,10.2665541276792,29.57278185229916
512,29.57278185229916,29.047455547615165
513,29.047455547615165,27.867245054858763
514,27.867245054858763,26.037302763893255
515,26.037302763893255,23.93387802113919
516,23.93387802113919,22.263712547328485
517,22.263712547328485,21.690491490530142
518,21.690491490530142,22.285724872658378
519,22.285724872658378,23.295953325894367
520,23.295953325894367,23.65923734425742
521,23.65923734425742,22.876925960571278
522,22.876925960571278,21.333789820279712
523,21.333789820279712,19.821417978215447
524,19.821417978215447,18.873865685722542
525,18.873865685722542,18.61731471139415
526,18.61731471139415,19.09645636878983
527,19.09645636878983,20.417750012127296
528,20.417750012127296,22.454613143336147
529,22.454613143336147,24.707377020766494
530,24.707377020766494,26.59810654548887
531,26.59810654548887,27.674270585713963
532,27.674270585713963,27.53592948150616
533,27.53592948150616,25.98465208182745
534,25.98465208182745,23.373798814086605
535,23.373798814086605,20.55158408640534
536,20.55158408640534,18.358909213709286
537,18.358909213709286,17.175828308748812
538,17.175828308748812,16.764586336932524
539,16.764586336932524,16.50664496072027
540,16.50664496072027,16.0005955714021
541,16.0005955714021,15.464880391141941
542,15.464880391141941,15.37271143227224
543,15.37271143227224,15.814139718622382
544,15.814139718622382,16.469045207444687
545,16.469045207444687,17.013964556348032
546,17.013964556348032,17.200279096027362
547,17.200279096027362,16.748104727707286
548,16.748104727707286,15.57365310067085
549,15.57365310067085,14.092949783029173
550,14.092949783029173,13.0609290938881
551,13.0609290938881,13.064352935935824
552,13.064352935935824,14.151972412065339
553,14.151972412065339,15.838082723110356
554,15.838082723110356,17.432632461255565
555,17.432632461255565,18.404191955530656
556,18.404191955530656,18.483233926489152
557,18.483233926489152,17.614463635362863
558,17.614463635362863,16.019943730431415
559,16.019943730431415,14.245208117203816
560,14.245208117203816,12.922135124218089
561,12.922135124218089,12.362291674707642
562,12.362291674707642,12.389498087796415
563,12.389498087796415,12.573755809517436
564,12.573755809517436,12.612852688741146
565,12.612852688741146,12.506940545702726
566,12.506940545702726,12.484769378772025
567,12.484769378772025,12.88582753979398
568,12.88582753979398,14.00714474640255
569,14.00714474640255,15.75842986316351
570,15.75842986316351,17.432870810759603
571,17.432870810759603,18.112200570211368
572,18.112200570211368,17.450864617829705
573,17.450864617829705,16.020141050687524
574,16.020141050687524,14.896673320546965
575,14.896673320546965,26.098376742757914
576,26.098376742757914,25.560558806469267
577,25.560558806469267,24.96002964469838
578,24.96002964469838,24.940460905111483
579,24.940460905111483,25.657306469465535
580,25.657306469465535,26.344136210622462
581,26.344136210622462,25.82065853156396
582,25.82065853156396,23.609593325648603
583,23.609593325648603,20.522035199600126
584,20.522035199600126,18.2023017552184
585,18.2023017552184,18.111951550542404
586,18.111951550542404,20.55364560596319
587,20.55364560596319,24.217451660781855
588,24.217451660781855,26.872408739724705
589,26.872408739724705,27.051216954439813
590,27.051216954439813,25.11624448361229
591,25.11624448361229,22.487801243437627
592,22.487801243437627,20.153600025349277
593,20.153600025349277,18.298865633266807
594,18.298865633266807,16.943503838793927
595,16.943503838793927,16.234136549773957
596,16.234136549773957,16.159897033645315
597,16.159897033645315,16.39491815133012
598,16.39491815133012,16.50147098481556
599,16.50147098481556,16.196092089088197
600,16.196092089088197,15.507033111511767
601,15.507033111511767,14.764274515286548
602,14.764274515286548,14.33831354697405
603,14.33831354697405,14.304085108862514
604,14.304085108862514,14.445790774359336
605,14.445790774359336,14.643091715371094
606,14.643091715371094,15.130878433228123
607,15.130878433228123,16.279899205046686
608,16.279899205046686,18.111900954952205
609,18.111900954952205,20.000177142580448
610,20.000177142580448,20.919793139071608
611,20.919793139071608,20.19123705395796
612,20.19123705395796,18.105946069346075
613,18.105946069346075,15.83473088212781
614,15.83473088212781,14.71153181445851
615,14.71153181445851,15.404592185510673
616,15.404592185510673,17.467939840870017
617,17.467939840870017,19.5927282055068
618,19.5927282055068,20.516100917058715
619,20.516100917058715,19.998675345191344
620,19.998675345191344,19.10256111764449
621,19.10256111764449,19.348712311848672
622,19.348712311848672,21.232833289948847
623,21.232833289948847,23.532661050974905
624,23.532661050974905,24.434673113525655
625,24.434673113525655,23.42774443524275
626,23.42774443524275,21.669254110857793
627,21.669254110857793,20.39331268709729
628,20.39331268709729,19.55146169708337
629,19.55146169708337,18.318703350832465
630,18.318703350832465,16.475550138230222
631,16.475550138230222,14.82241488204241
632,14.82241488204241,14.309619810322001
633,14.309619810322001,15.073520198747195
634,15.073520198747195,16.48772803886257
635,16.48772803886257,18.003332409258558
636,18.003332409258558,19.5808827362308
637,19.5808827362308,21.194913805648287
638,21.194913805648287,22.32167862614967
639,22.32167862614967,73.40538400202769
640,73.40538400202769,71.77283546202835
641,71.77283546202835,69.22169462301751
642,69.22169462301751,66.4348171573096
643,66.4348171573096,63.538824222231526
644,63.538824222231526,60.35741190146415
645,60.35741190146415,56.991061607749785
646,56.991061607749785,53.94084633080858
647,53.94084633080858,51.51436255989604
648,51.51436255989604,49.23128210343421
649,49.23128210343421,46.21042514875724
650,46.21042514875724,42.36781529952478
651,42.36781529952478,38.966768370651124
652,38.966768370651124,37.67310201819416
653,37.67310201819416,39.090357289057074
654,39.090357289057074,42.229798976650315
655,42.229798976650315,45.26358675732764
656,45.26358675732764,46.84299842938426
657,46.84299842938426,46.98890411812164
658,46.98890411812164,46.8535971142985
659,46.8535971142985,47.559107173220596
660,47.559107173220596,49.092341011115195
661,49.092341011115195,50.25814452097933
662,50.25814452097933,49.85999372417889
663,49.85999372417889,47.99436553352607
664,47.99436553352607,45.96186111606396
665,45.96186111606396,44.850626972498965
666,44.850626972498965,44.55221368110661
667,44.55221368110661,44.23353495494545
668,44.23353495494545,43.38525411259846
669,43.38525411259846,42.22005815605056
670,42.22005815605056,41.371486291124654
671,41.371486291124654,41.3706087109055
672,41.3706087109055,42.15531749215073
673,42.15531749215073,42.93935273538267
674,42.93935273538267,42.77433238713263
675,42.77433238713263,41.44471491018679
676,41.44471491018679,39.74550458833558
677,39.74550458833558,38.775052326200594
678,38.775052326200594,38.997951434250666
679,38.997951434250666,40.04352381368785
680,40.04352381368785,41.17637309976554
681,41.17637309976554,41.74900645955161
682,41.74900645955161,41.4271190102048
683,41.4271190102048,40.36492053038778
684,40.36492053038778,39.146519190586105
685,39.146519190586105,38.311363039072546
686,38.311363039072546,37.94380154224607
687,37.94380154224607,37.791007241944
688,37.791007241944,37.62386420996711
689,37.62386420996711,37.25442459152402
690,37.25442459152402,36.38144922452347
691,36.38144922452347,34.8607629945404
692,34.8607629945404,33.18189320062138
693,33.18189320062138,32.321461549293375
694,32.321461549293375,32.97389636388691
695,32.97389636388691,35.00256392198313
696,35.00256392198313,37.55283220004969
697,37.55283220004969,39.54385952690279
698,39.54385952690279,40.195743026059574
699,40.195743026059574,39.4731279304441
700,39.4731279304441,38.12901605851639
701,38.12901605851639,37.07103691645576
702,37.07103691645576,36.623198567762564
