,Curvature_n,Curvature_n1
0,31.85214371674646,28.18805729441418
1,28.18805729441418,22.12955877776014
2,22.12955877776014,15.66293014678374
3,15.66293014678374,10.43520641785823
4,10.43520641785823,7.039198249268596
5,7.039198249268596,5.280764553420512
6,5.280764553420512,4.791917356758091
7,4.791917356758091,5.188099484938549
8,5.188099484938549,5.947486864177375
9,5.947486864177375,6.573839715653206
10,6.573839715653206,6.922622431240338
11,6.922622431240338,7.166092803336434
12,7.166092803336434,7.364508872080369
13,7.364508872080369,7.237546461243191
14,7.237546461243191,6.517737464542044
15,6.517737464542044,5.369981758253884
16,5.369981758253884,4.2618183618284835
17,4.2618183618284835,3.5198954454310236
18,3.5198954454310236,3.174087842825182
19,3.174087842825182,3.1368022138438816
20,3.1368022138438816,3.3638969355227197
21,3.3638969355227197,3.871987851574796
22,3.871987851574796,4.7790857495186705
23,4.7790857495186705,6.491591248978844
24,6.491591248978844,9.642715749495107
25,9.642715749495107,14.288745160553606
26,14.288745160553606,18.95344832450926
27,18.95344832450926,21.15243591357259
28,21.15243591357259,19.58881478214392
29,19.58881478214392,15.541608855676362
30,15.541608855676362,11.557241029234582
31,11.557241029234582,9.122004363201922
32,9.122004363201922,8.012209118725746
33,8.012209118725746,7.368092317222706
34,7.368092317222706,6.680237364571058
35,6.680237364571058,5.850244771020658
36,5.850244771020658,4.944385496538549
37,4.944385496538549,4.168148168429994
38,4.168148168429994,3.8443457694079126
39,3.8443457694079126,4.189678861630597
40,4.189678861630597,5.060344016779224
41,5.060344016779224,5.940356085845426
42,5.940356085845426,6.269454632897357
43,6.269454632897357,5.933139552639094
44,5.933139552639094,5.492788030707348
45,5.492788030707348,5.81937224336955
46,5.81937224336955,7.28800091671485
47,7.28800091671485,9.20958572799635
48,9.20958572799635,10.226208834597568
49,10.226208834597568,9.517763222666606
50,9.517763222666606,7.544440049643522
51,7.544440049643522,5.500884367201235
52,5.500884367201235,4.277414439276619
53,4.277414439276619,4.039893825675987
54,4.039893825675987,4.447340360519922
55,4.447340360519922,4.9856906896652
56,4.9856906896652,5.248169837461763
57,5.248169837461763,5.155414662390822
58,5.155414662390822,4.97876256873349
59,4.97876256873349,5.088509645351365
60,5.088509645351365,5.6270145814201324
61,5.6270145814201324,6.377340631305031
62,6.377340631305031,6.916545795591698
63,6.916545795591698,21.934114024480905
64,21.934114024480905,20.458710326688887
65,20.458710326688887,18.128273476363752
66,18.128273476363752,15.372176062219081
67,15.372176062219081,12.38051117555039
68,12.38051117555039,9.72525169372155
69,9.72525169372155,8.167889028711212
70,8.167889028711212,7.741153507612193
71,7.741153507612193,7.578521033226006
72,7.578521033226006,6.816013689631709
73,6.816013689631709,5.388684820998351
74,5.388684820998351,3.871886293565949
75,3.871886293565949,2.8268989728934866
76,2.8268989728934866,2.474906418336977
77,2.474906418336977,2.7895736072628443
78,2.7895736072628443,3.5969761162985665
79,3.5969761162985665,4.521547269682253
80,4.521547269682253,5.075096520634838
81,5.075096520634838,5.0298290358711775
82,5.0298290358711775,4.67825032592968
83,4.67825032592968,4.590507388587661
84,4.590507388587661,5.085577046231434
85,5.085577046231434,5.957979824592445
86,5.957979824592445,6.816734888863448
87,6.816734888863448,7.81052891262326
88,7.81052891262326,10.091705018275297
89,10.091705018275297,15.226427189417478
90,15.226427189417478,23.50313156389402
91,23.50313156389402,32.5305167724381
92,32.5305167724381,38.40056387174718
93,38.40056387174718,39.11018273999915
94,39.11018273999915,36.14046731709017
95,36.14046731709017,31.96556227886973
96,31.96556227886973,27.273178498541238
97,27.273178498541238,21.66407964814491
98,21.66407964814491,15.697161191590043
99,15.697161191590043,10.75928983778578
100,10.75928983778578,7.567336791748688
101,7.567336791748688,5.839083444843132
102,5.839083444843132,5.078293118276709
103,5.078293118276709,4.96003674209365
104,4.96003674209365,5.139021962225751
105,5.139021962225751,5.175909166915883
106,5.175909166915883,4.807832565563588
107,4.807832565563588,4.108310001220804
108,4.108310001220804,3.3347566929243024
109,3.3347566929243024,2.6815298831234564
110,2.6815298831234564,2.211305404589683
111,2.211305404589683,1.9185992805859011
112,1.9185992805859011,1.7882086880914265
113,1.7882086880914265,1.799723310618592
114,1.799723310618592,1.9346272253294359
115,1.9346272253294359,2.203374329614186
116,2.203374329614186,2.6075508860776546
117,2.6075508860776546,3.0372624108552406
118,3.0372624108552406,3.2813099081696677
119,3.2813099081696677,3.213695420147008
120,3.213695420147008,2.9114027175393264
121,2.9114027175393264,2.543679718269639
122,2.543679718269639,2.2234292201027306
123,2.2234292201027306,1.9993628721956018
124,1.9993628721956018,1.8965742875576657
125,1.8965742875576657,1.8996173803366814
126,1.8996173803366814,1.937295026056002
127,1.937295026056002,17.67858105223481
128,17.67858105223481,18.825893228238506
129,18.825893228238506,20.514083180916895
130,20.514083180916895,21.780305141501287
131,21.780305141501287,21.858646285969954
132,21.858646285969954,20.76962941918864
133,20.76962941918864,19.32276974596266
134,19.32276974596266,18.372869190910137
135,18.372869190910137,18.244963713920207
136,18.244963713920207,18.971870594205463
137,18.971870594205463,20.424982594941753
138,20.424982594941753,21.701082500388157
139,21.701082500388157,21.130112831402837
140,21.130112831402837,17.814857198030932
141,17.814857198030932,12.843861184798023
142,12.843861184798023,8.318845788032883
143,8.318845788032883,5.490713186983972
144,5.490713186983972,4.207274951102546
145,4.207274951102546,3.718834127364441
146,3.718834127364441,3.5000513772481687
147,3.5000513772481687,3.459986807535357
148,3.459986807535357,3.764286055716952
149,3.764286055716952,4.605414473496994
150,4.605414473496994,5.96613325096852
151,5.96613325096852,7.417741888505962
152,7.417741888505962,8.204246789868936
153,8.204246789868936,7.798447184163102
154,7.798447184163102,6.47411028388875
155,6.47411028388875,5.226785380215446
156,5.226785380215446,5.107584094250382
157,5.107584094250382,6.622996580075096
158,6.622996580075096,9.479612139664555
159,9.479612139664555,12.5651086870139
160,12.5651086870139,14.352995796278364
161,14.352995796278364,13.913333689495019
162,13.913333689495019,11.797627201967154
163,11.797627201967154,9.689071941498097
164,9.689071941498097,8.97653285554566
165,8.97653285554566,9.803706162717027
166,9.803706162717027,11.500397348661963
167,11.500397348661963,13.59345137129951
168,13.59345137129951,16.02691974310622
169,16.02691974310622,18.514604328927387
170,18.514604328927387,20.174060807624432
171,20.174060807624432,20.070899788226928
172,20.070899788226928,18.030764218133623
173,18.030764218133623,14.783370620536145
174,14.783370620536145,11.347795026766079
175,11.347795026766079,8.385830592722504
176,8.385830592722504,6.081974116198909
177,6.081974116198909,4.3986530667721
178,4.3986530667721,3.3290048269077457
179,3.3290048269077457,2.9916718432600518
180,2.9916718432600518,3.602105676567578
181,3.602105676567578,5.3225922876812595
182,5.3225922876812595,7.939953739434863
183,7.939953739434863,10.613998547328158
184,10.613998547328158,12.135647438653125
185,12.135647438653125,11.771915133458366
186,11.771915133458366,9.91771543199137
187,9.91771543199137,7.750149581669845
188,7.750149581669845,6.233670029373785
189,6.233670029373785,5.555604658508589
190,5.555604658508589,5.378440493646451
191,5.378440493646451,41.28652235403915
192,41.28652235403915,37.4001182217343
193,37.4001182217343,30.614237940948506
194,30.614237940948506,22.867964246703004
195,22.867964246703004,16.386979663501144
196,16.386979663501144,12.570784854170073
197,12.570784854170073,11.443836902476095
198,11.443836902476095,12.042900120943694
199,12.042900120943694,13.117711793481085
200,13.117711793481085,13.680471747600048
201,13.680471747600048,13.455468233856443
202,13.455468233856443,13.08211866050954
203,13.08211866050954,13.61379219204801
204,13.61379219204801,15.418903004809
205,15.418903004809,17.537323390874064
206,17.537323390874064,18.44941690167303
207,18.44941690167303,17.56976089563382
208,17.56976089563382,15.627935034932616
209,15.627935034932616,13.577062485071238
210,13.577062485071238,11.718006408331618
211,11.718006408331618,10.039235455717241
212,10.039235455717241,8.784182405663554
213,8.784182405663554,8.294891554257426
214,8.294891554257426,8.567428175138472
215,8.567428175138472,9.196118522505028
216,9.196118522505028,9.615446899051005
217,9.615446899051005,9.377777955521683
218,9.377777955521683,8.445504267415693
219,8.445504267415693,7.280646318675743
220,7.280646318675743,6.521131615009866
221,6.521131615009866,6.500214317902513
222,6.500214317902513,7.025352996807103
223,7.025352996807103,7.538611401707806
224,7.538611401707806,7.549441652431638
225,7.549441652431638,7.020757192174795
226,7.020757192174795,6.310401537749929
227,6.310401537749929,5.710348555311153
228,5.710348555311153,5.159051725691924
229,5.159051725691924,4.4485579680652485
230,4.4485579680652485,3.5658480266016594
231,3.5658480266016594,2.735640922324378
232,2.735640922324378,2.242531588898151
233,2.242531588898151,2.3372702070390337
234,2.3372702070390337,3.310495810466306
235,3.310495810466306,5.468773132082388
236,5.468773132082388,8.73092571114495
237,8.73092571114495,12.161840630525543
238,12.161840630525543,14.306173280079847
239,14.306173280079847,14.436176699416105
240,14.436176699416105,13.320838492645503
241,13.320838492645503,12.454527359843366
242,12.454527359843366,12.654068822087252
243,12.654068822087252,13.585296114697364
244,13.585296114697364,14.468981858673216
245,14.468981858673216,15.205935549890429
246,15.205935549890429,16.821148413180154
247,16.821148413180154,20.48457247207474
248,20.48457247207474,25.77696430830332
249,25.77696430830332,30.24148581402501
250,30.24148581402501,31.11672956963318
251,31.11672956963318,27.488415747758893
252,27.488415747758893,20.868842946644943
253,20.868842946644943,14.131129013589723
254,14.131129013589723,9.994136219213788
255,9.994136219213788,31.312346277572104
256,31.312346277572104,31.130119162430294
257,31.130119162430294,30.805380083085566
258,30.805380083085566,30.593556491649373
259,30.593556491649373,30.612634087077204
260,30.612634087077204,30.26163957140991
261,30.26163957140991,28.593564074940744
262,28.593564074940744,25.502958718362258
263,25.502958718362258,22.048984664151654
264,22.048984664151654,19.343320919525937
265,19.343320919525937,17.489002508476464
266,17.489002508476464,15.806818329056979
267,15.806818329056979,13.773880376297978
268,13.773880376297978,11.506996906152274
269,11.506996906152274,9.523369028748007
270,9.523369028748007,8.240074373448994
271,8.240074373448994,7.742687868192428
272,7.742687868192428,7.953843563839919
273,7.953843563839919,8.75059100647855
274,8.75059100647855,9.711235686661414
275,9.711235686661414,10.099589330892494
276,10.099589330892494,9.585261189885514
277,9.585261189885514,8.79363502967342
278,8.79363502967342,8.643380875396366
279,8.643380875396366,9.190125961582584
280,9.190125961582584,9.563172406493127
281,9.563172406493127,9.122900854803742
282,9.122900854803742,8.396853213658158
283,8.396853213658158,8.76763925379167
284,8.76763925379167,11.331713882742187
285,11.331713882742187,16.053752339822886
286,16.053752339822886,21.816449368819516
287,21.816449368819516,27.007355921941176
288,27.007355921941176,29.899402238216787
289,29.899402238216787,29.10129221241391
290,29.10129221241391,24.66394548367658
291,24.66394548367658,18.716275449101392
292,18.716275449101392,14.143037278352763
293,14.143037278352763,12.372044087909893
294,12.372044087909893,12.580564937852792
295,12.580564937852792,12.852788011153466
296,12.852788011153466,11.971323809655825
297,11.971323809655825,10.315745786401175
298,10.315745786401175,9.283626436157164
299,9.283626436157164,9.918097281833877
300,9.918097281833877,11.964139473083522
301,11.964139473083522,14.201504105269795
302,14.201504105269795,15.639369828698314
303,15.639369828698314,16.153765026957156
304,16.153765026957156,15.88270865769245
305,15.88270865769245,14.577348859787719
306,14.577348859787719,12.045739016705719
307,12.045739016705719,8.876978694921673
308,8.876978694921673,6.167964124042886
309,6.167964124042886,4.629075451231347
310,4.629075451231347,4.242684652459229
311,4.242684652459229,4.746882818944993
312,4.746882818944993,6.30967343023989
313,6.30967343023989,9.695470393533503
314,9.695470393533503,15.572016350210683
315,15.572016350210683,23.384002127693336
316,23.384002127693336,31.06756543135888
317,31.06756543135888,36.452831829089355
318,36.452831829089355,38.895547512978325
319,38.895547512978325,25.915419959528833
320,25.915419959528833,29.386523746267738
321,29.386523746267738,34.394454344124924
322,34.394454344124924,37.793083378446845
323,37.793083378446845,37.10367603225632
324,37.10367603225632,32.35173814118352
325,32.35173814118352,25.904727772070306
326,25.904727772070306,20.554858345613077
327,20.554858345613077,17.835886082885786
328,17.835886082885786,17.567735366125063
329,17.567735366125063,18.318296549675225
330,18.318296549675225,18.387699450782105
331,18.387699450782105,16.89338425689093
332,16.89338425689093,14.296007027406914
333,14.296007027406914,11.993883377176374
334,11.993883377176374,11.300473030163412
335,11.300473030163412,12.567953705268383
336,12.567953705268383,15.129502800464442
337,15.129502800464442,18.010370312327794
338,18.010370312327794,20.57303249793371
339,20.57303249793371,22.489085966824053
340,22.489085966824053,23.423153856707238
341,23.423153856707238,23.05222722894146
342,23.05222722894146,21.372313180482067
343,21.372313180482067,18.82537944263569
344,18.82537944263569,16.05407279976311
345,16.05407279976311,13.546874287788516
346,13.546874287788516,11.476296154361798
347,11.476296154361798,9.780839687291405
348,9.780839687291405,8.431004703739166
349,8.431004703739166,7.6886475006260415
350,7.6886475006260415,8.00140016115421
351,8.00140016115421,9.501801535029477
352,9.501801535029477,11.656217106720753
353,11.656217106720753,13.624828832450474
354,13.624828832450474,15.058630876131021
355,15.058630876131021,16.348366741928118
356,16.348366741928118,18.052722882722623
357,18.052722882722623,20.295529767940998
358,20.295529767940998,22.658943010731512
359,22.658943010731512,24.27851137200092
360,24.27851137200092,24.141148359490565
361,24.141148359490565,21.85405215321244
362,21.85405215321244,18.21722060713642
363,18.21722060713642,14.774569069125016
364,14.774569069125016,12.796626756317846
365,12.796626756317846,12.631880019673515
366,12.631880019673515,13.6597334294805
367,13.6597334294805,14.822967220248714
368,14.822967220248714,15.609186556590009
369,15.609186556590009,16.544811997533035
370,16.544811997533035,18.3254034281126
371,18.3254034281126,20.448970936398112
372,20.448970936398112,21.30648813820829
373,21.30648813820829,19.94836908406172
374,19.94836908406172,17.30712663860428
375,17.30712663860428,15.22645291748898
376,15.22645291748898,14.605886252777816
377,14.605886252777816,14.84428581877545
378,14.84428581877545,14.757421574683939
379,14.757421574683939,13.700858010363422
380,13.700858010363422,11.961583231145243
381,11.961583231145243,10.328687506875106
382,10.328687506875106,9.410438001106955
383,9.410438001106955,39.23672829465331
384,39.23672829465331,39.82773626794414
385,39.82773626794414,39.78034072969946
386,39.78034072969946,38.04327960009889
387,38.04327960009889,35.01128597827509
388,35.01128597827509,32.21467250720555
389,32.21467250720555,30.742166711427053
390,30.742166711427053,30.16268415800927
391,30.16268415800927,29.161065918609303
392,29.161065918609303,27.077616851461393
393,27.077616851461393,24.62619905807354
394,24.62619905807354,23.22121515881746
395,23.22121515881746,23.719528242227526
396,23.719528242227526,25.65536200372039
397,25.65536200372039,27.612620039840994
398,27.612620039840994,28.418880726725774
399,28.418880726725774,28.00128137467329
400,28.00128137467329,27.118632036281255
401,27.118632036281255,26.418553718994836
402,26.418553718994836,25.851646909643296
403,25.851646909643296,25.02440518907757
404,25.02440518907757,24.0263960272454
405,24.0263960272454,23.517124006009638
406,23.517124006009638,23.703443014837774
407,23.703443014837774,23.73011250591467
408,23.73011250591467,22.635675886336433
409,22.635675886336433,20.503440530943372
410,20.503440530943372,18.166382034545848
411,18.166382034545848,16.21846545621589
412,16.21846545621589,14.832687700219616
413,14.832687700219616,14.208798228695052
414,14.208798228695052,14.71143681018539
415,14.71143681018539,16.585902807438632
416,16.585902807438632,19.54790179347071
417,19.54790179347071,22.57864281819014
418,22.57864281819014,24.34795370868646
419,24.34795370868646,24.126820099031555
420,24.126820099031555,22.175734027225246
421,22.175734027225246,19.2788001970261
422,19.2788001970261,16.286892357931617
423,16.286892357931617,14.077607553314012
424,14.077607553314012,13.43639370959969
425,13.43639370959969,14.735460557125698
426,14.735460557125698,17.6631535872551
427,17.6631535872551,21.0864051983784
428,21.0864051983784,23.434678782808163
429,23.434678782808163,23.834090851294782
430,23.834090851294782,22.98155800403776
431,22.98155800403776,22.494842214626782
432,22.494842214626782,23.30111144756164
433,23.30111144756164,24.798493965056878
434,24.798493965056878,25.428793912065508
435,25.428793912065508,23.94104169689878
436,23.94104169689878,20.37141181950975
437,20.37141181950975,16.110338784003762
438,16.110338784003762,13.066850268064018
439,13.066850268064018,12.598279843009514
440,12.598279843009514,14.846439563171248
441,14.846439563171248,18.672890417881444
442,18.672890417881444,22.207752399655263
443,22.207752399655263,23.854907958137133
444,23.854907958137133,23.21393310851235
445,23.21393310851235,21.26200350573423
446,21.26200350573423,19.664809637340962
447,19.664809637340962,17.798856261678736
448,17.798856261678736,20.945639935122664
449,20.945639935122664,25.548531011960822
450,25.548531011960822,30.05989526908005
451,30.05989526908005,34.58455528925722
452,34.58455528925722,40.08428634584484
453,40.08428634584484,46.342789653993066
454,46.342789653993066,51.614314513820254
455,51.614314513820254,54.23364100089694
456,54.23364100089694,53.60831506785466
457,53.60831506785466,49.821976012860084
458,49.821976012860084,43.64728396311089
459,43.64728396311089,37.067103663953404
460,37.067103663953404,32.487809228442345
461,32.487809228442345,30.813699553761488
462,30.813699553761488,30.75038795118254
463,30.75038795118254,30.308373749217303
464,30.308373749217303,28.702359734639145
465,28.702359734639145,26.624150117467117
466,26.624150117467117,25.060291661163575
467,25.060291661163575,24.187730304592442
468,24.187730304592442,23.46140874609263
469,23.46140874609263,22.708790164987118
470,22.708790164987118,22.95779206766158
471,22.95779206766158,25.73120396806327
472,25.73120396806327,31.204958405734715
473,31.204958405734715,37.30741150396871
474,37.30741150396871,41.2392266933112
475,41.2392266933112,41.95140115841452
476,41.95140115841452,40.530474726600275
477,40.530474726600275,38.18020277801766
478,38.18020277801766,34.88286716251568
479,34.88286716251568,30.317511333987923
480,30.317511333987923,25.08696466632131
481,25.08696466632131,20.47989071746121
482,20.47989071746121,17.509473393670515
483,17.509473393670515,16.53368350980383
484,16.53368350980383,17.45352733871691
485,17.45352733871691,19.784043242784264
486,19.784043242784264,22.593195757255597
487,22.593195757255597,24.817790762014333
488,24.817790762014333,25.942930279069557
489,25.942930279069557,26.18714192149529
490,26.18714192149529,25.83005569928894
491,25.83005569928894,24.670132179764032
492,24.670132179764032,22.48935865009289
493,22.48935865009289,19.737129983878702
494,19.737129983878702,17.40257728563808
495,17.40257728563808,16.394489319394374
496,16.394489319394374,17.097959890215325
497,17.097959890215325,19.206761704572035
498,19.206761704572035,21.927259734194124
499,21.927259734194124,24.50229408249813
500,24.50229408249813,26.477316578860673
501,26.477316578860673,27.601086481312844
502,27.601086481312844,27.884180849535422
503,27.884180849535422,27.72765298965316
504,27.72765298965316,27.593669037820753
505,27.593669037820753,27.577149750527102
506,27.577149750527102,27.50161127187897
507,27.50161127187897,27.199390595953727
508,27.199390595953727,26.56373960092806
509,26.56373960092806,25.665849622094655
510,25.665849622094655,24.9528478171559
511,24.9528478171559,39.03986916739449
512,39.03986916739449,37.43463900993278
513,37.43463900993278,35.057240341796266
514,35.057240341796266,32.664885799066624
515,32.664885799066624,30.121340895553953
516,30.121340895553953,26.72130627392135
517,26.72130627392135,22.337756606306144
518,22.337756606306144,17.904024874781364
519,17.904024874781364,14.710690007223045
520,14.710690007223045,13.594066605808402
521,13.594066605808402,14.824787485010784
522,14.824787485010784,18.141857879629757
523,18.141857879629757,22.50303394472708
524,22.50303394472708,26.25334325347139
525,26.25334325347139,28.150734084741046
526,28.150734084741046,28.3141004286032
527,28.3141004286032,27.93010155955774
528,27.93010155955774,28.004536893252883
529,28.004536893252883,28.552223190308037
530,28.552223190308037,28.97451098258201
531,28.97451098258201,28.868972314181494
532,28.868972314181494,28.232455934095082
533,28.232455934095082,27.22738201311197
534,27.22738201311197,26.30961991830963
535,26.30961991830963,26.472667411361716
536,26.472667411361716,28.7052093030222
537,28.7052093030222,32.92593920382707
538,32.92593920382707,37.76967755281732
539,37.76967755281732,41.59442299232943
540,41.59442299232943,43.47443719589877
541,43.47443719589877,43.27037944445192
542,43.27037944445192,41.296199558305354
543,41.296199558305354,38.124724603361265
544,38.124724603361265,34.35542282359327
545,34.35542282359327,30.48012669937595
546,30.48012669937595,27.212206264587998
547,27.212206264587998,25.68010794477679
548,25.68010794477679,26.724276281996765
549,26.724276281996765,29.898615367571608
550,29.898615367571608,33.417677172488794
551,33.417677172488794,35.248925010172925
552,35.248925010172925,34.45305154078879
553,34.45305154078879,31.724586846017623
554,31.724586846017623,28.671466063223537
555,28.671466063223537,26.58484924872569
556,26.58484924872569,25.936462194426845
557,25.936462194426845,26.68721797796635
558,26.68721797796635,28.531991501615344
559,28.531991501615344,30.858685349283498
560,30.858685349283498,32.837620573703525
561,32.837620573703525,33.744806755160674
562,33.744806755160674,33.291422295650165
563,33.291422295650165,31.776382787610757
564,31.776382787610757,29.94322766546129
565,29.94322766546129,28.60681187120263
566,28.60681187120263,28.377127284245002
567,28.377127284245002,29.545183079252467
568,29.545183079252467,31.864117298906656
569,31.864117298906656,34.452213411686635
570,34.452213411686635,36.314618999916135
571,36.314618999916135,37.08260670641832
572,37.08260670641832,37.07969266825253
573,37.07969266825253,36.81887038939354
574,36.81887038939354,36.627786910663836
575,36.627786910663836,32.42472231863892
576,32.42472231863892,31.633277332414345
577,31.633277332414345,31.06434949026611
578,31.06434949026611,31.714849301254198
579,31.714849301254198,33.70292488823127
580,33.70292488823127,36.42412048182193
581,36.42412048182193,39.142346643723656
582,39.142346643723656,41.08040103407633
583,41.08040103407633,41.38785712139505
584,41.38785712139505,39.79649809705175
585,39.79649809705175,37.29300891639889
586,37.29300891639889,35.374541840780374
587,35.374541840780374,34.44248738428359
588,34.44248738428359,33.565436638219545
589,33.565436638219545,32.08188555847027
590,32.08188555847027,30.801027297799415
591,30.801027297799415,31.04962793477433
592,31.04962793477433,32.850172070654864
593,32.850172070654864,34.630919780949256
594,34.630919780949256,34.74330017536525
595,34.74330017536525,32.8933443737217
596,32.8933443737217,30.073937663743422
597,30.073937663743422,27.365809992504147
598,27.365809992504147,25.013181106326684
599,25.013181106326684,22.66440473228193
600,22.66440473228193,20.254271793733718
601,20.254271793733718,18.44216658238083
602,18.44216658238083,18.307181234573967
603,18.307181234573967,20.60750724392749
604,20.60750724392749,24.9623336469769
605,24.9623336469769,29.70037565440045
606,29.70037565440045,32.92803054563355
607,32.92803054563355,33.91327446741123
608,33.91327446741123,33.24861548735062
609,33.24861548735062,31.986171600157487
610,31.986171600157487,31.029602324614483
611,31.029602324614483,30.932347127173156
612,30.932347127173156,31.568309782843667
613,31.568309782843667,32.01258312388778
614,32.01258312388778,31.260016517657277
615,31.260016517657277,29.243217896180397
616,29.243217896180397,26.953660475397562
617,26.953660475397562,25.539732421690406
618,25.539732421690406,25.459245629281618
619,25.459245629281618,26.433796283697873
620,26.433796283697873,27.966202284267503
621,27.966202284267503,29.887230835137824
622,29.887230835137824,32.5871220397174
623,32.5871220397174,36.584837525534056
624,36.584837525534056,41.47846216039316
625,41.47846216039316,45.47052720103251
626,45.47052720103251,46.55896494057231
627,46.55896494057231,44.430580736100886
628,44.430580736100886,40.77746300926245
629,40.77746300926245,37.58741197005201
630,37.58741197005201,35.56985224862189
631,35.56985224862189,34.29531632235988
632,34.29531632235988,33.2176373407975
633,33.2176373407975,32.21788490187906
634,32.21788490187906,31.469692677748252
635,31.469692677748252,31.085270844022155
636,31.085270844022155,30.954968796888302
637,30.954968796888302,30.897518837429356
638,30.897518837429356,30.851685695032305
639,30.851685695032305,70.8972013303961
640,70.8972013303961,69.8341266121112
641,69.8341266121112,67.9298924201036
642,67.9298924201036,65.41191374298577
643,65.41191374298577,62.356882609088984
644,62.356882609088984,58.87966413517409
645,58.87966413517409,55.52523670901927
646,55.52523670901927,53.29794777628761
647,53.29794777628761,53.05769368951408
648,53.05769368951408,54.763819457787505
649,54.763819457787505,57.391051760266365
650,57.391051760266365,59.70293032700209
651,59.70293032700209,61.008906119686905
652,61.008906119686905,61.169410976710516
653,61.169410976710516,60.29828562757669
654,60.29828562757669,58.800587455483054
655,58.800587455483054,57.403942280595814
656,57.403942280595814,56.7876333826063
657,56.7876333826063,57.17585506700479
658,57.17585506700479,58.23892954904525
659,58.23892954904525,59.15585287309008
660,59.15585287309008,58.95648055033128
661,58.95648055033128,57.243227690795464
662,57.243227690795464,54.6610033486791
663,54.6610033486791,52.491124914069154
664,52.491124914069154,51.670652401213076
665,51.670652401213076,52.119161519618956
666,52.119161519618956,53.0125784948834
667,53.0125784948834,53.665823850580146
668,53.665823850580146,54.01293932076551
669,54.01293932076551,54.33047225858467
670,54.33047225858467,54.75784542905174
671,54.75784542905174,55.01805728898714
672,55.01805728898714,54.504632062165825
673,54.504632062165825,52.843820985008634
674,52.843820985008634,50.40886013140049
675,50.40886013140049,48.027322587779324
676,48.027322587779324,46.10778459248387
677,46.10778459248387,44.285246307383126
678,44.285246307383126,42.16533698655099
679,42.16533698655099,40.19281506663596
680,40.19281506663596,39.19362701674726
681,39.19362701674726,39.12387250658613
682,39.12387250658613,39.01609220979343
683,39.01609220979343,38.1867432947556
684,38.1867432947556,36.82470355919576
685,36.82470355919576,35.34933474147959
686,35.34933474147959,33.90175879371005
687,33.90175879371005,32.69601075428441
688,32.69601075428441,32.29085862192367
689,32.29085862192367,33.02876671700636
690,33.02876671700636,34.37912632994663
691,34.37912632994663,35.15399584001247
692,35.15399584001247,34.34220927849579
693,34.34220927849579,31.762071028472253
694,31.762071028472253,28.147514808686292
695,28.147514808686292,24.71179878703794
696,24.71179878703794,22.48121382597801
697,22.48121382597801,21.87504336538579
698,21.87504336538579,22.72046523355328
699,22.72046523355328,24.445717999087563
700,24.445717999087563,26.29995200007923
701,26.29995200007923,27.667753384933278
702,27.667753384933278,28.327416026204663
