,Curvature_n,Curvature_n1
0,110.76754048202845,107.56656742849324
1,107.56656742849324,102.61902523072399
2,102.61902523072399,97.39724331009
3,97.39724331009,92.31771061141217
4,92.31771061141217,87.19170877889616
5,87.19170877889616,82.50253500771501
6,82.50253500771501,79.76983682098903
7,79.76983682098903,80.09493828774441
8,80.09493828774441,82.39170155734703
9,82.39170155734703,83.93612642709917
10,83.93612642709917,83.06800220738833
11,83.06800220738833,80.50816002081373
12,80.50816002081373,77.62725577974638
13,77.62725577974638,74.66930230838673
14,74.66930230838673,71.57691551093598
15,71.57691551093598,69.31350553259875
16,69.31350553259875,69.01850101226694
17,69.01850101226694,70.55881318496645
18,70.55881318496645,73.06547895729634
19,73.06547895729634,76.33345191025134
20,76.33345191025134,80.53198393461845
21,80.53198393461845,84.83624965561914
22,84.83624965561914,87.45290839917361
23,87.45290839917361,87.21135619651221
24,87.21135619651221,84.54784029367244
25,84.54784029367244,80.78182510211396
26,80.78182510211396,76.81688712253454
27,76.81688712253454,72.77726104363796
28,72.77726104363796,68.72325398020087
29,68.72325398020087,65.20505945968746
30,65.20505945968746,62.7816320192311
31,62.7816320192311,61.331104410737375
32,61.331104410737375,60.55302104562017
33,60.55302104562017,61.225836456861
34,61.225836456861,64.95650401915313
35,64.95650401915313,72.1168635755481
36,72.1168635755481,80.8002648889576
37,80.8002648889576,88.2927017534641
38,88.2927017534641,92.98508757283044
39,92.98508757283044,94.74455020660938
40,94.74455020660938,94.07926356702461
41,94.07926356702461,91.3211910628437
42,91.3211910628437,86.48357821684195
43,86.48357821684195,79.80637557814276
44,79.80637557814276,72.31982897356811
45,72.31982897356811,65.63960824329385
46,65.63960824329385,61.19705524615534
47,61.19705524615534,59.77275745937244
48,59.77275745937244,61.39933029546128
49,61.39933029546128,65.1630290905727
50,65.1630290905727,69.17359598911304
51,69.17359598911304,71.36739415105012
52,71.36739415105012,70.68815998015866
53,70.68815998015866,67.60190181339215
54,67.60190181339215,63.60314433012752
55,63.60314433012752,60.17346606647248
56,60.17346606647248,57.9032218205292
57,57.9032218205292,56.36690187281326
58,56.36690187281326,54.816847177171454
59,54.816847177171454,53.08341468965768
60,53.08341468965768,51.72893916168519
61,51.72893916168519,51.22952079843147
62,51.22952079843147,51.28871177382857
63,51.28871177382857,47.61737062437867
64,47.61737062437867,46.5593693451011
65,46.5593693451011,45.672864588664474
66,45.672864588664474,46.022409821201066
67,46.022409821201066,47.56310161885027
68,47.56310161885027,49.80026977612742
69,49.80026977612742,52.76224796175607
70,52.76224796175607,56.57170257741982
71,56.57170257741982,60.356502225715744
72,60.356502225715744,62.60664197186992
73,62.60664197186992,62.848562943700045
74,62.848562943700045,62.3046470847687
75,62.3046470847687,62.47930135148941
76,62.47930135148941,63.47815135544069
77,63.47815135544069,64.16016344265117
78,64.16016344265117,63.65369126746664
79,63.65369126746664,62.15446437509776
80,62.15446437509776,60.325644023054124
81,60.325644023054124,58.469017876657134
82,58.469017876657134,56.501023231640275
83,56.501023231640275,54.42256285993116
84,54.42256285993116,52.40143475207373
85,52.40143475207373,50.42206593181927
86,50.42206593181927,48.27408188557654
87,48.27408188557654,46.045842283445566
88,46.045842283445566,44.28423118650953
89,44.28423118650953,43.562361267166686
90,43.562361267166686,44.272107373930425
91,44.272107373930425,46.70353508616285
92,46.70353508616285,50.64249730344362
93,50.64249730344362,54.832310134035055
94,54.832310134035055,57.43374057867687
95,57.43374057867687,57.226519475293216
96,57.226519475293216,54.35296463714967
97,54.35296463714967,50.16249559382859
98,50.16249559382859,46.50052844852966
99,46.50052844852966,44.682326981802106
100,44.682326981802106,44.72807443233983
101,44.72807443233983,45.66319494699166
102,45.66319494699166,46.51845892540982
103,46.51845892540982,46.76954919516797
104,46.76954919516797,46.12026349354772
105,46.12026349354772,44.67225150279808
106,44.67225150279808,43.30428463381586
107,43.30428463381586,43.116326475291565
108,43.116326475291565,44.43765938756697
109,44.43765938756697,46.82095321368774
110,46.82095321368774,49.64305802702304
111,49.64305802702304,52.121934803620874
112,52.121934803620874,53.10910736731233
113,53.10910736731233,51.50897529728018
114,51.50897529728018,47.20968689423347
115,47.20968689423347,41.74848839755955
116,41.74848839755955,37.848591010238245
117,37.848591010238245,37.629625066727584
118,37.629625066727584,40.74223204653466
119,40.74223204653466,44.3467627568108
120,44.3467627568108,45.317939804549006
121,45.317939804549006,42.678160151148866
122,42.678160151148866,38.002683039140614
123,38.002683039140614,33.86133748395053
124,33.86133748395053,32.03929716332319
125,32.03929716332319,32.53459112862353
126,32.53459112862353,33.67466164666738
127,33.67466164666738,40.72614610737411
128,40.72614610737411,38.84032673974737
129,38.84032673974737,36.4832242392334
130,36.4832242392334,35.42470630208611
131,35.42470630208611,36.77355634123344
132,36.77355634123344,40.660401007316054
133,40.660401007316054,46.37813379813052
134,46.37813379813052,52.61782398340732
135,52.61782398340732,57.695714406353844
136,57.695714406353844,59.88000784903288
137,59.88000784903288,58.114425554205795
138,58.114425554205795,53.09704761741193
139,53.09704761741193,47.834370042439446
140,47.834370042439446,46.62915870579191
141,46.62915870579191,52.582707326150725
142,52.582707326150725,64.88782380473437
143,64.88782380473437,78.38888440985758
144,78.38888440985758,86.90739428472642
145,86.90739428472642,88.0211308443608
146,88.0211308443608,84.26151969382155
147,84.26151969382155,79.73891259344849
148,79.73891259344849,76.53214177623065
149,76.53214177623065,73.86238414885926
150,73.86238414885926,69.22725721399587
151,69.22725721399587,60.717076271188226
152,60.717076271188226,49.9754221413272
153,49.9754221413272,42.801713008936915
154,42.801713008936915,45.16571840827912
155,45.16571840827912,57.93475803938456
156,57.93475803938456,75.55523548330854
157,75.55523548330854,89.71385867941575
158,89.71385867941575,94.55026731934566
159,94.55026731934566,89.9870353122691
160,89.9870353122691,81.38784823532927
161,81.38784823532927,75.6578740586066
162,75.6578740586066,76.2374267924991
163,76.2374267924991,81.00076340236737
164,81.00076340236737,84.86172516046875
165,84.86172516046875,84.69027838813375
166,84.69027838813375,81.90087455414243
167,81.90087455414243,80.19639682498668
168,80.19639682498668,81.15157737928995
169,81.15157737928995,83.05444638128634
170,83.05444638128634,84.24526697782323
171,84.24526697782323,85.79412283234205
172,85.79412283234205,89.76653764729703
173,89.76653764729703,96.42125087441444
174,96.42125087441444,104.07670353592553
175,104.07670353592553,110.14905617367683
176,110.14905617367683,111.56138110462058
177,111.56138110462058,106.36631971839867
178,106.36631971839867,96.62962000092253
179,96.62962000092253,88.62258979764344
180,88.62258979764344,88.47920834780555
181,88.47920834780555,97.06453124558361
182,97.06453124558361,109.19939627637939
183,109.19939627637939,117.96723549739478
184,117.96723549739478,119.9054756138074
185,119.9054756138074,116.41684550165034
186,116.41684550165034,110.70196703581013
187,110.70196703581013,103.9853869293384
188,103.9853869293384,95.42426341114039
189,95.42426341114039,85.57898703968523
190,85.57898703968523,78.45790668999123
191,78.45790668999123,120.63517542631656
192,120.63517542631656,122.30929146607846
193,122.30929146607846,122.00646159126006
194,122.00646159126006,115.22435070325706
195,115.22435070325706,100.48498788505917
196,100.48498788505917,81.24688192016706
197,81.24688192016706,64.11943446449817
198,64.11943446449817,54.96642531107558
199,54.96642531107558,55.578888496676285
200,55.578888496676285,62.46922617229363
201,62.46922617229363,68.68696328201472
202,68.68696328201472,68.04906677381182
203,68.04906677381182,58.816654967485064
204,58.816654967485064,44.10930164090608
205,44.10930164090608,29.162615103922192
206,29.162615103922192,17.89403064855868
207,17.89403064855868,11.563266222586167
208,11.563266222586167,9.808298812042572
209,9.808298812042572,11.997196597963407
210,11.997196597963407,17.266660988268526
211,17.266660988268526,23.898080419532285
212,23.898080419532285,29.362190227926305
213,29.362190227926305,31.394410657606098
214,31.394410657606098,29.2825094441795
215,29.2825094441795,24.17917769606361
216,24.17917769606361,18.062909585531685
217,18.062909585531685,12.459474078739948
218,12.459474078739948,8.032909317944908
219,8.032909317944908,4.956235241166514
220,4.956235241166514,3.3507019689358164
221,3.3507019689358164,3.4876481243631714
222,3.4876481243631714,5.648129171222737
223,5.648129171222737,9.525147047278958
224,9.525147047278958,13.7181666642307
225,13.7181666642307,16.548920626036907
226,16.548920626036907,18.096102479877906
227,18.096102479877906,20.810519368201415
228,20.810519368201415,26.830056766766823
229,26.830056766766823,34.694739794639645
230,34.694739794639645,40.25184148874764
231,40.25184148874764,41.33633956007123
232,41.33633956007123,39.80021060216254
233,39.80021060216254,37.93143841916692
234,37.93143841916692,35.081643227967724
235,35.081643227967724,29.72632572560398
236,29.72632572560398,23.01784696161222
237,23.01784696161222,18.174912539299
238,18.174912539299,17.12383675696784
239,17.12383675696784,18.914391109896226
240,18.914391109896226,20.814505853870557
241,20.814505853870557,20.36516151268477
242,20.36516151268477,17.01070192314643
243,17.01070192314643,12.279763415180147
244,12.279763415180147,8.518217780272543
245,8.518217780272543,7.582987814235507
246,7.582987814235507,10.548320953684339
247,10.548320953684339,17.477866473487857
248,17.477866473487857,26.450181648247124
249,26.450181648247124,33.30857073155979
250,33.30857073155979,34.021893457857956
251,34.021893457857956,28.09511943083105
252,28.09511943083105,19.01668240303386
253,19.01668240303386,11.16568053882117
254,11.16568053882117,6.972336014830885
255,6.972336014830885,10.793247603681348
256,10.793247603681348,9.925741529861428
257,9.925741529861428,8.264371551092589
258,8.264371551092589,6.243179721242257
259,6.243179721242257,4.528828448446452
260,4.528828448446452,3.5483349730022886
261,3.5483349730022886,3.3187236590710327
262,3.3187236590710327,3.6116063864474603
263,3.6116063864474603,4.120735589149462
264,4.120735589149462,4.62410158905911
265,4.62410158905911,5.251187096174776
266,5.251187096174776,6.498050535636992
267,6.498050535636992,8.624855199376402
268,8.624855199376402,10.928645565037147
269,10.928645565037147,11.9866305246676
270,11.9866305246676,10.983068792516919
271,10.983068792516919,8.642340973085037
272,8.642340973085037,6.583346320137509
273,6.583346320137509,5.852431692947977
274,5.852431692947977,6.182129078273735
275,6.182129078273735,6.503740267226427
276,6.503740267226427,6.038459087160703
277,6.038459087160703,4.88879502442836
278,4.88879502442836,3.6921281641167107
279,3.6921281641167107,2.924806930766031
280,2.924806930766031,2.6076259299306064
281,2.6076259299306064,2.4975996928337123
282,2.4975996928337123,2.376186269169689
283,2.376186269169689,2.1798718814643703
284,2.1798718814643703,1.9589050847749934
285,1.9589050847749934,1.784541058679976
286,1.784541058679976,1.69126751708512
287,1.69126751708512,1.665177516879211
288,1.665177516879211,1.654563357346841
289,1.654563357346841,1.606437725253811
290,1.606437725253811,1.5102646352914988
291,1.5102646352914988,1.4435374225975635
292,1.4435374225975635,1.6142097299153302
293,1.6142097299153302,2.385659915942138
294,2.385659915942138,4.131285437099287
295,4.131285437099287,6.778421017027197
296,6.778421017027197,9.383325661127254
297,9.383325661127254,10.534443697802375
298,10.534443697802375,9.61602097001855
299,9.61602097001855,7.558240067444404
300,7.558240067444404,6.062232026742655
301,6.062232026742655,6.198386445169209
302,6.198386445169209,7.837749583726197
303,7.837749583726197,10.08402212767865
304,10.08402212767865,11.924543547602042
305,11.924543547602042,12.580538167589562
306,12.580538167589562,11.679230266665328
307,11.679230266665328,9.466928519618417
308,9.466928519618417,6.7969289854545805
309,6.7969289854545805,4.621800314450466
310,4.621800314450466,3.37650696082327
311,3.37650696082327,2.8704784578080464
312,2.8704784578080464,2.6860093483962135
313,2.6860093483962135,2.5895129512020585
314,2.5895129512020585,2.600115525311083
315,2.600115525311083,2.787658657779588
316,2.787658657779588,3.099872508026248
317,3.099872508026248,3.3897914047839333
318,3.3897914047839333,3.5489933492238492
319,3.5489933492238492,33.357271567959884
320,33.357271567959884,32.1209975467481
321,32.1209975467481,31.859779110248684
322,31.859779110248684,33.0451560401614
323,33.0451560401614,32.8022165211222
324,32.8022165211222,28.337374996875038
325,28.337374996875038,20.422803220503436
326,20.422803220503436,12.495602788517905
327,12.495602788517905,7.551843969876038
328,7.551843969876038,6.9848167591647705
329,6.9848167591647705,11.252435825947826
330,11.252435825947826,19.821955385342832
331,19.821955385342832,30.021675596681963
332,30.021675596681963,37.213525265097346
333,37.213525265097346,37.66311350444098
334,37.66311350444098,31.490698999070844
335,31.490698999070844,22.380505940295308
336,22.380505940295308,14.542832267405156
337,14.542832267405156,10.189079622241836
338,10.189079622241836,9.192805465831542
339,9.192805465831542,10.224714450897073
340,10.224714450897073,12.023853406957889
341,12.023853406957889,13.92860123138804
342,13.92860123138804,15.612628628800294
343,15.612628628800294,16.671047903644208
344,16.671047903644208,16.68331279150067
345,16.68331279150067,15.572789207887137
346,15.572789207887137,13.74535405142768
347,13.74535405142768,11.87068046341988
348,11.87068046341988,10.512694688484967
349,10.512694688484967,9.789890997776553
350,9.789890997776553,9.375334220799793
351,9.375334220799793,8.9483854895639
352,8.9483854895639,8.50452321870824
353,8.50452321870824,8.07532097468005
354,8.07532097468005,7.438583284041343
355,7.438583284041343,6.450271414823424
356,6.450271414823424,5.471573480762493
357,5.471573480762493,5.093758960057165
358,5.093758960057165,5.464966894519765
359,5.464966894519765,6.0911962925791165
360,6.0911962925791165,6.317355132061301
361,6.317355132061301,5.900366462346007
362,5.900366462346007,5.095520383902385
363,5.095520383902385,4.3125392044545645
364,4.3125392044545645,3.7984660500085274
365,3.7984660500085274,3.5619620028959718
366,3.5619620028959718,3.4537461436744934
367,3.4537461436744934,3.3110613283359385
368,3.3110613283359385,3.1073966231613053
369,3.1073966231613053,2.988206639332961
370,2.988206639332961,3.165286576800695
371,3.165286576800695,3.774200855710954
372,3.774200855710954,4.75829830698171
373,4.75829830698171,5.819099316190988
374,5.819099316190988,6.547419625192673
375,6.547419625192673,6.712954806775318
376,6.712954806775318,6.426879206678355
377,6.426879206678355,5.9743684369163725
378,5.9743684369163725,5.511325426963516
379,5.511325426963516,4.999128680189418
380,4.999128680189418,4.418314138511057
381,4.418314138511057,3.90148033828724
382,3.90148033828724,3.6093412153093056
383,3.6093412153093056,3.1476629403654286
384,3.1476629403654286,4.250998364737605
385,4.250998364737605,6.20749605136872
386,6.20749605136872,8.206572255836296
387,8.206572255836296,9.086289693698435
388,9.086289693698435,8.270236189347681
389,8.270236189347681,6.340718613652622
390,6.340718613652622,4.442109244107118
391,4.442109244107118,3.279821746449578
392,3.279821746449578,2.8378439301795932
393,2.8378439301795932,2.7711464148327427
394,2.7711464148327427,2.8041541221274797
395,2.8041541221274797,2.855697394593342
396,2.855697394593342,2.967429774527079
397,2.967429774527079,3.1431241151999982
398,3.1431241151999982,3.2488177224346217
399,3.2488177224346217,3.1249080894965413
400,3.1249080894965413,2.7771725587446765
401,2.7771725587446765,2.3849602859685612
402,2.3849602859685612,2.1231236187293043
403,2.1231236187293043,2.0449775293071317
404,2.0449775293071317,2.1178643489063904
405,2.1178643489063904,2.281776769433871
406,2.281776769433871,2.4591018954111594
407,2.4591018954111594,2.573287667083136
408,2.573287667083136,2.6000317791612133
409,2.6000317791612133,2.578590426814797
410,2.578590426814797,2.554182692744419
411,2.554182692744419,2.5293687040727084
412,2.5293687040727084,2.483360934551901
413,2.483360934551901,2.408817250183109
414,2.408817250183109,2.3126233065084643
415,2.3126233065084643,2.205982007463273
416,2.205982007463273,2.1183910480105563
417,2.1183910480105563,2.122642871866003
418,2.122642871866003,2.329931889258779
419,2.329931889258779,2.8081512407108873
420,2.8081512407108873,3.453330707010618
421,3.453330707010618,3.9755294256205773
422,3.9755294256205773,4.099184472175859
423,4.099184472175859,3.818229478213321
424,3.818229478213321,3.418932099977994
425,3.418932099977994,3.2137302583390617
426,3.2137302583390617,3.2640915881971417
427,3.2640915881971417,3.383459686362956
428,3.383459686362956,3.38142031804308
429,3.38142031804308,3.240013921149501
430,3.240013921149501,3.050072640670917
431,3.050072640670917,2.8625758749191688
432,2.8625758749191688,2.676843419218097
433,2.676843419218097,2.55558896384015
434,2.55558896384015,2.716115407028631
435,2.716115407028631,3.443660712861774
436,3.443660712861774,4.785032793573105
437,4.785032793573105,6.270143770775949
438,6.270143770775949,7.114926868184549
439,7.114926868184549,6.9160942955258315
440,6.9160942955258315,6.0664554602731995
441,6.0664554602731995,5.319187614683024
442,5.319187614683024,5.039662839987123
443,5.039662839987123,5.013098892831164
444,5.013098892831164,4.8644703254081225
445,4.8644703254081225,4.505183241683753
446,4.505183241683753,4.18433608639956
447,4.18433608639956,26.252572177518587
448,26.252572177518587,21.599695931162103
449,21.599695931162103,15.003563623620277
450,15.003563623620277,9.366614699896223
451,9.366614699896223,5.808482709434247
452,5.808482709434247,3.9110919096468946
453,3.9110919096468946,2.9387060644536263
454,2.9387060644536263,2.4717878273746656
455,2.4717878273746656,2.3298641206195656
456,2.3298641206195656,2.3681891041606824
457,2.3681891041606824,2.4615298584277023
458,2.4615298584277023,2.6078085127633934
459,2.6078085127633934,2.9585494162023642
460,2.9585494162023642,3.6808900946534875
461,3.6808900946534875,4.751729343311284
462,4.751729343311284,5.886574807592109
463,5.886574807592109,6.726506766495278
464,6.726506766495278,7.110585152560155
465,7.110585152560155,7.0821020229035625
466,7.0821020229035625,6.696780141986323
467,6.696780141986323,6.066454624870091
468,6.066454624870091,5.624134522431689
469,5.624134522431689,6.070323229327978
470,6.070323229327978,7.902984406572286
471,7.902984406572286,10.943686493983128
472,10.943686493983128,14.19782798827623
473,14.19782798827623,16.19153890233288
474,16.19153890233288,15.80156136133251
475,15.80156136133251,13.182932174556909
476,13.182932174556909,9.868676064812169
477,9.868676064812169,7.687936612311038
478,7.687936612311038,7.461902933402218
479,7.461902933402218,8.601216598038368
480,8.601216598038368,9.69520562064731
481,9.69520562064731,9.527955582334279
482,9.527955582334279,7.888394738086601
483,7.888394738086601,5.588662153450315
484,5.588662153450315,3.6948543193151746
485,3.6948543193151746,2.745506264429692
486,2.745506264429692,2.6284279317214185
487,2.6284279317214185,2.917523284378053
488,2.917523284378053,3.191637375399238
489,3.191637375399238,3.1840926286218147
490,3.1840926286218147,2.8448733542737505
491,2.8448733542737505,2.3293657229072915
492,2.3293657229072915,1.871979167910794
493,1.871979167910794,1.6306906701220854
494,1.6306906701220854,1.6838294248454062
495,1.6838294248454062,2.1920423487868215
496,2.1920423487868215,3.538593467691056
497,3.538593467691056,6.152745140293147
498,6.152745140293147,9.887818219075022
499,9.887818219075022,13.442441913414838
500,13.442441913414838,14.864604786657223
501,14.864604786657223,13.197814240323913
502,13.197814240323913,9.474361683187096
503,9.474361683187096,5.724952870291963
504,5.724952870291963,3.264339130165426
505,3.264339130165426,2.1477583980693233
506,2.1477583980693233,1.8039512510143572
507,1.8039512510143572,1.7167780794864371
508,1.7167780794864371,1.6354908174140592
509,1.6354908174140592,1.5144107547951875
510,1.5144107547951875,1.418112912990956
511,1.418112912990956,3.9560699678188493
512,3.9560699678188493,3.7859257102409494
513,3.7859257102409494,3.3863489390177675
514,3.3863489390177675,2.818792543280228
515,2.818792543280228,2.330022616892605
516,2.330022616892605,2.1690474447338075
517,2.1690474447338075,2.3733892498795903
518,2.3733892498795903,2.7551430209695016
519,2.7551430209695016,3.0628112810365784
520,3.0628112810365784,3.154590114929071
521,3.154590114929071,3.0614996405206836
522,3.0614996405206836,2.9148551754359167
523,2.9148551754359167,2.820123929788777
524,2.820123929788777,2.795304299870324
525,2.795304299870324,2.802889825307814
526,2.802889825307814,2.8138776141825383
527,2.8138776141825383,2.8502447923103764
528,2.8502447923103764,2.962846735268817
529,2.962846735268817,3.1591788208577465
530,3.1591788208577465,3.370482281453725
531,3.370482281453725,3.4932722943998398
532,3.4932722943998398,3.4542311267777785
533,3.4542311267777785,3.261840613349452
534,3.261840613349452,3.025851710194761
535,3.025851710194761,2.8902431711152707
536,2.8902431711152707,2.916496508369423
537,2.916496508369423,3.0699703329215797
538,3.0699703329215797,3.46015248457465
539,3.46015248457465,4.63335053476392
540,4.63335053476392,7.654426393308161
541,7.654426393308161,13.655128832977761
542,13.655128832977761,22.78477769029029
543,22.78477769029029,33.16228543632668
544,33.16228543632668,41.11168573271137
545,41.11168573271137,43.14767569661764
546,43.14767569661764,38.26437838254025
547,38.26437838254025,28.617737923166032
548,28.617737923166032,18.104038624320342
549,18.104038624320342,9.948675609138405
550,9.948675609138405,5.183965019908965
551,5.183965019908965,3.019186475695819
552,3.019186475695819,2.209439607309158
553,2.209439607309158,1.9470381541111812
554,1.9470381541111812,1.9135951844612795
555,1.9135951844612795,1.9997976608404129
556,1.9997976608404129,2.158473410236163
557,2.158473410236163,2.3507796651756427
558,2.3507796651756427,2.5406295116543953
559,2.5406295116543953,2.7063139995131533
560,2.7063139995131533,2.8749104714408165
561,2.8749104714408165,3.1047077286717
562,3.1047077286717,3.4095306644407497
563,3.4095306644407497,3.708334691829982
564,3.708334691829982,3.8702023875953593
565,3.8702023875953593,3.820372324939629
566,3.820372324939629,3.6536354939333027
567,3.6536354939333027,3.71920979758322
568,3.71920979758322,4.664648212517453
569,4.664648212517453,7.188169902636297
570,7.188169902636297,11.25757792642034
571,11.25757792642034,15.423829446010883
572,15.423829446010883,17.561829191885632
573,17.561829191885632,17.013617950825633
574,17.013617950825633,15.589000881156133
575,15.589000881156133,28.29904654355429
576,28.29904654355429,23.395950637937336
577,23.395950637937336,16.536908074093546
578,16.536908074093546,10.790357156798432
579,10.790357156798432,7.219804606376873
580,7.219804606376873,5.33725924428426
581,5.33725924428426,4.590374463965828
582,4.590374463965828,5.069903910094377
583,5.069903910094377,7.172374487562592
584,7.172374487562592,10.706933630336927
585,10.706933630336927,14.2294325076507
586,14.2294325076507,15.648119945991608
587,15.648119945991608,13.96050107438263
588,13.96050107438263,10.182770479494222
589,10.182770479494222,6.2984033653230265
590,6.2984033653230265,3.620924768117951
591,3.620924768117951,2.325637630528874
592,2.325637630528874,2.0018910814918693
593,2.0018910814918693,2.2038143899139118
594,2.2038143899139118,2.6225877471112637
595,2.6225877471112637,3.045462928547649
596,3.045462928547649,3.292526912830528
597,3.292526912830528,3.2596331050515803
598,3.2596331050515803,3.072890215399817
599,3.072890215399817,3.1265262812585983
600,3.1265262812585983,3.847777866492981
601,3.847777866492981,5.304030095711349
602,5.304030095711349,6.9671916215454885
603,6.9671916215454885,7.937595325971211
604,7.937595325971211,7.6011818613366335
605,7.6011818613366335,6.1467793977616925
606,6.1467793977616925,4.380500614181143
607,4.380500614181143,3.0597190777547967
608,3.0597190777547967,2.446829219830993
609,2.446829219830993,2.3601547762249018
610,2.3601547762249018,2.4639354479452904
611,2.4639354479452904,2.511602357778955
612,2.511602357778955,2.441071872920521
613,2.441071872920521,2.336067228125486
614,2.336067228125486,2.315674458658327
615,2.315674458658327,2.4356785574177793
616,2.4356785574177793,2.645908224110259
617,2.645908224110259,2.809733148059366
618,2.809733148059366,2.790341510344882
619,2.790341510344882,2.5663676624985907
620,2.5663676624985907,2.2598632842241835
621,2.2598632842241835,2.0263838627547206
622,2.0263838627547206,1.9313328974171373
623,1.9313328974171373,1.938453968660967
624,1.938453968660967,1.987673103535708
625,1.987673103535708,2.054984728502372
626,2.054984728502372,2.137717683409364
627,2.137717683409364,2.203900244661648
628,2.203900244661648,2.185878264547497
629,2.185878264547497,2.0377203019781835
630,2.0377203019781835,1.793693222091696
631,1.793693222091696,1.5629838324148722
632,1.5629838324148722,1.4624488492131607
633,1.4624488492131607,1.533977081888553
634,1.533977081888553,1.7043649757826973
635,1.7043649757826973,1.8308435487103627
636,1.8308435487103627,1.8138182842235944
637,1.8138182842235944,1.6815740849151262
638,1.6815740849151262,1.5604491867612484
639,1.5604491867612484,71.47089271276452
640,71.47089271276452,66.96384042232884
641,66.96384042232884,59.292987235054845
642,59.292987235054845,49.80055135983457
643,49.80055135983457,39.55558893418717
644,39.55558893418717,29.769227812203603
645,29.769227812203603,21.313428189053656
646,21.313428189053656,14.331266126171487
647,14.331266126171487,8.85896124868494
648,8.85896124868494,5.2575889088424725
649,5.2575889088424725,3.873939598953682
650,3.873939598953682,4.6687552241519406
651,4.6687552241519406,7.032780622290046
652,7.032780622290046,9.645302874786324
653,9.645302874786324,10.901890943148453
654,10.901890943148453,10.048097545258717
655,10.048097545258717,7.821468599836529
656,7.821468599836529,5.720755970499179
657,5.720755970499179,4.886160383506745
658,4.886160383506745,5.776020480311183
659,5.776020480311183,8.387707173553842
660,8.387707173553842,12.215006091598537
661,12.215006091598537,16.08267276763881
662,16.08267276763881,18.500319152004653
663,18.500319152004653,18.628639308426678
664,18.628639308426678,17.036201181480386
665,17.036201181480386,15.248048866631326
666,15.248048866631326,14.269771569697465
667,14.269771569697465,13.879928326677396
668,13.879928326677396,13.563005845954436
669,13.563005845954436,13.42343584242216
670,13.42343584242216,13.642153390289948
671,13.642153390289948,13.706015615030836
672,13.706015615030836,12.908601310508198
673,12.908601310508198,11.306314142921849
674,11.306314142921849,9.739412546882658
675,9.739412546882658,9.146571698398073
676,9.146571698398073,9.898261232996383
677,9.898261232996383,11.391600714900488
678,11.391600714900488,12.266149451145242
679,12.266149451145242,11.466728339039692
680,11.466728339039692,9.185346265943142
681,9.185346265943142,6.580451376090777
682,6.580451376090777,4.672323282715578
683,4.672323282715578,3.6940048410551394
684,3.6940048410551394,3.2940599177485397
685,3.2940599177485397,3.056974395816347
686,3.056974395816347,2.8316778518402854
687,2.8316778518402854,2.7338665871059904
688,2.7338665871059904,2.9437329213465864
689,2.9437329213465864,3.515909808637776
690,3.515909808637776,4.456358997594909
691,4.456358997594909,5.96767912810577
692,5.96767912810577,8.418654572452764
693,8.418654572452764,11.805824128337406
694,11.805824128337406,15.242604696525314
695,15.242604696525314,17.215182044805797
696,17.215182044805797,16.600566288742634
697,16.600566288742634,13.607312685610093
698,13.607312685610093,9.680012857428082
699,9.680012857428082,6.35700851563376
700,6.35700851563376,4.267177075724067
701,4.267177075724067,3.197343295888573
702,3.197343295888573,2.756638125201831
