,Curvature_n,Curvature_n1
0,109.37762844974583,102.59193479750178
1,102.59193479750178,88.98521772039084
2,88.98521772039084,70.89345036332827
3,70.89345036332827,53.78972506379
4,53.78972506379,43.581399405204685
5,43.581399405204685,42.97964283851023
6,42.97964283851023,50.10921792325891
7,50.10921792325891,59.81116799356747
8,59.81116799356747,66.1662273608639
9,66.1662273608639,65.05572358932568
10,65.05572358932568,55.946172214075055
11,55.946172214075055,41.91374152809412
12,41.91374152809412,27.643479113529725
13,27.643479113529725,16.70750252580857
14,16.70750252580857,10.141361138629438
15,10.141361138629438,6.996527317545647
16,6.996527317545647,5.853462590951294
17,5.853462590951294,6.010418413377913
18,6.010418413377913,7.991983641340295
19,7.991983641340295,13.259875700455511
20,13.259875700455511,22.932684472261244
21,22.932684472261244,35.74506361436612
22,35.74506361436612,47.235867735164994
23,47.235867735164994,52.1465665396957
24,52.1465665396957,48.75432066870011
25,48.75432066870011,40.79598571881278
26,40.79598571881278,34.501826161203276
27,34.501826161203276,33.571383514118025
28,33.571383514118025,37.0353288515651
29,37.0353288515651,41.45031444816685
30,41.45031444816685,44.11814124558346
31,44.11814124558346,44.01411422494853
32,44.01411422494853,40.9851919856576
33,40.9851919856576,35.58687969863708
34,35.58687969863708,29.5955047927772
35,29.5955047927772,25.23355426693528
36,25.23355426693528,23.06555301214093
37,23.06555301214093,21.368775080666907
38,21.368775080666907,18.358571782205207
39,18.358571782205207,14.484164889950282
40,14.484164889950282,11.848004848873343
41,11.848004848873343,11.792497809390886
42,11.792497809390886,13.569052133800414
43,13.569052133800414,15.365937258831666
44,15.365937258831666,16.36960408214106
45,16.36960408214106,17.549383036890493
46,17.549383036890493,20.18053394596601
47,20.18053394596601,23.87142310750829
48,23.87142310750829,26.361963872912025
49,26.361963872912025,25.33659355748665
50,25.33659355748665,20.51275243049948
51,20.51275243049948,13.993080333499233
52,13.993080333499233,8.633103266236153
53,8.633103266236153,6.364470930323828
54,6.364470930323828,8.13193500754753
55,8.13193500754753,14.461267119628205
56,14.461267119628205,24.74425797985932
57,24.74425797985932,35.94180267737443
58,35.94180267737443,43.60676951242979
59,43.60676951242979,45.38866268173799
60,45.38866268173799,42.8045514277197
61,42.8045514277197,39.175141836751685
62,39.175141836751685,36.89796639104455
63,36.89796639104455,102.74424182736081
64,102.74424182736081,95.749342124555
65,95.749342124555,84.05419373321683
66,84.05419373321683,71.28406916996066
67,71.28406916996066,60.4572309653625
68,60.4572309653625,52.82940288799976
69,52.82940288799976,48.65717438380509
70,48.65717438380509,48.29706878633897
71,48.29706878633897,51.862353042691204
72,51.862353042691204,57.758380727547944
73,57.758380727547944,61.986088391621024
74,61.986088391621024,60.529915143466816
75,60.529915143466816,53.45806647598353
76,53.45806647598353,45.073664509857984
77,45.073664509857984,38.78191884245898
78,38.78191884245898,33.5763711197333
79,33.5763711197333,26.835310620570883
80,26.835310620570883,18.644576337772197
81,18.644576337772197,11.779015457837739
82,11.779015457837739,8.819081049530347
83,8.819081049530347,10.557941776059446
84,10.557941776059446,16.186332832267933
85,16.186332832267933,23.912795107153343
86,23.912795107153343,32.08432161676773
87,32.08432161676773,40.30450533808184
88,40.30450533808184,48.576339643966456
89,48.576339643966456,55.26053208378115
90,55.26053208378115,57.71314344944513
91,57.71314344944513,55.23151784758777
92,55.23151784758777,49.38325584693922
93,49.38325584693922,41.4330887385786
94,41.4330887385786,31.71623567609486
95,31.71623567609486,21.415436392199872
96,21.415436392199872,12.739177490474296
97,12.739177490474296,7.081045422251998
98,7.081045422251998,4.176285406141204
99,4.176285406141204,2.972337364339527
100,2.972337364339527,2.6043155433951757
101,2.6043155433951757,2.609844590670006
102,2.609844590670006,2.7705078357555175
103,2.7705078357555175,3.0665157774493417
104,3.0665157774493417,3.7934497454735085
105,3.7934497454735085,5.694042380427036
106,5.694042380427036,9.639321511682995
107,9.639321511682995,15.56306389100249
108,15.56306389100249,21.444046268008176
109,21.444046268008176,24.11265738250896
110,24.11265738250896,21.941135849139606
111,21.941135849139606,16.455540341941738
112,16.455540341941738,10.761954859732802
113,10.761954859732802,6.839584570145639
114,6.839584570145639,4.741405817975972
115,4.741405817975972,3.687652489246153
116,3.687652489246153,3.1291270106110587
117,3.1291270106110587,2.9401637969204923
118,2.9401637969204923,3.2601914730125237
119,3.2601914730125237,4.523144879235237
120,4.523144879235237,7.331301489468822
121,7.331301489468822,11.67461129848338
122,11.67461129848338,16.056617416842624
123,16.056617416842624,18.06402408370447
124,18.06402408370447,16.507270700054416
125,16.507270700054416,12.7950129797836
126,12.7950129797836,9.851558895997504
127,9.851558895997504,43.84161284608
128,43.84161284608,40.66412747176297
129,40.66412747176297,36.17021202497285
130,36.17021202497285,32.0139503364619
131,32.0139503364619,28.942410750031
132,28.942410750031,27.578517093069713
133,27.578517093069713,28.005537743392054
134,28.005537743392054,28.599301625977084
135,28.599301625977084,26.84276298887022
136,26.84276298887022,21.821581157899608
137,21.821581157899608,15.232199654531026
138,15.232199654531026,9.6598714970659
139,9.6598714970659,6.423439681826094
140,6.423439681826094,5.222146367538185
141,5.222146367538185,5.106121942167471
142,5.106121942167471,5.274682026146722
143,5.274682026146722,5.254134970978959
144,5.254134970978959,4.8645311079357105
145,4.8645311079357105,4.192732774760001
146,4.192732774760001,3.4815703535384745
147,3.4815703535384745,2.955714290039052
148,2.955714290039052,2.6905477404774967
149,2.6905477404774967,2.603450790957032
150,2.603450790957032,2.548911692395449
151,2.548911692395449,2.454747336171943
152,2.454747336171943,2.3812555635354458
153,2.3812555635354458,2.4416761910140994
154,2.4416761910140994,2.6968619747948432
155,2.6968619747948432,3.1544225037683065
156,3.1544225037683065,3.845554276152151
157,3.845554276152151,4.815507541835055
158,4.815507541835055,5.945380694330922
159,5.945380694330922,6.830952892750268
160,6.830952892750268,7.024419080481726
161,7.024419080481726,6.454225011303961
162,6.454225011303961,5.490769774525282
163,5.490769774525282,4.586755078089694
164,4.586755078089694,3.963860152580862
165,3.963860152580862,3.647831437801839
166,3.647831437801839,3.692027605451842
167,3.692027605451842,4.237960215461961
168,4.237960215461961,5.287710887415987
169,5.287710887415987,6.47265705994164
170,6.47265705994164,7.199741686187604
171,7.199741686187604,7.100229486361608
172,7.100229486361608,6.298614113054743
173,6.298614113054743,5.253898072891447
174,5.253898072891447,4.400527028481509
175,4.400527028481509,3.904296529907154
176,3.904296529907154,3.665548544683513
177,3.665548544683513,3.512813111418679
178,3.512813111418679,3.3996480883803235
179,3.3996480883803235,3.418310049764667
180,3.418310049764667,3.635338533364553
181,3.635338533364553,3.9492238399395325
182,3.9492238399395325,4.147585432837184
183,4.147585432837184,4.094330061384715
184,4.094330061384715,3.829818289054299
185,3.829818289054299,3.491924342497349
186,3.491924342497349,3.191581128037569
187,3.191581128037569,2.9774655867705735
188,2.9774655867705735,2.86277407867341
189,2.86277407867341,2.834424633748343
190,2.834424633748343,2.845189702471699
191,2.845189702471699,33.3822826271523
192,33.3822826271523,27.361261262160458
193,27.361261262160458,19.25166129183502
194,19.25166129183502,13.21181545737511
195,13.21181545737511,10.52339821587329
196,10.52339821587329,9.867433205622076
197,9.867433205622076,9.585526443891407
198,9.585526443891407,9.15870679097221
199,9.15870679097221,8.88682195916161
200,8.88682195916161,8.85084688938616
201,8.85084688938616,8.607620978327782
202,8.607620978327782,7.774258062187998
203,7.774258062187998,6.514265141473027
204,6.514265141473027,5.332775064163271
205,5.332775064163271,4.625062676683593
206,4.625062676683593,4.514686489132927
207,4.514686489132927,4.923184752370116
208,4.923184752370116,5.655077776621297
209,5.655077776621297,6.535688719742716
210,6.535688719742716,7.624044007926186
211,7.624044007926186,9.37184214371635
212,9.37184214371635,12.41810467458929
213,12.41810467458929,16.798726373847447
214,16.798726373847447,21.149595692701777
215,21.149595692701777,23.23279233106223
216,23.23279233106223,21.915036038888907
217,21.915036038888907,18.381636289477406
218,18.381636289477406,15.066798134720315
219,15.066798134720315,13.744161480703028
220,13.744161480703028,14.578000961646914
221,14.578000961646914,16.182140578955856
222,16.182140578955856,16.522795786158824
223,16.522795786158824,14.514917683102102
224,14.514917683102102,10.90871698281324
225,10.90871698281324,7.383865789122171
226,7.383865789122171,5.02985499222385
227,5.02985499222385,3.916888181076871
228,3.916888181076871,3.639511905767271
229,3.639511905767271,3.81557976439975
230,3.81557976439975,4.18889495834576
231,4.18889495834576,4.593460458115062
232,4.593460458115062,4.952613872307429
233,4.952613872307429,5.2418975001353045
234,5.2418975001353045,5.443436956473162
235,5.443436956473162,5.56201865495922
236,5.56201865495922,5.6953606377056705
237,5.6953606377056705,6.003782786497016
238,6.003782786497016,6.521753908907255
239,6.521753908907255,7.007992732451122
240,7.007992732451122,7.094974454813464
241,7.094974454813464,6.667578919953144
242,6.667578919953144,6.026204634415376
243,6.026204634415376,5.6028210652448385
244,5.6028210652448385,5.565296645284072
245,5.565296645284072,5.737192856203513
246,5.737192856203513,5.8226887312816675
247,5.8226887312816675,5.647461257731644
248,5.647461257731644,5.2528907788871875
249,5.2528907788871875,4.853372329658152
250,4.853372329658152,4.712877972012495
251,4.712877972012495,5.001241037314578
252,5.001241037314578,5.69226778654778
253,5.69226778654778,6.529461828489369
254,6.529461828489369,7.1083462196744165
255,7.1083462196744165,2.6252956559160596
256,2.6252956559160596,3.022807036068864
257,3.022807036068864,3.5578906324613007
258,3.5578906324613007,3.924496042999961
259,3.924496042999961,3.984274041985893
260,3.984274041985893,3.8099927871688566
261,3.8099927871688566,3.5749509772215244
262,3.5749509772215244,3.4262061912331476
263,3.4262061912331476,3.4309752644099465
264,3.4309752644099465,3.5717793597258547
265,3.5717793597258547,3.749892266334087
266,3.749892266334087,3.8336409583133095
267,3.8336409583133095,3.759774178248759
268,3.759774178248759,3.5836019190157486
269,3.5836019190157486,3.4142260569328196
270,3.4142260569328196,3.3243216472936057
271,3.3243216472936057,3.336960743363477
272,3.336960743363477,3.476751848980583
273,3.476751848980583,3.8109097113620582
274,3.8109097113620582,4.407390360275664
275,4.407390360275664,5.209242845951467
276,5.209242845951467,5.952939201799467
277,5.952939201799467,6.279027765034456
278,6.279027765034456,5.988244515627774
279,5.988244515627774,5.205270768400474
280,5.205270768400474,4.290266853815966
281,4.290266853815966,3.5867301073020164
282,3.5867301073020164,3.23172051849517
283,3.23172051849517,3.1589156297970145
284,3.1589156297970145,3.2343961965214865
285,3.2343961965214865,3.3990275116389324
286,3.3990275116389324,3.7111773186351207
287,3.7111773186351207,4.234158642752382
288,4.234158642752382,4.870558949393529
289,4.870558949393529,5.366826330085313
290,5.366826330085313,5.526174233434261
291,5.526174233434261,5.363198591043977
292,5.363198591043977,5.020967362491533
293,5.020967362491533,4.609366640191184
294,4.609366640191184,4.1630289043054605
295,4.1630289043054605,3.6996252275145514
296,3.6996252275145514,3.272430336846751
297,3.272430336846751,2.9675106242347864
298,2.9675106242347864,2.8450867769925563
299,2.8450867769925563,2.8757453631178724
300,2.8757453631178724,2.9519321602393656
301,2.9519321602393656,2.9834367909146327
302,2.9834367909146327,2.966248888305115
303,2.966248888305115,2.9475523222132476
304,2.9475523222132476,2.955353819833169
305,2.955353819833169,2.9898727531910727
306,2.9898727531910727,3.0733177613725773
307,3.0733177613725773,3.26845830660809
308,3.26845830660809,3.6144886643427823
309,3.6144886643427823,4.035735348762306
310,4.035735348762306,4.350722034553661
311,4.350722034553661,4.415010113584365
312,4.415010113584365,4.277226599782377
313,4.277226599782377,4.188288683717429
314,4.188288683717429,4.404196647021998
315,4.404196647021998,4.930416730417668
316,4.930416730417668,5.500114737378011
317,5.500114737378011,5.853231939664221
318,5.853231939664221,5.971315417766656
319,5.971315417766656,3.8394234655976556
320,3.8394234655976556,4.331886990174264
321,4.331886990174264,5.072183265941682
322,5.072183265941682,5.6710971468507925
323,5.6710971468507925,5.792080647248087
324,5.792080647248087,5.341268152667054
325,5.341268152667054,4.509104212102837
326,4.509104212102837,3.6416132145316125
327,3.6416132145316125,3.0474334479601364
328,3.0474334479601364,2.8592948400845346
329,2.8592948400845346,3.0061868789452904
330,3.0061868789452904,3.28578514727029
331,3.28578514727029,3.494798026087536
332,3.494798026087536,3.5635733388863047
333,3.5635733388863047,3.599455325416505
334,3.599455325416505,3.7773799255983
335,3.7773799255983,4.160806670904087
336,4.160806670904087,4.618671622120969
337,4.618671622120969,4.93680712787863
338,4.93680712787863,5.031016851602849
339,5.031016851602849,5.040204341187401
340,5.040204341187401,5.178484842563359
341,5.178484842563359,5.501206521800096
342,5.501206521800096,5.838889830784071
343,5.838889830784071,5.957572386902264
344,5.957572386902264,5.79698945971611
345,5.79698945971611,5.59971911696437
346,5.59971911696437,5.773026129196371
347,5.773026129196371,6.49011944576992
348,6.49011944576992,7.387172014389778
349,7.387172014389778,7.778622168736289
350,7.778622168736289,7.2689095096927065
351,7.2689095096927065,6.092984440251723
352,6.092984440251723,4.827422563702235
353,4.827422563702235,3.884241182624901
354,3.884241182624901,3.330260316611703
355,3.330260316611703,3.054865377575515
356,3.054865377575515,2.953291959562035
357,2.953291959562035,2.957647317649749
358,2.957647317649749,3.004262410598744
359,3.004262410598744,3.054873305711203
360,3.054873305711203,3.1575883560375764
361,3.1575883560375764,3.4345989377974333
362,3.4345989377974333,3.9485449174151146
363,3.9485449174151146,4.5762870392409045
364,4.5762870392409045,5.06051741741216
365,5.06051741741216,5.207753923220077
366,5.207753923220077,5.018059805057363
367,5.018059805057363,4.640979258885398
368,4.640979258885398,4.272717143602515
369,4.272717143602515,4.099723596020462
370,4.099723596020462,4.219646885271352
371,4.219646885271352,4.519121140594199
372,4.519121140594199,4.678667701384538
373,4.678667701384538,4.407851428693086
374,4.407851428693086,3.7104127011988672
375,3.7104127011988672,2.9060623999397412
376,2.9060623999397412,2.392685262554441
377,2.392685262554441,2.3728207976777496
378,2.3728207976777496,2.7411080753417494
379,2.7411080753417494,3.179407182889436
380,3.179407182889436,3.397191316961223
381,3.397191316961223,3.34511614115984
382,3.34511614115984,3.2143947424804806
383,3.2143947424804806,2.1698619401939623
384,2.1698619401939623,2.2780871335663475
385,2.2780871335663475,2.4387349055232788
386,2.4387349055232788,2.6325517319892375
387,2.6325517319892375,2.9370628526741323
388,2.9370628526741323,3.412738439074273
389,3.412738439074273,3.904806655653917
390,3.904806655653917,4.0721718385076215
391,4.0721718385076215,3.7143284458592856
392,3.7143284458592856,2.9988027540810656
393,2.9988027540810656,2.2961753298466534
394,2.2961753298466534,1.8681222238337862
395,1.8681222238337862,1.74903225552984
396,1.74903225552984,1.816734238437699
397,1.816734238437699,1.9153536457885143
398,1.9153536457885143,1.9749557505646562
399,1.9749557505646562,2.047206331584008
400,2.047206331584008,2.3031228157230488
401,2.3031228157230488,3.13479706219775
402,3.13479706219775,5.372507055430374
403,5.372507055430374,10.025797009073006
404,10.025797009073006,17.021714956024216
405,17.021714956024216,23.932480556516065
406,23.932480556516065,26.942739116631063
407,26.942739116631063,24.121167325201725
408,24.121167325201725,17.356514655955046
409,17.356514655955046,10.43747874343919
410,10.43747874343919,5.796731012835955
411,5.796731012835955,3.521872602233713
412,3.521872602233713,2.589221235120953
413,2.589221235120953,2.153946381464656
414,2.153946381464656,1.8876329696182919
415,1.8876329696182919,1.7530040359000765
416,1.7530040359000765,1.7553900166643415
417,1.7553900166643415,1.826175754595254
418,1.826175754595254,1.8619091564274142
419,1.8619091564274142,1.8119305440389424
420,1.8119305440389424,1.7196455140704154
421,1.7196455140704154,1.6659155315020842
422,1.6659155315020842,1.6933312557213887
423,1.6933312557213887,1.7936685040809537
424,1.7936685040809537,1.9358302565450076
425,1.9358302565450076,2.0736694295527482
426,2.0736694295527482,2.14341427625299
427,2.14341427625299,2.095974864348261
428,2.095974864348261,1.9515382614643024
429,1.9515382614643024,1.7973347058985887
430,1.7973347058985887,1.717010428331033
431,1.717010428331033,1.7446703678017728
432,1.7446703678017728,1.913603498083479
433,1.913603498083479,2.3046184286906124
434,2.3046184286906124,2.9439710723092305
435,2.9439710723092305,3.6194334349989106
436,3.6194334349989106,3.9292671591209176
437,3.9292671591209176,3.6458492285363366
438,3.6458492285363366,2.9708868368373023
439,2.9708868368373023,2.3369901949407033
440,2.3369901949407033,2.0221806433113976
441,2.0221806433113976,2.0200720809808326
442,2.0200720809808326,2.1883953707575348
443,2.1883953707575348,2.4075446720563236
444,2.4075446720563236,2.6085633134961457
445,2.6085633134961457,2.746981331178933
446,2.746981331178933,2.809695836571053
447,2.809695836571053,2.7532031870946
448,2.7532031870946,2.678026038493038
449,2.678026038493038,2.5695595248429495
450,2.5695595248429495,2.495492177475166
451,2.495492177475166,2.5047738789925478
452,2.5047738789925478,2.5842618271654336
453,2.5842618271654336,2.6571150226008102
454,2.6571150226008102,2.6322424626081276
455,2.6322424626081276,2.4842463452492454
456,2.4842463452492454,2.2966770732215895
457,2.2966770732215895,2.1906742856073462
458,2.1906742856073462,2.194073753403918
459,2.194073753403918,2.210759659649975
460,2.210759659649975,2.1319466127938815
461,2.1319466127938815,1.9593124040749987
462,1.9593124040749987,1.8131953319762166
463,1.8131953319762166,1.9347262582361777
464,1.9347262582361777,2.7985333579741423
465,2.7985333579741423,5.275480658528536
466,5.275480658528536,10.315964611271303
467,10.315964611271303,17.703603451858406
468,17.703603451858406,24.836558459911785
469,24.836558459911785,27.76359284409939
470,27.76359284409939,24.555870730761203
471,24.555870730761203,17.27140762823282
472,17.27140762823282,9.906997631106158
473,9.906997631106158,5.004575362925157
474,5.004575362925157,2.6673140227031547
475,2.6673140227031547,1.854036800449058
476,1.854036800449058,1.6831357700982215
477,1.6831357700982215,1.7937822869890094
478,1.7937822869890094,2.1996696302988474
479,2.1996696302988474,3.0422949874298073
480,3.0422949874298073,4.286192681602509
481,4.286192681602509,5.527565342334909
482,5.527565342334909,6.150959093033517
483,6.150959093033517,5.795557962663666
484,5.795557962663666,4.641419483643427
485,4.641419483643427,3.2206242052904903
486,3.2206242052904903,2.0184944077115308
487,2.0184944077115308,1.2485907015042694
488,1.2485907015042694,0.8967367855759839
489,0.8967367855759839,0.9056679942722843
490,0.9056679942722843,1.3345997757157857
491,1.3345997757157857,2.3444695940871245
492,2.3444695940871245,3.956668348977545
493,3.956668348977545,5.796712809431082
494,5.796712809431082,7.212894410171518
495,7.212894410171518,7.757580185530987
496,7.757580185530987,7.456587952862876
497,7.456587952862876,6.57433283700543
498,6.57433283700543,5.347118863992758
499,5.347118863992758,4.016920014149774
500,4.016920014149774,2.8691058261674502
501,2.8691058261674502,2.087136180866436
502,2.087136180866436,1.6603115450634367
503,1.6603115450634367,1.4823314885861658
504,1.4823314885861658,1.4953257165305538
505,1.4953257165305538,1.7538725903531185
506,1.7538725903531185,2.412442837056675
507,2.412442837056675,3.6155817498539853
508,3.6155817498539853,5.2893027434868065
509,5.2893027434868065,6.999626664794924
510,6.999626664794924,8.096263518233206
511,8.096263518233206,33.472902458759656
512,33.472902458759656,36.40181534137447
513,36.40181534137447,37.22459505302166
514,37.22459505302166,32.00629409234934
515,32.00629409234934,22.20926059473603
516,22.20926059473603,12.455778862232041
517,12.455778862232041,5.8932299402013895
518,5.8932299402013895,2.697650773944002
519,2.697650773944002,1.583313302871544
520,1.583313302871544,1.373287735292348
521,1.373287735292348,1.4216670362267
522,1.4216670362267,1.4865098658057314
523,1.4865098658057314,1.5471428455645453
524,1.5471428455645453,1.623928216106971
525,1.623928216106971,1.725737635498678
526,1.725737635498678,1.8896217646910018
527,1.8896217646910018,2.16501208992333
528,2.16501208992333,2.483233667903587
529,2.483233667903587,2.636094520751086
530,2.636094520751086,2.481983487033901
531,2.481983487033901,2.1207921514714974
532,2.1207921514714974,1.7865738193013612
533,1.7865738193013612,1.6096334254610438
534,1.6096334254610438,1.5432295270177292
535,1.5432295270177292,1.481305404529964
536,1.481305404529964,1.3764406475776076
537,1.3764406475776076,1.249455240990625
538,1.249455240990625,1.1384021268250546
539,1.1384021268250546,1.0659127781841748
540,1.0659127781841748,1.037142475875798
541,1.037142475875798,1.0474421680758361
542,1.0474421680758361,1.0922064913446101
543,1.0922064913446101,1.1785991518484618
544,1.1785991518484618,1.3168312622676126
545,1.3168312622676126,1.4838439951760873
546,1.4838439951760873,1.6047770107371975
547,1.6047770107371975,1.6023861875710894
548,1.6023861875710894,1.4848010528599973
549,1.4848010528599973,1.3721130050390489
550,1.3721130050390489,1.4126996576068427
551,1.4126996576068427,1.6544824793026833
552,1.6544824793026833,1.9848261456211969
553,1.9848261456211969,2.203804879715044
554,2.203804879715044,2.1826230349473503
555,2.1826230349473503,1.9613885780639189
556,1.9613885780639189,1.6852621433654775
557,1.6852621433654775,1.4692038971548667
558,1.4692038971548667,1.3545324370961356
559,1.3545324370961356,1.361464810436171
560,1.361464810436171,1.5112837779760135
561,1.5112837779760135,1.7802386116558213
562,1.7802386116558213,2.0727047459580534
563,2.0727047459580534,2.2847177404153234
564,2.2847177404153234,2.406532548144629
565,2.406532548144629,2.540873497317523
566,2.540873497317523,2.7939710142760044
567,2.7939710142760044,3.216702117511388
568,3.216702117511388,3.963817902755385
569,3.963817902755385,5.574534810688683
570,5.574534810688683,8.891724811932429
571,8.891724811932429,14.243588274045566
572,14.243588274045566,20.59152767852235
573,20.59152767852235,25.949089798120784
574,25.949089798120784,28.837238158917486
575,28.837238158917486,2.6290013701476203
576,2.6290013701476203,2.688246891969844
577,2.688246891969844,2.7683845074891824
578,2.7683845074891824,2.805331114031865
579,2.805331114031865,2.7471980649623817
580,2.7471980649623817,2.607123945928726
581,2.607123945928726,2.484303817366201
582,2.484303817366201,2.516467612292912
583,2.516467612292912,2.7824620767871737
584,2.7824620767871737,3.2634484971646853
585,3.2634484971646853,3.9317559193622063
586,3.9317559193622063,4.912239219180661
587,4.912239219180661,6.478483559415488
588,6.478483559415488,8.676619031637628
589,8.676619031637628,10.862629509875672
590,10.862629509875672,11.897223265533002
591,11.897223265533002,11.110681162237197
592,11.110681162237197,8.982326412164392
593,8.982326412164392,6.7089700953303
594,6.7089700953303,5.25879137795156
595,5.25879137795156,4.892717241328747
596,4.892717241328747,5.26865659292457
597,5.26865659292457,5.764160767351426
598,5.764160767351426,5.857147509573805
599,5.857147509573805,5.442935218989954
600,5.442935218989954,4.820540343289011
601,4.820540343289011,4.331393109309989
602,4.331393109309989,4.065404376571336
603,4.065404376571336,3.904159344907362
604,3.904159344907362,3.7248622152341118
605,3.7248622152341118,3.5031360693898046
606,3.5031360693898046,3.302387712615933
607,3.302387712615933,3.222566209601644
608,3.222566209601644,3.3212759780601484
609,3.3212759780601484,3.562776885391941
610,3.562776885391941,3.8755622690022653
611,3.8755622690022653,4.239503186022988
612,4.239503186022988,4.811568818170257
613,4.811568818170257,6.137635575417283
614,6.137635575417283,9.35569006309061
615,9.35569006309061,15.718816498488943
616,15.718816498488943,24.942569397315697
617,24.942569397315697,33.70005732415499
618,33.70005732415499,37.02356760264041
619,37.02356760264041,32.575472617242475
620,32.575472617242475,23.066286072080416
621,23.066286072080416,13.614457105582929
622,13.614457105582929,7.428997229267567
623,7.428997229267567,4.550713375811546
624,4.550713375811546,3.5284165738157665
625,3.5284165738157665,3.153018692399008
626,3.153018692399008,2.934522861419579
627,2.934522861419579,2.8243242327416405
628,2.8243242327416405,2.8857736135012235
629,2.8857736135012235,3.1145363994825557
630,3.1145363994825557,3.424636008540233
631,3.424636008540233,3.7000445523198473
632,3.7000445523198473,3.866646189668455
633,3.866646189668455,3.904428232422085
634,3.904428232422085,3.810733856302523
635,3.810733856302523,3.589795891110364
636,3.589795891110364,3.281728120872237
637,3.281728120872237,2.9774122559523013
638,2.9774122559523013,2.787574172987903
639,2.787574172987903,47.413152778999134
640,47.413152778999134,37.82554822223463
641,37.82554822223463,24.234439440345042
642,24.234439440345042,12.74004718817105
643,12.74004718817105,5.854208917637355
644,5.854208917637355,2.7727732457348164
645,2.7727732457348164,1.756316756253356
646,1.756316756253356,1.5915464852683763
647,1.5915464852683763,1.701256819784558
648,1.701256819784558,1.8374436078969152
649,1.8374436078969152,1.9024278959491063
650,1.9024278959491063,1.9056288727697268
651,1.9056288727697268,1.9194361117196652
652,1.9194361117196652,1.9950110635533331
653,1.9950110635533331,2.11044953367463
654,2.11044953367463,2.1891846849255043
655,2.1891846849255043,2.171675474697438
656,2.171675474697438,2.0842988724930693
657,2.0842988724930693,2.040304931116773
658,2.040304931116773,2.1548741190876797
659,2.1548741190876797,2.4373914629037765
660,2.4373914629037765,2.770368885904561
661,2.770368885904561,3.0085386984696045
662,3.0085386984696045,3.08680739980364
663,3.08680739980364,3.0199215083649453
664,3.0199215083649453,2.834230206353893
665,2.834230206353893,2.5509236541982707
666,2.5509236541982707,2.2334495661150724
667,2.2334495661150724,1.9903227194931632
668,1.9903227194931632,1.8876788901137138
669,1.8876788901137138,1.881922380280491
670,1.881922380280491,1.870309564151892
671,1.870309564151892,1.7916968027010536
672,1.7916968027010536,1.6615712349360412
673,1.6615712349360412,1.538986252579987
674,1.538986252579987,1.4859252274570813
675,1.4859252274570813,1.529665896545204
676,1.529665896545204,1.6342032228844263
677,1.6342032228844263,1.7295555540234786
678,1.7295555540234786,1.7886800938761027
679,1.7886800938761027,1.846642312320893
680,1.846642312320893,1.9292152582608315
681,1.9292152582608315,2.005971892215613
682,2.005971892215613,2.0393889034135544
683,2.0393889034135544,2.0359454589855286
684,2.0359454589855286,2.0151450936863418
685,2.0151450936863418,1.9705709112005452
686,1.9705709112005452,1.9047112617262236
687,1.9047112617262236,1.8620759418534714
688,1.8620759418534714,1.8794237763966255
689,1.8794237763966255,1.9368802479428342
690,1.9368802479428342,1.999597055073218
691,1.999597055073218,2.0746918977469653
692,2.0746918977469653,2.1835715700183886
693,2.1835715700183886,2.299222706641677
694,2.299222706641677,2.3529809396088703
695,2.3529809396088703,2.3061478762425995
696,2.3061478762425995,2.1953903666563237
697,2.1953903666563237,2.1041233013538756
698,2.1041233013538756,2.1009503804150427
699,2.1009503804150427,2.201206925745632
700,2.201206925745632,2.36361654780431
701,2.36361654780431,2.517519185917993
702,2.517519185917993,2.6061741262051807
