,Curvature_n,Curvature_n1
0,5.470494930225824,5.925225784436385
1,5.925225784436385,6.587831891906706
2,6.587831891906706,7.253266335040363
3,7.253266335040363,7.848096450276959
4,7.848096450276959,8.256388521426912
5,8.256388521426912,8.303514794748382
6,8.303514794748382,7.958291563843414
7,7.958291563843414,7.406860996421749
8,7.406860996421749,6.915310335030708
9,6.915310335030708,6.6747702475539885
10,6.6747702475539885,6.691590857212702
11,6.691590857212702,6.741741179571267
12,6.741741179571267,6.519189122203237
13,6.519189122203237,5.926821475460083
14,5.926821475460083,5.18652377381192
15,5.18652377381192,4.627680091543713
16,4.627680091543713,4.418565003673962
17,4.418565003673962,4.511125024736531
18,4.511125024736531,4.757067728882797
19,4.757067728882797,4.996631607145944
20,4.996631607145944,5.077412061343945
21,5.077412061343945,4.900988702206979
22,4.900988702206979,4.506206149816238
23,4.506206149816238,4.058369629116057
24,4.058369629116057,3.7257960597659463
25,3.7257960597659463,3.5959825037397293
26,3.5959825037397293,3.683926807247869
27,3.683926807247869,3.92853890684934
28,3.92853890684934,4.180632016058712
29,4.180632016058712,4.294877983818375
30,4.294877983818375,4.268389905399128
31,4.268389905399128,4.2359609625962475
32,4.2359609625962475,4.324872064887554
33,4.324872064887554,4.5405660769081395
34,4.5405660769081395,4.757792539026597
35,4.757792539026597,4.800975031352025
36,4.800975031352025,4.59079834865242
37,4.59079834865242,4.238002980170067
38,4.238002980170067,3.951911541979805
39,3.951911541979805,3.852073346585687
40,3.852073346585687,3.8922727236420807
41,3.8922727236420807,3.958558235912706
42,3.958558235912706,4.020843173555068
43,4.020843173555068,4.152919457612361
44,4.152919457612361,4.38095642750709
45,4.38095642750709,4.553937246093583
46,4.553937246093583,4.450886687606303
47,4.450886687606303,4.036479449617637
48,4.036479449617637,3.5332050990365644
49,3.5332050990365644,3.212204780116301
50,3.212204780116301,3.2029064403744023
51,3.2029064403744023,3.5198171404989287
52,3.5198171404989287,4.119305675002518
53,4.119305675002518,4.85273549479245
54,4.85273549479245,5.486813955259928
55,5.486813955259928,5.852005485003026
56,5.852005485003026,5.8939832790640265
57,5.8939832790640265,5.579682933130232
58,5.579682933130232,4.904460195189093
59,4.904460195189093,4.02957690198429
60,4.02957690198429,3.263758846458782
61,3.263758846458782,2.8197221279880282
62,2.8197221279880282,2.6640347378621954
63,2.6640347378621954,3.776203500877273
64,3.776203500877273,3.6908637559974755
65,3.6908637559974755,3.512012765893398
66,3.512012765893398,3.2888035222091023
67,3.2888035222091023,3.1625035274487603
68,3.1625035274487603,3.3038215892903784
69,3.3038215892903784,3.801530437752254
70,3.801530437752254,4.595950736487296
71,4.595950736487296,5.495106860446737
72,5.495106860446737,6.247342329948829
73,6.247342329948829,6.633620901205568
74,6.633620901205568,6.5636482715529
75,6.5636482715529,6.131717939803929
76,6.131717939803929,5.567709766807638
77,5.567709766807638,5.12980642637689
78,5.12980642637689,5.047050384739373
79,5.047050384739373,5.5203691722140125
80,5.5203691722140125,6.651735759115345
81,6.651735759115345,8.251168851862579
82,8.251168851862579,9.721214890555771
83,9.721214890555771,10.340104963757529
84,10.340104963757529,9.852499410843802
85,9.852499410843802,8.716409048843921
86,8.716409048843921,7.6268169151635234
87,7.6268169151635234,6.890853008936695
88,6.890853008936695,6.362164425895436
89,6.362164425895436,5.816554357359493
90,5.816554357359493,5.219084256367751
91,5.219084256367751,4.678531228607449
92,4.678531228607449,4.287174596636473
93,4.287174596636473,4.053241659598932
94,4.053241659598932,3.932449358805451
95,3.932449358805451,3.8749805895486586
96,3.8749805895486586,3.846235235065204
97,3.846235235065204,3.8422806646884498
98,3.8422806646884498,3.8900532889206945
99,3.8900532889206945,4.007563428782344
100,4.007563428782344,4.139455293724833
101,4.139455293724833,4.1630230525573
102,4.1630230525573,4.008479035446787
103,4.008479035446787,3.764472545354873
104,3.764472545354873,3.628695577328071
105,3.628695577328071,3.7592046452596017
106,3.7592046452596017,4.165018107997862
107,4.165018107997862,4.696439134379715
108,4.696439134379715,5.138406693397966
109,5.138406693397966,5.358960281492108
110,5.358960281492108,5.3984169914474
111,5.3984169914474,5.412919658980762
112,5.412919658980762,5.517624202853462
113,5.517624202853462,5.670935025508811
114,5.670935025508811,5.728590253052536
115,5.728590253052536,5.624203950007595
116,5.624203950007595,5.466985240331783
117,5.466985240331783,5.436471772339439
118,5.436471772339439,5.586750621063785
119,5.586750621063785,5.763612408855501
120,5.763612408855501,5.727066958337197
121,5.727066958337197,5.3660840137269235
122,5.3660840137269235,4.785356388033922
123,4.785356388033922,4.182363319099958
124,4.182363319099958,3.6792797488470397
125,3.6792797488470397,3.3067541830656606
126,3.3067541830656606,3.0959778069082833
127,3.0959778069082833,14.817637803884402
128,14.817637803884402,14.808521105606523
129,14.808521105606523,14.610188644252407
130,14.610188644252407,14.230445274323449
131,14.230445274323449,13.910987781074756
132,13.910987781074756,13.751716813547052
133,13.751716813547052,13.517057614268502
134,13.517057614268502,12.890018596754853
135,12.890018596754853,11.771892213258692
136,11.771892213258692,10.325509947366097
137,10.325509947366097,8.887822744371102
138,8.887822744371102,7.820082055405933
139,7.820082055405933,7.26099562450878
140,7.26099562450878,7.043573965992683
141,7.043573965992683,6.967824364216286
142,6.967824364216286,7.059919468320279
143,7.059919468320279,7.445447322851074
144,7.445447322851074,8.072530092220909
145,8.072530092220909,8.686448833842247
146,8.686448833842247,9.00425137970952
147,9.00425137970952,8.869640681752593
148,8.869640681752593,8.357083268845123
149,8.357083268845123,7.787701997268735
150,7.787701997268735,7.551262780590617
151,7.551262780590617,7.801044513466237
152,7.801044513466237,8.323322362893304
153,8.323322362893304,8.749801474218927
154,8.749801474218927,8.880357704193596
155,8.880357704193596,8.741445363888975
156,8.741445363888975,8.392342793597683
157,8.392342793597683,7.8239224633335365
158,7.8239224633335365,7.080198490761744
159,7.080198490761744,6.363714176224488
160,6.363714176224488,5.914779638198359
161,5.914779638198359,5.806043666213174
162,5.806043666213174,5.918321897862768
163,5.918321897862768,6.098209943028994
164,6.098209943028994,6.283153937192747
165,6.283153937192747,6.48449531859161
166,6.48449531859161,6.686027460327617
167,6.686027460327617,6.777242635540187
168,6.777242635540187,6.757774728072895
169,6.757774728072895,7.180903110237016
170,7.180903110237016,9.429404477801876
171,9.429404477801876,15.059723120776916
172,15.059723120776916,23.947682854704052
173,23.947682854704052,32.75518555038084
174,32.75518555038084,36.43155163223662
175,36.43155163223662,32.5409238636849
176,32.5409238636849,23.668500131624253
177,23.668500131624253,14.828604948590097
178,14.828604948590097,9.221973641544901
179,9.221973641544901,6.916842510610394
180,6.916842510610394,6.381484526092423
181,6.381484526092423,6.2097296026509685
182,6.2097296026509685,5.773641023524164
183,5.773641023524164,5.089063958813664
184,5.089063958813664,4.429609133180915
185,4.429609133180915,4.00037139237649
186,4.00037139237649,3.836810838776226
187,3.836810838776226,3.83684334692585
188,3.83684334692585,3.8620802134184733
189,3.8620802134184733,3.8402957763253935
190,3.8402957763253935,3.7995097345567475
191,3.7995097345567475,22.83853429969439
192,22.83853429969439,24.775666458271292
193,24.775666458271292,27.898833422436844
194,27.898833422436844,30.471505211782056
195,30.471505211782056,30.382670415837865
196,30.382670415837865,26.86063164165786
197,26.86063164165786,21.411540118606663
198,21.411540118606663,16.527598849850026
199,16.527598849850026,13.635085468387365
200,13.635085468387365,12.519254096319145
201,12.519254096319145,12.199253703370834
202,12.199253703370834,11.856154939515475
203,11.856154939515475,11.151464302331837
204,11.151464302331837,10.163243062684469
205,10.163243062684469,9.190151246965144
206,9.190151246965144,8.496778158029533
207,8.496778158029533,8.15616620719734
208,8.15616620719734,8.081859501466909
209,8.081859501466909,8.200143035876565
210,8.200143035876565,8.533749578558167
211,8.533749578558167,9.081333740273024
212,9.081333740273024,9.651785660699543
213,9.651785660699543,9.922202985556773
214,9.922202985556773,9.722119954115417
215,9.722119954115417,9.207128161660412
216,9.207128161660412,8.694947338820162
217,8.694947338820162,8.373064874687445
218,8.373064874687445,8.219559484810498
219,8.219559484810498,8.136814437227047
220,8.136814437227047,8.049795112726796
221,8.049795112726796,7.885383459552603
222,7.885383459552603,7.582822710444327
223,7.582822710444327,7.170056343327335
224,7.170056343327335,6.747075835946963
225,6.747075835946963,6.362783979468063
226,6.362783979468063,5.98175085931693
227,5.98175085931693,5.622670521172276
228,5.622670521172276,5.458754391492006
229,5.458754391492006,5.7406722366553495
230,5.7406722366553495,6.611878107393984
231,6.611878107393984,7.903775203236225
232,7.903775203236225,9.06336260242307
233,9.06336260242307,9.452651631384082
234,9.452651631384082,8.89526430000847
235,8.89526430000847,7.85429278890014
236,7.85429278890014,6.983605845703673
237,6.983605845703673,6.620933251681193
238,6.620933251681193,6.739995185516527
239,6.739995185516527,7.160188536340822
240,7.160188536340822,7.665747615578933
241,7.665747615578933,8.080121850128474
242,8.080121850128474,8.376445418260165
243,8.376445418260165,8.70620713002503
244,8.70620713002503,9.27922040619276
245,9.27922040619276,10.16102073506728
246,10.16102073506728,11.113377492530768
247,11.113377492530768,11.67028045530454
248,11.67028045530454,11.478680823037248
249,11.478680823037248,10.606524762967164
250,10.606524762967164,9.503669348676162
251,9.503669348676162,8.646796302318634
252,8.646796302318634,8.211033935329706
253,8.211033935329706,8.071248551521094
254,8.071248551521094,8.044208974154746
255,8.044208974154746,18.270687337828193
256,18.270687337828193,17.164959128333333
257,17.164959128333333,15.83745488054984
258,15.83745488054984,15.377322731627519
259,15.377322731627519,16.059730132219798
260,16.059730132219798,17.01003040992518
261,17.01003040992518,17.141246238080743
262,17.141246238080743,16.284286964366146
263,16.284286964366146,15.082085590208955
264,15.082085590208955,14.029533210149111
265,14.029533210149111,13.111974059726716
266,13.111974059726716,12.189115365018175
267,12.189115365018175,11.203752758285516
268,11.203752758285516,10.070845898288477
269,10.070845898288477,8.732752363940465
270,8.732752363940465,7.3264215622481395
271,7.3264215622481395,6.16134362659628
272,6.16134362659628,5.563186322398076
273,5.563186322398076,5.674882657426661
274,5.674882657426661,6.22895279268112
275,6.22895279268112,6.590052303613403
276,6.590052303613403,6.277722655498824
277,6.277722655498824,5.4602533281438745
278,5.4602533281438745,4.7797121425866
279,4.7797121425866,4.712652784533513
280,4.712652784533513,5.2086430090776
281,5.2086430090776,5.929838791658961
282,5.929838791658961,6.703865317960997
283,6.703865317960997,7.606665081077563
284,7.606665081077563,8.604080044180456
285,8.604080044180456,9.35208075096153
286,9.35208075096153,9.535943462348502
287,9.535943462348502,9.233528043916198
288,9.233528043916198,8.702729806442926
289,8.702729806442926,7.977014400089705
290,7.977014400089705,6.962769267269476
291,6.962769267269476,5.853285828963763
292,5.853285828963763,5.152548975627669
293,5.152548975627669,5.223167126459265
294,5.223167126459265,5.903150211875513
295,5.903150211875513,6.593765019584822
296,6.593765019584822,6.727856788359201
297,6.727856788359201,6.225548367169488
298,6.225548367169488,5.559698146670119
299,5.559698146670119,5.365175123678112
300,5.365175123678112,5.893524811248839
301,5.893524811248839,6.802344314465294
302,6.802344314465294,7.514418032941498
303,7.514418032941498,7.77262341620452
304,7.77262341620452,7.778463477013273
305,7.778463477013273,7.869266930738556
306,7.869266930738556,8.21918600285274
307,8.21918600285274,8.801499267118688
308,8.801499267118688,9.468828606715656
309,9.468828606715656,10.04357863469245
310,10.04357863469245,10.420133635313647
311,10.420133635313647,10.645661016817163
312,10.645661016817163,10.845175837132677
313,10.845175837132677,10.947302487490141
314,10.947302487490141,10.580153131945092
315,10.580153131945092,9.461928223719529
316,9.461928223719529,7.8310100838400105
317,7.8310100838400105,6.308203755267053
318,6.308203755267053,5.427803247296711
319,5.427803247296711,12.57041032339817
320,12.57041032339817,13.073295131509726
321,13.073295131509726,13.446507977610533
322,13.446507977610533,13.150859509422283
323,13.150859509422283,12.249632238284223
324,12.249632238284223,11.207036304493418
325,11.207036304493418,10.466372252794837
326,10.466372252794837,10.320487829706508
327,10.320487829706508,10.941634868458587
328,10.941634868458587,12.274036554407022
329,12.274036554407022,13.880240224833408
330,13.880240224833408,15.07028901778771
331,15.07028901778771,15.347519071929792
332,15.347519071929792,14.759216827362728
333,14.759216827362728,13.784223963852101
334,13.784223963852101,12.896978684822553
335,12.896978684822553,12.26106941274748
336,12.26106941274748,11.756114206874479
337,11.756114206874479,11.194439782140478
338,11.194439782140478,10.512690936891662
339,10.512690936891662,9.83652752899017
340,9.83652752899017,9.409491004676157
341,9.409491004676157,9.442727053323162
342,9.442727053323162,9.989628091593445
343,9.989628091593445,10.965172612449535
344,10.965172612449535,12.278296554387918
345,12.278296554387918,13.838467224509337
346,13.838467224509337,15.321981083508305
347,15.321981083508305,16.092917163144797
348,16.092917163144797,15.651038373793881
349,15.651038373793881,14.15319091191136
350,14.15319091191136,12.300094112049248
351,12.300094112049248,10.747293448241713
352,10.747293448241713,9.763806161487178
353,9.763806161487178,9.391072871500903
354,9.391072871500903,9.704941703924646
355,9.704941703924646,10.745727752317489
356,10.745727752317489,12.23554393955649
357,12.23554393955649,13.606455167129345
358,13.606455167129345,14.415455977479358
359,14.415455977479358,14.600947578397125
360,14.600947578397125,14.344364368642461
361,14.344364368642461,13.898315303187509
362,13.898315303187509,13.503845565162539
363,13.503845565162539,13.246697183745137
364,13.246697183745137,13.021497447089935
365,13.021497447089935,12.74253568816357
366,12.74253568816357,12.4816405470534
367,12.4816405470534,12.305414133831396
368,12.305414133831396,12.102232243781994
369,12.102232243781994,11.7263320962353
370,11.7263320962353,11.33621442249532
371,11.33621442249532,11.476684512654984
372,11.476684512654984,12.66851600089108
373,12.66851600089108,14.822867254885011
374,14.822867254885011,17.121285276094675
375,17.121285276094675,18.583919975523457
376,18.583919975523457,18.764251160836206
377,18.764251160836206,17.84149399575182
378,17.84149399575182,16.206050206521116
379,16.206050206521116,14.229144843917124
380,14.229144843917124,12.337207728497464
381,12.337207728497464,10.9490477888535
382,10.9490477888535,10.259266098246215
383,10.259266098246215,23.94803154580184
384,23.94803154580184,23.214364698806452
385,23.214364698806452,21.701004752046167
386,21.701004752046167,19.627318082903702
387,19.627318082903702,17.56650926787329
388,17.56650926787329,16.153906399420332
389,16.153906399420332,15.738289045553447
390,15.738289045553447,16.203092567724372
391,16.203092567724372,17.036948048981554
392,17.036948048981554,17.633376961381895
393,17.633376961381895,17.64920118810644
394,17.64920118810644,17.151376938589724
395,17.151376938589724,16.383113874739493
396,16.383113874739493,15.423601637655588
397,15.423601637655588,14.241010812311968
398,14.241010812311968,13.064227989261553
399,13.064227989261553,12.411632951335672
400,12.411632951335672,12.62971185818316
401,12.62971185818316,13.49778221629883
402,13.49778221629883,14.352333124383097
403,14.352333124383097,14.600155026729668
404,14.600155026729668,14.111246471365014
405,14.111246471365014,13.173730560733894
406,13.173730560733894,12.195909999144831
407,12.195909999144831,11.537789394406623
408,11.537789394406623,11.47744868568801
409,11.47744868568801,12.095198879724936
410,12.095198879724936,13.157418602988825
411,13.157418602988825,14.235353336919754
412,14.235353336919754,14.951798549127481
413,14.951798549127481,15.063051694641532
414,15.063051694641532,14.440746335811106
415,14.440746335811106,13.164703693635676
416,13.164703693635676,11.611876180660587
417,11.611876180660587,10.311854063603208
418,10.311854063603208,9.692523585098739
419,9.692523585098739,9.962272977763831
420,9.962272977763831,11.08180659849835
421,11.08180659849835,12.718975599195396
422,12.718975599195396,14.328299988815312
423,14.328299988815312,15.461365813362452
424,15.461365813362452,16.043742496302876
425,16.043742496302876,16.337896413637893
426,16.337896413637893,16.63915661172057
427,16.63915661172057,16.95637272183772
428,16.95637272183772,16.9805044934064
429,16.9805044934064,16.43761365477343
430,16.43761365477343,15.412323985155039
431,15.412323985155039,14.252229087511092
432,14.252229087511092,13.285851702477744
433,13.285851702477744,12.717205261984295
434,12.717205261984295,12.593637563612274
435,12.593637563612274,12.678732931036606
436,12.678732931036606,12.474351860588456
437,12.474351860588456,11.654351084350672
438,11.654351084350672,10.503377343538698
439,10.503377343538698,9.719182610200036
440,9.719182610200036,9.731538917086919
441,9.731538917086919,10.364747388214155
442,10.364747388214155,11.150195748459552
443,11.150195748459552,11.724901224148871
444,11.724901224148871,11.903036394701079
445,11.903036394701079,11.699945737297705
446,11.699945737297705,11.416111840917386
447,11.416111840917386,46.16601062665027
448,46.16601062665027,46.69981964845378
449,46.69981964845378,45.71002316292134
450,45.71002316292134,41.43241051757991
451,41.43241051757991,34.47183235788858
452,34.47183235788858,27.462913194343685
453,27.462913194343685,22.967618866045488
454,22.967618866045488,21.72223499794979
455,21.72223499794979,22.466695140163843
456,22.466695140163843,23.232529305228297
457,23.232529305228297,22.97663754356102
458,22.97663754356102,22.08098163937079
459,22.08098163937079,21.452292757110325
460,21.452292757110325,21.49236339782784
461,21.49236339782784,21.89641389391445
462,21.89641389391445,21.91809378660015
463,21.91809378660015,20.816549445034756
464,20.816549445034756,18.596845484840145
465,18.596845484840145,16.36390190543605
466,16.36390190543605,15.512567485150099
467,15.512567485150099,16.57439400192344
468,16.57439400192344,19.11544214702119
469,19.11544214702119,22.57621144537835
470,22.57621144537835,26.860686479382174
471,26.860686479382174,31.964072244606545
472,31.964072244606545,37.03478976582541
473,37.03478976582541,40.13965399203835
474,40.13965399203835,39.56439725091912
475,39.56439725091912,35.48788890435674
476,35.48788890435674,29.869158227615145
477,29.869158227615145,24.66878543804752
478,24.66878543804752,20.73264740957918
479,20.73264740957918,18.244253694523493
480,18.244253694523493,17.27250781761558
481,17.27250781761558,17.451414775174847
482,17.451414775174847,17.70546855766451
483,17.70546855766451,16.936499813157063
484,16.936499813157063,15.010972857798508
485,15.010972857798508,12.843372519100383
486,12.843372519100383,11.54334702428823
487,11.54334702428823,11.598453364164907
488,11.598453364164907,12.777030057147126
489,12.777030057147126,14.509406413290495
490,14.509406413290495,16.264401372968287
491,16.264401372968287,17.768102157133384
492,17.768102157133384,18.99005216453765
493,18.99005216453765,19.82566861035132
494,19.82566861035132,19.865144104313785
495,19.865144104313785,18.788404600637232
496,18.788404600637232,16.981165755400728
497,16.981165755400728,15.352268825037438
498,15.352268825037438,14.494026558682638
499,14.494026558682638,14.366626135896139
500,14.366626135896139,14.705306545759989
501,14.705306545759989,15.233354026062248
502,15.233354026062248,15.507065430827337
503,15.507065430827337,15.110225112618075
504,15.110225112618075,14.128131765657045
505,14.128131765657045,13.05733765247838
506,13.05733765247838,12.197878534490076
507,12.197878534490076,11.389162694257411
508,11.389162694257411,10.368423537815346
509,10.368423537815346,9.22367913945106
510,9.22367913945106,8.426589319180334
511,8.426589319180334,36.34389859938214
512,36.34389859938214,34.21592350873666
513,34.21592350873666,30.10062466139455
514,30.10062466139455,24.756059035960497
515,24.756059035960497,19.64059890849221
516,19.64059890849221,16.256426917187405
517,16.256426917187405,15.283522576005169
518,15.283522576005169,16.177131182187527
519,16.177131182187527,17.61657910230256
520,17.61657910230256,18.567962353052874
521,18.567962353052874,18.979569829442514
522,18.979569829442514,19.38776043349128
523,19.38776043349128,19.989835071975776
524,19.989835071975776,20.31414337249878
525,20.31414337249878,19.808813488133232
526,19.808813488133232,18.55241485004408
527,18.55241485004408,17.180407428943347
528,17.180407428943347,16.11746198426464
529,16.11746198426464,15.175801451057676
530,15.175801451057676,14.050856870659715
531,14.050856870659715,12.954350239977618
532,12.954350239977618,12.476544740970478
533,12.476544740970478,12.87616226330489
534,12.87616226330489,13.700531784701731
535,13.700531784701731,14.17789360696772
536,14.17789360696772,13.870838564391274
537,13.870838564391274,12.874296903060674
538,12.874296903060674,11.516397119139034
539,11.516397119139034,10.109930652854631
540,10.109930652854631,8.970496987114844
541,8.970496987114844,8.419636024191123
542,8.419636024191123,8.59182106510319
543,8.59182106510319,9.335575238627444
544,9.335575238627444,10.411885879780748
545,10.411885879780748,11.671046141804657
546,11.671046141804657,12.926174381965431
547,12.926174381965431,13.862451120131198
548,13.862451120131198,14.30575392980747
549,14.30575392980747,14.521593321217452
550,14.521593321217452,15.005002914311696
551,15.005002914311696,15.863650262082855
552,15.863650262082855,16.517061527901742
553,16.517061527901742,16.220880747275736
554,16.220880747275736,14.98650744341886
555,14.98650744341886,13.79861960935512
556,13.79861960935512,13.68295717199716
557,13.68295717199716,14.625429790540178
558,14.625429790540178,15.672905706880092
559,15.672905706880092,16.116226170696578
560,16.116226170696578,16.292922198440433
561,16.292922198440433,17.17029174687181
562,17.17029174687181,19.373710675608642
563,19.373710675608642,22.676118812140537
564,22.676118812140537,26.19014967956864
565,26.19014967956864,28.901957553420296
566,28.901957553420296,30.065694987772776
567,30.065694987772776,29.298242353958557
568,29.298242353958557,26.67807385613325
569,26.67807385613325,22.91830905993179
570,22.91830905993179,19.151005270372202
571,19.151005270372202,16.24319923662596
572,16.24319923662596,14.358549033379695
573,14.358549033379695,13.229967095212373
574,13.229967095212373,12.667315451710587
575,12.667315451710587,28.00024377377474
576,28.00024377377474,26.767235993412502
577,26.767235993412502,24.4431024471711
578,24.4431024471711,21.338832275916857
579,21.338832275916857,17.88122443639343
580,17.88122443639343,14.535174287965237
581,14.535174287965237,11.81714192280291
582,11.81714192280291,10.26688817434918
583,10.26688817434918,10.162874291637856
584,10.162874291637856,11.12981487658097
585,11.12981487658097,12.19288317330475
586,12.19288317330475,12.540849274471794
587,12.540849274471794,12.317745112344781
588,12.317745112344781,12.454452788708025
589,12.454452788708025,13.578244119268357
590,13.578244119268357,15.23308162463321
591,15.23308162463321,16.2976194673358
592,16.2976194673358,16.074597584384435
593,16.074597584384435,14.849224864446406
594,14.849224864446406,13.429196971848697
595,13.429196971848697,12.355219794435294
596,12.355219794435294,11.73458689169625
597,11.73458689169625,11.681911797750184
598,11.681911797750184,12.491501856847329
599,12.491501856847329,14.18211206411032
600,14.18211206411032,16.0530027307544
601,16.0530027307544,16.97909130160446
602,16.97909130160446,16.30997082273685
603,16.30997082273685,14.47818050429401
604,14.47818050429401,12.726005166415037
605,12.726005166415037,12.382800927903165
606,12.382800927903165,14.304767266549918
607,14.304767266549918,18.452439932108103
608,18.452439932108103,23.516325344196403
609,23.516325344196403,27.239055898684203
610,27.239055898684203,27.792794107046994
611,27.792794107046994,25.05734845494777
612,25.05734845494777,20.480195163123785
613,20.480195163123785,15.902834370198939
614,15.902834370198939,12.598068850548916
615,12.598068850548916,10.954731147533124
616,10.954731147533124,10.582004284426707
617,10.582004284426707,10.702511650108892
618,10.702511650108892,10.742510834842482
619,10.742510834842482,10.741857756186914
620,10.741857756186914,11.19114090600279
621,11.19114090600279,12.43115924383047
622,12.43115924383047,14.211949409192036
623,14.211949409192036,15.863311317942964
624,15.863311317942964,16.810548998832093
625,16.810548998832093,16.822476167821783
626,16.822476167821783,15.905804424473223
627,15.905804424473223,14.326388679531112
628,14.326388679531112,12.81650570432597
629,12.81650570432597,12.447223627927677
630,12.447223627927677,13.948901979281652
631,13.948901979281652,16.97551431798816
632,16.97551431798816,20.11656471787306
633,20.11656471787306,21.85958756070697
634,21.85958756070697,21.5426325951845
635,21.5426325951845,19.36080084420938
636,19.36080084420938,15.942938672959231
637,15.942938672959231,12.328718515813478
638,12.328718515813478,9.952613015069021
639,9.952613015069021,63.44420358608754
640,63.44420358608754,64.021514774743
641,64.021514774743,64.79547875729097
642,64.79547875729097,65.29867806543305
643,65.29867806543305,65.06256768495138
644,65.06256768495138,63.61918449450462
645,63.61918449450462,60.84719386416804
646,60.84719386416804,57.216765151668014
647,57.216765151668014,53.40107752900025
648,53.40107752900025,49.88841757213879
649,49.88841757213879,47.23946562097627
650,47.23946562097627,46.136123835215635
651,46.136123835215635,46.58370795982184
652,46.58370795982184,47.47533412956885
653,47.47533412956885,47.531289694258696
654,47.531289694258696,46.55093510802712
655,46.55093510802712,45.513398170182846
656,45.513398170182846,45.465637321543845
657,45.465637321543845,46.338320434304364
658,46.338320434304364,47.080037044790686
659,47.080037044790686,47.152274785058786
660,47.152274785058786,47.34560603705952
661,47.34560603705952,48.51834211262263
662,48.51834211262263,50.02336768667955
663,50.02336768667955,50.28481981819546
664,50.28481981819546,48.7556458527753
665,48.7556458527753,46.43852904830065
666,46.43852904830065,44.4569313292998
667,44.4569313292998,42.97957593058628
668,42.97957593058628,41.7344185218358
669,41.7344185218358,40.71252689924876
670,40.71252689924876,39.909744746975306
671,39.909744746975306,38.93173014287633
672,38.93173014287633,37.294902069794375
673,37.294902069794375,34.99622467657232
674,34.99622467657232,32.76239172918635
675,32.76239172918635,31.69014613743233
676,31.69014613743233,32.23363383793143
677,32.23363383793143,33.45517438362893
678,33.45517438362893,33.776603181436926
679,33.776603181436926,32.668021877129405
680,32.668021877129405,31.181214976210878
681,31.181214976210878,30.601354962659926
682,30.601354962659926,31.025079673500628
683,31.025079673500628,31.654507459011732
684,31.654507459011732,32.02067984201544
685,32.02067984201544,32.237103879965915
686,32.237103879965915,32.2936908133789
687,32.2936908133789,31.963499864173492
688,31.963499864173492,31.507373259859232
689,31.507373259859232,31.71465827840488
690,31.71465827840488,32.92951110080062
691,32.92951110080062,34.50820529975994
692,34.50820529975994,35.551046954855
693,35.551046954855,35.81799029555749
694,35.81799029555749,35.622910000571785
695,35.622910000571785,35.0550630376187
696,35.0550630376187,33.65638447448321
697,33.65638447448321,30.956892617293246
698,30.956892617293246,27.243065739895123
699,27.243065739895123,23.681910594290542
700,23.681910594290542,21.538721695552553
701,21.538721695552553,21.111428770774246
702,21.111428770774246,21.46126172276606
