,Curvature_n,Curvature_n1
0,108.287594997099,115.92710623548537
1,115.92710623548537,126.47388609230484
2,126.47388609230484,132.35228549285011
3,132.35228549285011,126.97891179338698
4,126.97891179338698,109.30269512491877
5,109.30269512491877,85.64956743363166
6,85.64956743363166,66.01516854685062
7,66.01516854685062,56.79683778750967
8,56.79683778750967,56.299537060811616
9,56.299537060811616,57.084461667807304
10,57.084461667807304,52.56831916146095
11,52.56831916146095,41.759279273459455
12,41.759279273459455,28.56807367538826
13,28.56807367538826,17.54583203726949
14,17.54583203726949,10.706274949763202
15,10.706274949763202,7.636338233854136
16,7.636338233854136,7.174846573964566
17,7.174846573964566,8.366811999827828
18,8.366811999827828,10.472383668721491
19,10.472383668721491,12.844753634169901
20,12.844753634169901,14.946847848941264
21,14.946847848941264,16.20113060718031
22,16.20113060718031,16.00242722600736
23,16.00242722600736,14.326663490523332
24,14.326663490523332,12.29838266875521
25,12.29838266875521,11.656443408419397
26,11.656443408419397,13.413926636644213
27,13.413926636644213,17.106000382101
28,17.106000382101,21.336603155732263
29,21.336603155732263,24.82489022146146
30,24.82489022146146,26.644615315262307
31,26.644615315262307,25.947258261076144
32,25.947258261076144,22.602969959972437
33,22.602969959972437,18.194418174960447
34,18.194418174960447,15.5059114826247
35,15.5059114826247,16.601900870557454
36,16.601900870557454,21.302324328670096
37,21.302324328670096,27.07338143960463
38,27.07338143960463,30.469409875635293
39,30.469409875635293,29.46298344001506
40,29.46298344001506,24.795118884498013
41,24.795118884498013,19.161265081763624
42,19.161265081763624,15.374810876615655
43,15.374810876615655,15.275744266064194
44,15.275744266064194,19.509927909599497
45,19.509927909599497,27.324082377119474
46,27.324082377119474,36.434727662383736
47,36.434727662383736,44.05944341649263
48,44.05944341649263,48.7245410020512
49,48.7245410020512,50.45015313769406
50,50.45015313769406,49.2169298545107
51,49.2169298545107,44.62926623390038
52,44.62926623390038,37.19161100137616
53,37.19161100137616,28.559539740944075
54,28.559539740944075,20.461998397329175
55,20.461998397329175,14.039464352057003
56,14.039464352057003,9.820514776598063
57,9.820514776598063,7.727126810169705
58,7.727126810169705,7.184514219964971
59,7.184514219964971,7.479880234041656
60,7.479880234041656,8.05549386476359
61,8.05549386476359,8.571567906277092
62,8.571567906277092,8.860697189522151
63,8.860697189522151,38.768718817416215
64,38.768718817416215,41.32016837051849
65,41.32016837051849,41.75164099412281
66,41.75164099412281,36.53389385079939
67,36.53389385079939,27.514624924875037
68,27.514624924875037,20.02926961968739
69,20.02926961968739,18.193038576996624
70,18.193038576996624,22.196548997568716
71,22.196548997568716,28.583833175180807
72,28.583833175180807,32.83972522115531
73,32.83972522115531,33.218830770612136
74,33.218830770612136,32.53815117708254
75,32.53815117708254,35.309019804417886
76,35.309019804417886,42.791695256469204
77,42.791695256469204,51.37965642690846
78,51.37965642690846,55.65258793108124
79,55.65258793108124,52.694702632896636
80,52.694702632896636,43.998774907670764
81,43.998774907670764,33.84661346445769
82,33.84661346445769,25.713558396356923
83,25.713558396356923,20.111709611284073
84,20.111709611284073,15.855618730285663
85,15.855618730285663,12.518080676080498
86,12.518080676080498,11.032848222700107
87,11.032848222700107,12.439477330997496
88,12.439477330997496,16.479702113183137
89,16.479702113183137,21.24594851719838
90,21.24594851719838,24.257668841485607
91,24.257668841485607,24.256085770751127
92,24.256085770751127,21.754133071122823
93,21.754133071122823,17.927983451180477
94,17.927983451180477,13.7553766365832
95,13.7553766365832,10.315082183943895
96,10.315082183943895,9.003724267366115
97,9.003724267366115,10.822278349123795
98,10.822278349123795,15.341621344219948
99,15.341621344219948,20.392737283919
100,20.392737283919,23.272772691065445
101,23.272772691065445,22.876181699903114
102,22.876181699903114,20.45481514296215
103,20.45481514296215,17.909367294529382
104,17.909367294529382,15.887322683576572
105,15.887322683576572,14.074999725331192
106,14.074999725331192,12.734768990260903
107,12.734768990260903,13.159986391488104
108,13.159986391488104,16.485159233104714
109,16.485159233104714,22.192975945790373
110,22.192975945790373,27.962967344041395
111,27.962967344041395,31.48442142920425
112,31.48442142920425,32.523337680527675
113,32.523337680527675,32.56199434469571
114,32.56199434469571,32.46806541521467
115,32.46806541521467,31.840525219313342
116,31.840525219313342,30.857202385552874
117,30.857202385552874,30.823806326149864
118,30.823806326149864,31.76078087860649
119,31.76078087860649,31.146775717854695
120,31.146775717854695,26.6934406206612
121,26.6934406206612,19.34191263046659
122,19.34191263046659,12.253810539971491
123,12.253810539971491,7.704050703933029
124,7.704050703933029,5.8348678663795415
125,5.8348678663795415,5.577666504368283
126,5.577666504368283,5.787275986562303
127,5.787275986562303,4.850323825022077
128,4.850323825022077,5.0374492757479405
129,5.0374492757479405,5.461381814845001
130,5.461381814845001,6.204044214958866
131,6.204044214958866,7.2383644203985185
132,7.2383644203985185,8.309731065945897
133,8.309731065945897,9.111178135013375
134,9.111178135013375,9.595796021521984
135,9.595796021521984,9.953154658552016
136,9.953154658552016,10.240291179008643
137,10.240291179008643,10.234990135740146
138,10.234990135740146,9.76068106510338
139,9.76068106510338,8.989316119430748
140,8.989316119430748,8.278217356845506
141,8.278217356845506,7.783950627061243
142,7.783950627061243,7.341545245055632
143,7.341545245055632,6.713176564442998
144,6.713176564442998,5.893742586927494
145,5.893742586927494,5.136176002039732
146,5.136176002039732,4.704847286910482
147,4.704847286910482,4.676095086892673
148,4.676095086892673,5.012683019230099
149,5.012683019230099,5.7409006047337146
150,5.7409006047337146,6.880478879660766
151,6.880478879660766,8.141933720616507
152,8.141933720616507,8.895989341373896
153,8.895989341373896,8.672913107148759
154,8.672913107148759,7.629253807399859
155,7.629253807399859,6.3750904556929475
156,6.3750904556929475,5.437907304504238
157,5.437907304504238,4.990900324366913
158,4.990900324366913,4.948140633058426
159,4.948140633058426,5.183069847801315
160,5.183069847801315,5.693041981476914
161,5.693041981476914,6.645798766474071
162,6.645798766474071,8.21979737535057
163,8.21979737535057,10.251412205365503
164,10.251412205365503,12.002857017866411
165,12.002857017866411,12.51653057149596
166,12.51653057149596,11.49216996409768
167,11.49216996409768,9.708007828559037
168,9.708007828559037,8.303236752816067
169,8.303236752816067,7.721793605954691
170,7.721793605954691,7.554724550902814
171,7.554724550902814,7.264814543809355
172,7.264814543809355,6.767709724785858
173,6.767709724785858,6.317785809921309
174,6.317785809921309,6.129531342800929
175,6.129531342800929,6.247536837008189
176,6.247536837008189,6.587576700301847
177,6.587576700301847,6.934239747973196
178,6.934239747973196,6.989809010552705
179,6.989809010552705,6.606611297527548
180,6.606611297527548,5.964458453722585
181,5.964458453722585,5.41957772294333
182,5.41957772294333,5.196696755018965
183,5.196696755018965,5.272214910836083
184,5.272214910836083,5.569887521033012
185,5.569887521033012,6.241008277790204
186,6.241008277790204,7.653846347635863
187,7.653846347635863,10.012372849159743
188,10.012372849159743,12.992554490386917
189,12.992554490386917,15.78949982238947
190,15.78949982238947,17.488510694089513
191,17.488510694089513,4.944803473733321
192,4.944803473733321,5.03529742927185
193,5.03529742927185,5.184622883558843
194,5.184622883558843,5.494746296813319
195,5.494746296813319,6.22422594968487
196,6.22422594968487,7.455064227699004
197,7.455064227699004,8.72899463158257
198,8.72899463158257,9.24158760586342
199,9.24158760586342,8.564039095403501
200,8.564039095403501,7.067144266308427
201,7.067144266308427,5.553560979492443
202,5.553560979492443,4.627742237544114
203,4.627742237544114,4.4431778855589386
204,4.4431778855589386,4.791359059495145
205,4.791359059495145,5.273989780112894
206,5.273989780112894,5.511197268096983
207,5.511197268096983,5.338018469089621
208,5.338018469089621,4.852133474813215
209,4.852133474813215,4.309163405749918
210,4.309163405749918,4.008884627608218
211,4.008884627608218,4.237937595026574
212,4.237937595026574,5.237445576178088
213,5.237445576178088,7.109737498980703
214,7.109737498980703,9.61967137478821
215,9.61967137478821,12.105766919518498
216,12.105766919518498,13.803001426143826
217,13.803001426143826,14.372982175251135
218,14.372982175251135,14.010502997730828
219,14.010502997730828,13.068440503081954
220,13.068440503081954,11.821565905796113
221,11.821565905796113,10.530530655748173
222,10.530530655748173,9.363460423230347
223,9.363460423230347,8.224871937221277
224,8.224871937221277,6.974543269963088
225,6.974543269963088,5.833648877805668
226,5.833648877805668,5.354531877923882
227,5.354531877923882,5.988743326965466
228,5.988743326965466,7.842424988436914
229,7.842424988436914,10.74226408933723
230,10.74226408933723,14.174974630696664
231,14.174974630696664,17.01827643776463
232,17.01827643776463,17.805445305463756
233,17.805445305463756,15.889036832471074
234,15.889036832471074,12.255334523871628
235,12.255334523871628,8.741945639952645
236,8.741945639952645,6.537670837833026
237,6.537670837833026,5.66482204563797
238,5.66482204563797,5.557645704259922
239,5.557645704259922,5.709374884860627
240,5.709374884860627,5.902007506006292
241,5.902007506006292,6.213522967572799
242,6.213522967572799,6.96606519641823
243,6.96606519641823,8.484152474426221
244,8.484152474426221,10.654547747489527
245,10.654547747489527,12.669565741506812
246,12.669565741506812,13.453984428447379
247,13.453984428447379,12.566441021670819
248,12.566441021670819,10.592940635594648
249,10.592940635594648,8.522399621045802
250,8.522399621045802,6.882366344344614
251,6.882366344344614,5.60140147805605
252,5.60140147805605,4.48128200174887
253,4.48128200174887,3.5481472388197606
254,3.5481472388197606,3.000156696721291
255,3.000156696721291,4.935844790726993
256,4.935844790726993,5.0137114552579085
257,5.0137114552579085,5.216662777339346
258,5.216662777339346,5.571003042411347
259,5.571003042411347,6.039018846850457
260,6.039018846850457,6.57414646044113
261,6.57414646044113,7.165301664046838
262,7.165301664046838,7.736962243196709
263,7.736962243196709,8.034977596143229
264,8.034977596143229,7.758117778927817
265,7.758117778927817,6.888613713975451
266,6.888613713975451,5.803955511056039
267,5.803955511056039,4.9568658097142
268,4.9568658097142,4.520254387519392
269,4.520254387519392,4.4645599614509806
270,4.4645599614509806,4.9224412960092465
271,4.9224412960092465,6.23984709590741
272,6.23984709590741,8.47455799448605
273,8.47455799448605,10.915957570842853
274,10.915957570842853,12.416177108060769
275,12.416177108060769,12.40242915432794
276,12.40242915432794,11.407643448310091
277,11.407643448310091,10.423365456324396
278,10.423365456324396,9.901110545486475
279,9.901110545486475,9.569884882307862
280,9.569884882307862,9.059273198090226
281,9.059273198090226,8.398496149999882
282,8.398496149999882,7.84636328163181
283,7.84636328163181,7.436829772305552
284,7.436829772305552,6.925145224879351
285,6.925145224879351,6.189050646973566
286,6.189050646973566,5.480562991099497
287,5.480562991099497,5.166082589031787
288,5.166082589031787,5.33568724807504
289,5.33568724807504,5.741524701095092
290,5.741524701095092,6.027220384070606
291,6.027220384070606,5.989227610516005
292,5.989227610516005,5.708514643775646
293,5.708514643775646,5.49222325881995
294,5.49222325881995,5.641937252608031
295,5.641937252608031,6.187255072280186
296,6.187255072280186,6.821183545825898
297,6.821183545825898,7.180982488077452
298,7.180982488077452,7.296749951755006
299,7.296749951755006,7.689705776861706
300,7.689705776861706,8.869262417319089
301,8.869262417319089,10.679597587730964
302,10.679597587730964,12.241022950367094
303,12.241022950367094,12.637399353351206
304,12.637399353351206,11.6426811262332
305,11.6426811262332,9.762739616527096
306,9.762739616527096,7.729455400917907
307,7.729455400917907,6.12965708882238
308,6.12965708882238,5.413247264443539
309,5.413247264443539,6.073238387571793
310,6.073238387571793,8.618717790165253
311,8.618717790165253,13.063805185413637
312,13.063805185413637,18.23813681700353
313,18.23813681700353,21.963698245073164
314,21.963698245073164,22.480206658028273
315,22.480206658028273,19.75855811814727
316,19.75855811814727,15.355915169181172
317,15.355915169181172,11.235462135068977
318,11.235462135068977,8.83815637475736
319,8.83815637475736,8.868853188116677
320,8.868853188116677,8.137554989499924
321,8.137554989499924,6.914947348924508
322,6.914947348924508,5.6425641611194255
323,5.6425641611194255,4.726117978297567
324,4.726117978297567,4.277976237708167
325,4.277976237708167,4.154173091315588
326,4.154173091315588,4.192816302021691
327,4.192816302021691,4.317639425624278
328,4.317639425624278,4.434717450012352
329,4.434717450012352,4.388989138122655
330,4.388989138122655,4.109611371121522
331,4.109611371121522,3.7119522988279487
332,3.7119522988279487,3.3719375925534005
333,3.3719375925534005,3.1503688329969086
334,3.1503688329969086,2.997472681644499
335,2.997472681644499,2.8702196278636642
336,2.8702196278636642,2.799679568401811
337,2.799679568401811,2.8993016383304555
338,2.8993016383304555,3.3378360624708368
339,3.3378360624708368,4.254125961745198
340,4.254125961745198,5.621680325318336
341,5.621680325318336,7.1448955632939875
342,7.1448955632939875,8.282904426993115
343,8.282904426993115,8.527126421108559
344,8.527126421108559,7.857673657427461
345,7.857673657427461,6.931798244068452
346,6.931798244068452,6.66162498586526
347,6.66162498586526,7.473859779896548
348,7.473859779896548,8.872412653111232
349,8.872412653111232,9.717406956577328
350,9.717406956577328,9.13100134237099
351,9.13100134237099,7.321580399792872
352,7.321580399792872,5.536803636401149
353,5.536803636401149,5.301240316953453
354,5.301240316953453,7.680511054775645
355,7.680511054775645,12.753841725028527
356,12.753841725028527,19.39187510501727
357,19.39187510501727,25.84382535119093
358,25.84382535119093,30.755448641240516
359,30.755448641240516,33.221443732658024
360,33.221443732658024,32.22758723138059
361,32.22758723138059,27.342275606060106
362,27.342275606060106,19.986985620537418
363,19.986985620537418,12.896624370415697
364,12.896624370415697,8.166417286849326
365,8.166417286849326,6.2790238728962695
366,6.2790238728962695,6.6439730436285025
367,6.6439730436285025,8.35005990556803
368,8.35005990556803,10.377919065936979
369,10.377919065936979,11.77484030914424
370,11.77484030914424,12.186772255331007
371,12.186772255331007,12.135045855507002
372,12.135045855507002,12.420402035551916
373,12.420402035551916,13.309110046465703
374,13.309110046465703,14.633792473373333
375,14.633792473373333,16.582065793696742
376,16.582065793696742,19.757327884376295
377,19.757327884376295,23.99975117005124
378,23.99975117005124,27.474977708956143
379,27.474977708956143,27.786395391955807
380,27.786395391955807,24.366126264121707
381,24.366126264121707,19.32278740069989
382,19.32278740069989,15.786242815832242
383,15.786242815832242,3.0229576879611653
384,3.0229576879611653,3.2465816231319753
385,3.2465816231319753,3.5763734334184463
386,3.5763734334184463,3.8446889260805763
387,3.8446889260805763,3.9274586693335323
388,3.9274586693335323,3.82584365444445
389,3.82584365444445,3.742590010982565
390,3.742590010982565,4.109736918115434
391,4.109736918115434,5.509013019826651
392,5.509013019826651,8.413026467991365
393,8.413026467991365,12.682891882246608
394,12.682891882246608,17.093062206904754
395,17.093062206904754,19.685654764984438
396,19.685654764984438,19.236309236908326
397,19.236309236908326,16.427069424289485
398,16.427069424289485,13.17731491080728
399,13.17731491080728,10.877962726260222
400,10.877962726260222,9.578964845789482
401,9.578964845789482,8.677183276190775
402,8.677183276190775,7.926656624586233
403,7.926656624586233,7.810068071355339
404,7.810068071355339,9.152745620658234
405,9.152745620658234,12.21053934408573
406,12.21053934408573,15.870471330929938
407,15.870471330929938,18.168934929969563
408,18.168934929969563,18.18546896609434
409,18.18546896609434,17.338250145214722
410,17.338250145214722,18.256587997000242
411,18.256587997000242,22.067159546499667
412,22.067159546499667,26.737358390214084
413,26.737358390214084,28.457163024676273
414,28.457163024676273,25.178541463540324
415,25.178541463540324,18.612282263552
416,18.612282263552,12.553527147083173
417,12.553527147083173,10.029661457693145
418,10.029661457693145,12.237231727783323
419,12.237231727783323,18.636654946400693
420,18.636654946400693,26.66347243944288
421,26.66347243944288,32.14240889755115
422,32.14240889755115,31.808068448438643
423,31.808068448438643,26.05152809184952
424,26.05152809184952,18.65949486269419
425,18.65949486269419,13.909027083881421
426,13.909027083881421,14.021726283620652
427,14.021726283620652,18.326933305821463
428,18.326933305821463,23.650533570445777
429,23.650533570445777,26.13673483854829
430,26.13673483854829,24.117588056238716
431,24.117588056238716,19.310447642209958
432,19.310447642209958,14.722557869259129
433,14.722557869259129,11.84110171126654
434,11.84110171126654,10.217095667112465
435,10.217095667112465,8.932360818780381
436,8.932360818780381,7.652272446661774
437,7.652272446661774,6.558896076361499
438,6.558896076361499,5.932170557685258
439,5.932170557685258,5.901379931501643
440,5.901379931501643,6.351694794010044
441,6.351694794010044,6.995624746490263
442,6.995624746490263,7.542473396336416
443,7.542473396336416,7.810584890028304
444,7.810584890028304,7.742265654275537
445,7.742265654275537,7.441274341596825
446,7.441274341596825,7.169916891871822
447,7.169916891871822,2.865987432139754
448,2.865987432139754,3.4425493192194603
449,3.4425493192194603,4.77907253993961
450,4.77907253993961,6.811466868014534
451,6.811466868014534,8.852907939134232
452,8.852907939134232,9.929333882285245
453,9.929333882285245,9.705724074450279
454,9.705724074450279,8.83476932168353
455,8.83476932168353,8.164924266167722
456,8.164924266167722,7.871223799506252
457,7.871223799506252,7.592289781844451
458,7.592289781844451,7.100085875145809
459,7.100085875145809,6.505464365007479
460,6.505464365007479,6.00548647863343
461,6.00548647863343,5.731971071238657
462,5.731971071238657,5.755297932482161
463,5.755297932482161,6.043035516241877
464,6.043035516241877,6.520851251257785
465,6.520851251257785,7.354773512510641
466,7.354773512510641,9.050672469862718
467,9.050672469862718,11.885936945414965
468,11.885936945414965,15.089578710152384
469,15.089578710152384,16.963170134046013
470,16.963170134046013,16.27082049693888
471,16.27082049693888,13.420265449498782
472,13.420265449498782,10.009400683569794
473,10.009400683569794,7.425832570108592
474,7.425832570108592,6.174684656803105
475,6.174684656803105,6.202356870406744
476,6.202356870406744,7.28022808196156
477,7.28022808196156,8.972385125932623
478,8.972385125932623,10.556621397528508
479,10.556621397528508,11.259748885883614
480,11.259748885883614,10.670894136231285
481,10.670894136231285,8.990513850940662
482,8.990513850940662,6.895437854805497
483,6.895437854805497,5.1033880218275645
484,5.1033880218275645,3.9990834952063077
485,3.9990834952063077,3.575219934718831
486,3.575219934718831,3.5858686718873143
487,3.5858686718873143,3.717309310816705
488,3.717309310816705,3.726594648772602
489,3.726594648772602,3.533627497041901
490,3.533627497041901,3.291220703544376
491,3.291220703544376,3.4187304418517206
492,3.4187304418517206,4.571033794420487
493,4.571033794420487,7.332159981229065
494,7.332159981229065,11.518415863898818
495,11.518415863898818,15.636023581571138
496,15.636023581571138,17.539322131321146
497,17.539322131321146,16.202129236725412
498,16.202129236725412,12.691062296867498
499,12.691062296867498,9.196401925008118
500,9.196401925008118,7.521764935532145
501,7.521764935532145,8.764699970491066
502,8.764699970491066,13.56521452132311
503,13.56521452132311,21.366365752058194
504,21.366365752058194,29.250522088309772
505,29.250522088309772,32.88415800781809
506,32.88415800781809,29.930951219907513
507,29.930951219907513,22.20083805117856
508,22.20083805117856,13.800427107994022
509,13.800427107994022,7.744923960132517
510,7.744923960132517,4.835790289139861
511,4.835790289139861,20.470438189482543
512,20.470438189482543,23.003256092284232
513,23.003256092284232,25.15773646133953
514,25.15773646133953,24.374125839760556
515,24.374125839760556,21.000203178001875
516,21.000203178001875,17.769382560802615
517,17.769382560802615,17.984351832761583
518,17.984351832761583,24.037271182980856
519,24.037271182980856,35.73708666381211
520,35.73708666381211,49.11816494074593
521,49.11816494074593,58.12542497833793
522,58.12542497833793,58.68928497229841
523,58.68928497229841,51.13470939751492
524,51.13470939751492,39.00455188383792
525,39.00455188383792,26.48942100163175
526,26.48942100163175,16.594181920783882
527,16.594181920783882,10.416719568676882
528,10.416719568676882,7.462514920324255
529,7.462514920324255,6.5974844839749425
530,6.5974844839749425,6.871009337719986
531,6.871009337719986,7.769670194740964
532,7.769670194740964,8.969118606308507
533,8.969118606308507,9.989539029161001
534,9.989539029161001,10.213192094654454
535,10.213192094654454,9.401767303565627
536,9.401767303565627,8.010690268721273
537,8.010690268721273,6.765676825953227
538,6.765676825953227,6.00722286332495
539,6.00722286332495,5.580794990319074
540,5.580794990319074,5.207021213611076
541,5.207021213611076,4.7584853255333295
542,4.7584853255333295,4.243282233087873
543,4.243282233087873,3.704488530552535
544,3.704488530552535,3.237855424757131
545,3.237855424757131,3.098610268349274
546,3.098610268349274,3.7890194468942817
547,3.7890194468942817,5.915313497177525
548,5.915313497177525,9.658899627985924
549,9.658899627985924,14.161193405296633
550,14.161193405296633,17.6558039738739
551,17.6558039738739,18.608255320667755
552,18.608255320667755,16.825935514596836
553,16.825935514596836,13.458779632005434
554,13.458779632005434,10.078114541897705
555,10.078114541897705,7.753438998153561
556,7.753438998153561,6.731472797388305
557,6.731472797388305,6.6885211042888875
558,6.6885211042888875,7.1127477738582225
559,7.1127477738582225,7.482419427544054
560,7.482419427544054,7.3580080318945384
561,7.3580080318945384,6.57950064300894
562,6.57950064300894,5.411888897699468
563,5.411888897699468,4.363598883314902
564,4.363598883314902,3.8235962909391783
565,3.8235962909391783,3.844654198666834
566,3.844654198666834,4.287425336466182
567,4.287425336466182,5.234432516319763
568,5.234432516319763,7.3223666937932075
569,7.3223666937932075,11.40483979071422
570,11.40483979071422,17.362267335094604
571,17.362267335094604,23.22801352128734
572,23.22801352128734,26.331339685607336
573,26.331339685607336,25.97596818516874
574,25.97596818516874,24.426819236101736
575,24.426819236101736,2.370939110883705
576,2.370939110883705,3.759243258773593
577,3.759243258773593,6.9783250557108
578,6.9783250557108,11.952368994241715
579,11.952368994241715,17.171418955780716
580,17.171418955780716,20.368807999252923
581,20.368807999252923,20.79831315749219
582,20.79831315749219,20.297168636246163
583,20.297168636246163,21.141402858346368
584,21.141402858346368,23.067430256849583
585,23.067430256849583,23.40763652554213
586,23.40763652554213,20.266164110437153
587,20.266164110437153,14.64217345392112
588,14.64217345392112,9.128450477942849
589,9.128450477942849,5.415723125535353
590,5.415723125535353,3.5415163805678365
591,3.5415163805678365,2.7674601193106176
592,2.7674601193106176,2.456499349504734
593,2.456499349504734,2.286473140800683
594,2.286473140800683,2.1483681698488786
595,2.1483681698488786,2.0537559714540254
596,2.0537559714540254,2.094739778729643
597,2.094739778729643,2.4050891913020105
598,2.4050891913020105,3.044408169534788
599,3.044408169534788,3.892544984227703
600,3.892544984227703,4.707819909995204
601,4.707819909995204,5.325064355074291
602,5.325064355074291,5.79365066376915
603,5.79365066376915,6.332764952148063
604,6.332764952148063,7.120533241369382
605,7.120533241369382,8.058445659908072
606,8.058445659908072,8.789893157880002
607,8.789893157880002,9.0165804037943
608,9.0165804037943,8.67661622690537
609,8.67661622690537,7.816645712921757
610,7.816645712921757,6.570538521986524
611,6.570538521986524,5.284659832976514
612,5.284659832976514,4.364321418039172
613,4.364321418039172,3.945004813263899
614,3.945004813263899,3.8691743130557654
615,3.8691743130557654,3.9319018050556553
616,3.9319018050556553,4.027796206363414
617,4.027796206363414,4.122114730241151
618,4.122114730241151,4.211950254085356
619,4.211950254085356,4.321937642386024
620,4.321937642386024,4.482970006410534
621,4.482970006410534,4.698970399772665
622,4.698970399772665,4.930557146389144
623,4.930557146389144,5.177548817915475
624,5.177548817915475,5.679864106013209
625,5.679864106013209,7.06407012964334
626,7.06407012964334,10.095009756219007
627,10.095009756219007,14.888514024545449
628,14.888514024545449,20.095164831943034
629,20.095164831943034,23.170816886133803
630,23.170816886133803,22.1705482925449
631,22.1705482925449,17.51205841607569
632,17.51205841607569,11.634977131211066
633,11.634977131211066,6.9304348386646035
634,6.9304348386646035,4.2892629868948555
635,4.2892629868948555,3.318664988520412
636,3.318664988520412,3.2374767150375057
637,3.2374767150375057,3.431335674394326
638,3.431335674394326,3.5790414107758917
639,3.5790414107758917,44.633749502864546
640,44.633749502864546,36.64122324684095
641,36.64122324684095,25.275938734560278
642,25.275938734560278,15.63210781659254
643,15.63210781659254,9.875006856128753
644,9.875006856128753,7.359317774389162
645,7.359317774389162,6.525805263019041
646,6.525805263019041,6.204025961596459
647,6.204025961596459,5.853438654202324
648,5.853438654202324,5.349394216681507
649,5.349394216681507,4.782469456850718
650,4.782469456850718,4.336050869906515
651,4.336050869906515,4.137321222544978
652,4.137321222544978,4.137230583232684
653,4.137230583232684,4.1751927092826575
654,4.1751927092826575,4.154802537748678
655,4.154802537748678,4.121798922433449
656,4.121798922433449,4.186994257087575
657,4.186994257087575,4.440652285451655
658,4.440652285451655,4.956596111718052
659,4.956596111718052,5.858098195868183
660,5.858098195868183,7.289521030707963
661,7.289521030707963,9.142989047989616
662,9.142989047989616,10.75858757054366
663,10.75858757054366,11.228104677827915
664,11.228104677827915,10.344792281710577
665,10.344792281710577,9.156488308560487
666,9.156488308560487,9.243231788271787
667,9.243231788271787,11.268897998835552
668,11.268897998835552,14.172443160871698
669,14.172443160871698,15.892718010693414
670,15.892718010693414,15.138130787392393
671,15.138130787392393,12.429211603800798
672,12.429211603800798,9.363008677958444
673,9.363008677958444,7.246146754793793
674,7.246146754793793,6.569014160531112
675,6.569014160531112,7.168456110387223
676,7.168456110387223,8.333420595144316
677,8.333420595144316,9.023048865019971
678,9.023048865019971,8.535233620701872
679,8.535233620701872,7.05400685224121
680,7.05400685224121,5.361568732853861
681,5.361568732853861,4.102605955049313
682,4.102605955049313,3.437077334134816
683,3.437077334134816,3.2225870619842327
684,3.2225870619842327,3.288232592299404
685,3.288232592299404,3.5225400309363413
686,3.5225400309363413,3.8243222022483847
687,3.8243222022483847,4.05564770941103
688,4.05564770941103,4.076800414070276
689,4.076800414070276,3.847640693221924
690,3.847640693221924,3.476580079082228
691,3.476580079082228,3.147193060785698
692,3.147193060785698,2.994525966797901
693,2.994525966797901,3.0353585201726276
694,3.0353585201726276,3.180881923424786
695,3.180881923424786,3.3104245365055007
696,3.3104245365055007,3.349956535446174
697,3.349956535446174,3.2826869894327566
698,3.2826869894327566,3.110948975842799
699,3.110948975842799,2.8585437298885816
700,2.8585437298885816,2.595909402384614
701,2.595909402384614,2.404775363197872
702,2.404775363197872,2.3157022959300937
