,Curvature_n,Curvature_n1
0,56.51318835531915,49.34217188783305
1,49.34217188783305,38.056221798491585
2,38.056221798491585,26.81216792976998
3,26.81216792976998,19.212034478575635
4,19.212034478575635,17.755402054934954
5,17.755402054934954,23.145044459794594
6,23.145044459794594,33.070814277141665
7,33.070814277141665,42.279544811173764
8,42.279544811173764,45.67709936708628
9,45.67709936708628,42.376965263087804
10,42.376965263087804,36.257338689946565
11,36.257338689946565,32.16415474890009
12,32.16415474890009,31.917166609200024
13,31.917166609200024,34.02886936237299
14,34.02886936237299,36.81365038294909
15,36.81365038294909,41.08224687971558
16,41.08224687971558,48.73220144220525
17,48.73220144220525,58.7311682030128
18,58.7311682030128,66.29971534512572
19,66.29971534512572,67.0593938031319
20,67.0593938031319,60.65509149594723
21,60.65509149594723,49.74914129702631
22,49.74914129702631,37.41292606098933
23,37.41292606098933,26.39494153677172
24,26.39494153677172,19.286848893230854
25,19.286848893230854,17.84040171745232
26,17.84040171745232,21.81209889723574
27,21.81209889723574,28.60699173175847
28,28.60699173175847,34.902621376380615
29,34.902621376380615,39.69937446457314
30,39.69937446457314,45.18903345459111
31,45.18903345459111,53.22606851557623
32,53.22606851557623,61.65785405242998
33,61.65785405242998,66.49812882508506
34,66.49812882508506,67.49217447886696
35,67.49217447886696,68.77805863504994
36,68.77805863504994,73.20942768380158
37,73.20942768380158,78.31299314778491
38,78.31299314778491,79.06942174634581
39,79.06942174634581,73.12494706655407
40,73.12494706655407,62.258294393956945
41,62.258294393956945,50.25107751656238
42,50.25107751656238,40.85004776430935
43,40.85004776430935,36.74706374221768
44,36.74706374221768,38.32893111144287
45,38.32893111144287,43.024511370467536
46,43.024511370467536,47.051390280718046
47,47.051390280718046,48.13479544753213
48,48.13479544753213,45.96164314297725
49,45.96164314297725,40.8463299888066
50,40.8463299888066,33.46237253410689
51,33.46237253410689,25.655239108916998
52,25.655239108916998,19.90622327667362
53,19.90622327667362,17.429454739837862
54,17.429454739837862,17.248003445531452
55,17.248003445531452,17.454212904541627
56,17.454212904541627,17.20504566921702
57,17.20504566921702,17.15881923866436
58,17.15881923866436,18.04492164266739
59,18.04492164266739,19.565336137813137
60,19.565336137813137,21.011906892053023
61,21.011906892053023,22.103524078038472
62,22.103524078038472,22.750525125740186
63,22.750525125740186,45.71962948306606
64,45.71962948306606,38.28918023136818
65,38.28918023136818,27.904146028090377
66,27.904146028090377,19.50484977765286
67,19.50484977765286,15.265603138737916
68,15.265603138737916,14.967544363520261
69,14.967544363520261,17.98964998958551
70,17.98964998958551,24.016323777823068
71,24.016323777823068,32.05040684080889
72,32.05040684080889,39.72632652035416
73,39.72632652035416,44.37227627004896
74,44.37227627004896,44.82361297314971
75,44.82361297314971,41.972114281226354
76,41.972114281226354,37.551758315387865
77,37.551758315387865,32.62081796271217
78,32.62081796271217,27.481259466098326
79,27.481259466098326,23.064998291632982
80,23.064998291632982,21.51214441436984
81,21.51214441436984,24.280165900584823
82,24.280165900584823,29.703950529950102
83,29.703950529950102,33.5921191853221
84,33.5921191853221,32.96920450992555
85,32.96920450992555,28.594241267888926
86,28.594241267888926,23.397387510615204
87,23.397387510615204,19.29708637231343
88,19.29708637231343,16.213461845502877
89,16.213461845502877,13.325280511750897
90,13.325280511750897,10.317519983090843
91,10.317519983090843,7.5092492316425705
92,7.5092492316425705,5.371936288577854
93,5.371936288577854,4.14399792550797
94,4.14399792550797,3.8076136715139635
95,3.8076136715139635,4.345558369415971
96,4.345558369415971,5.811704108286008
97,5.811704108286008,8.019216837004098
98,8.019216837004098,10.266206945244654
99,10.266206945244654,11.719488257959274
100,11.719488257959274,12.191482384115155
101,12.191482384115155,12.345895797043774
102,12.345895797043774,13.056364207537996
103,13.056364207537996,14.638865231299606
104,14.638865231299606,16.583847238377196
105,16.583847238377196,17.851738978852033
106,17.851738978852033,17.613597094802806
107,17.613597094802806,15.949806887934487
108,15.949806887934487,13.698514809705678
109,13.698514809705678,11.616976562949842
110,11.616976562949842,10.05566555468331
111,10.05566555468331,9.479484248366676
112,9.479484248366676,10.779695549038873
113,10.779695549038873,14.641268948956775
114,14.641268948956775,20.457880259674223
115,20.457880259674223,25.975325950210745
116,25.975325950210745,28.47348545476156
117,28.47348545476156,26.87209335778127
118,26.87209335778127,22.89943232454589
119,22.89943232454589,20.037693497707295
120,20.037693497707295,21.028602013028475
121,21.028602013028475,25.878352292387248
122,25.878352292387248,31.72412321066595
123,31.72412321066595,34.70883232015487
124,34.70883232015487,32.79258513665314
125,32.79258513665314,27.53503845400258
126,27.53503845400258,23.130290396011592
127,23.130290396011592,20.79722856791802
128,20.79722856791802,23.074349006002308
129,23.074349006002308,25.46200772964678
130,25.46200772964678,25.593807478501695
131,25.593807478501695,22.807559059949938
132,22.807559059949938,18.362257115302903
133,18.362257115302903,14.229863290455276
134,14.229863290455276,11.928704030163956
135,11.928704030163956,12.416958570357309
136,12.416958570357309,16.584144162607437
137,16.584144162607437,24.941929648389944
138,24.941929648389944,36.15835945752275
139,36.15835945752275,46.12128077860259
140,46.12128077860259,49.64424161282386
141,49.64424161282386,44.44088344373063
142,44.44088344373063,33.65059450318182
143,33.65059450318182,24.043262382117916
144,24.043262382117916,21.395452471026744
145,21.395452471026744,26.71715964061335
146,26.71715964061335,35.53314830551132
147,35.53314830551132,40.94394377055415
148,40.94394377055415,39.01446446437775
149,39.01446446437775,31.61767777119721
150,31.61767777119721,23.56701230416887
151,23.56701230416887,17.866120595859563
152,17.866120595859563,14.65637775079275
153,14.65637775079275,13.476367217720128
154,13.476367217720128,14.675571865929205
155,14.675571865929205,18.48294869930637
156,18.48294869930637,23.77423175065989
157,23.77423175065989,28.487312118330784
158,28.487312118330784,31.076450156695103
159,31.076450156695103,31.1971089879589
160,31.1971089879589,29.204567712567467
161,29.204567712567467,25.742879236863146
162,25.742879236863146,21.841433780937578
163,21.841433780937578,18.679150557974065
164,18.679150557974065,16.890376760748897
165,16.890376760748897,16.203233465120228
166,16.203233465120228,15.76939430974927
167,15.76939430974927,14.857784857835576
168,14.857784857835576,13.334288747638507
169,13.334288747638507,11.52834554853889
170,11.52834554853889,9.781277759541354
171,9.781277759541354,8.305695401075063
172,8.305695401075063,7.371343650186209
173,7.371343650186209,7.261330429798112
174,7.261330429798112,7.948928520991274
175,7.948928520991274,9.032867717376703
176,9.032867717376703,10.072501708193698
177,10.072501708193698,10.858214316597415
178,10.858214316597415,11.43663107293525
179,11.43663107293525,12.145286015526736
180,12.145286015526736,13.665041176132242
181,13.665041176132242,16.700384579528368
182,16.700384579528368,21.31576530303773
183,21.31576530303773,26.469811234866523
184,26.469811234866523,30.60619043123112
185,30.60619043123112,33.08297173730202
186,33.08297173730202,34.49544691485917
187,34.49544691485917,35.179786510122035
188,35.179786510122035,34.387262857173894
189,34.387262857173894,31.912838466788088
190,31.912838466788088,29.55059153780926
191,29.55059153780926,32.55320798244019
192,32.55320798244019,29.024787998856944
193,29.024787998856944,23.769153686402817
194,23.769153686402817,19.001158316048794
195,19.001158316048794,15.908492851269397
196,15.908492851269397,14.317986996568031
197,14.317986996568031,13.450232860829058
198,13.450232860829058,12.807569122546512
199,12.807569122546512,12.455463045939197
200,12.455463045939197,12.731847513318938
201,12.731847513318938,13.729663784273008
202,13.729663784273008,14.97532910367877
203,14.97532910367877,15.720777484419626
204,15.720777484419626,15.613491179480638
205,15.613491179480638,14.827347465269698
206,14.827347465269698,13.561967252372487
207,13.561967252372487,11.897631166196359
208,11.897631166196359,10.20024787653299
209,10.20024787653299,9.176454492292464
210,9.176454492292464,9.310643449214954
211,9.310643449214954,10.375782577545708
212,10.375782577545708,11.587100551932853
213,11.587100551932853,12.201542078163236
214,12.201542078163236,11.916444222168662
215,11.916444222168662,10.830497359121352
216,10.830497359121352,9.34259956742219
217,9.34259956742219,8.180011037792204
218,8.180011037792204,8.230856888541435
219,8.230856888541435,9.980309506570517
220,9.980309506570517,12.90730871308646
221,12.90730871308646,15.496851966925812
222,15.496851966925812,16.213587984460034
223,16.213587984460034,14.76060398576713
224,14.76060398576713,12.304430618867656
225,12.304430618867656,10.32673302151957
226,10.32673302151957,9.318395227407251
227,9.318395227407251,8.68081500569318
228,8.68081500569318,7.762830090662456
229,7.762830090662456,6.70600899573461
230,6.70600899573461,6.169817101239083
231,6.169817101239083,6.460337536965257
232,6.460337536965257,7.179247273209886
233,7.179247273209886,7.7061501177013465
234,7.7061501177013465,7.853448398364948
235,7.853448398364948,7.934072313190536
236,7.934072313190536,8.307311143813417
237,8.307311143813417,9.110319679912317
238,9.110319679912317,10.511500390642986
239,10.511500390642986,12.872716681699153
240,12.872716681699153,16.130870921563254
241,16.130870921563254,19.07201121262517
242,19.07201121262517,20.0124230101067
243,20.0124230101067,18.740210784278833
244,18.740210784278833,17.23374192722289
245,17.23374192722289,17.741359406973086
246,17.741359406973086,20.384609257713272
247,20.384609257713272,23.206818623342627
248,23.206818623342627,24.312669185125593
249,24.312669185125593,23.197449964235567
250,23.197449964235567,20.227336934722373
251,20.227336934722373,16.007265287510187
252,16.007265287510187,11.504101235996648
253,11.504101235996648,7.90215181363692
254,7.90215181363692,5.988447318099007
255,5.988447318099007,12.666795752224846
256,12.666795752224846,11.333053452378635
257,11.333053452378635,9.0248283120337
258,9.0248283120337,6.594059114106038
259,6.594059114106038,5.086140623347768
260,5.086140623347768,5.232523187463427
261,5.232523187463427,7.2639282392881395
262,7.2639282392881395,10.771795789888738
263,10.771795789888738,14.401921111824006
264,14.401921111824006,16.213069610667528
265,16.213069610667528,15.093997386639465
266,15.093997386639465,11.76751667628269
267,11.76751667628269,8.044307230781477
268,8.044307230781477,5.274560922331866
269,5.274560922331866,3.691774613149115
270,3.691774613149115,2.866570365760041
271,2.866570365760041,2.3653015618711666
272,2.3653015618711666,2.002626389327701
273,2.002626389327701,1.7502590154623086
274,1.7502590154623086,1.6097018777281775
275,1.6097018777281775,1.6000602863481004
276,1.6000602863481004,1.831981117766071
277,1.831981117766071,2.5506174064747693
278,2.5506174064747693,4.027528221217853
279,4.027528221217853,6.209595534725982
280,6.209595534725982,8.393135639282669
281,8.393135639282669,9.496684477936364
282,9.496684477936364,9.025446037339883
283,9.025446037339883,7.773496579168391
284,7.773496579168391,7.463591053354388
285,7.463591053354388,9.581025252219169
286,9.581025252219169,14.102820221389274
287,14.102820221389274,18.898458121836345
288,18.898458121836345,20.85419799944569
289,20.85419799944569,18.449505890279465
290,18.449505890279465,13.136448194251509
291,13.136448194251509,7.791855378885951
292,7.791855378885951,4.239391798961389
293,4.239391798961389,2.550568540166897
294,2.550568540166897,2.027422143273053
295,2.027422143273053,2.2138933202701327
296,2.2138933202701327,3.1908856593138664
297,3.1908856593138664,5.317383313608809
298,5.317383313608809,8.618016911106547
299,8.618016911106547,12.170490544763666
300,12.170490544763666,14.343988609397043
301,14.343988609397043,14.122139542159774
302,14.122139542159774,12.162941011941236
303,12.162941011941236,10.149175751487025
304,10.149175751487025,9.186365961488203
305,9.186365961488203,9.190668409078368
306,9.190668409078368,9.571886363195159
307,9.571886363195159,9.84940904546584
308,9.84940904546584,9.610004293825526
309,9.610004293825526,8.559893324866486
310,8.559893324866486,6.91599379390777
311,6.91599379390777,5.3978329305849915
312,5.3978329305849915,4.669271340273042
313,4.669271340273042,4.952421784269516
314,4.952421784269516,6.118700723441911
315,6.118700723441911,7.831608050960195
316,7.831608050960195,9.570350127596718
317,9.570350127596718,10.82791219221971
318,10.82791219221971,11.4179841882554
319,11.4179841882554,4.676774748324057
320,4.676774748324057,5.308476517557175
321,5.308476517557175,6.546137361648631
322,6.546137361648631,8.580295252848899
323,8.580295252848899,11.469848261188098
324,11.469848261188098,14.318795456482853
325,14.318795456482853,15.461677973961082
326,15.461677973961082,14.202620547281423
327,14.202620547281423,12.093848256650375
328,12.093848256650375,11.97985590502918
329,11.97985590502918,15.688844823222485
330,15.688844823222485,22.314042605204445
331,22.314042605204445,28.25695650110808
332,28.25695650110808,29.52462417691631
333,29.52462417691631,24.981464097981682
334,24.981464097981682,17.284457668062945
335,17.284457668062945,10.319125183033348
336,10.319125183033348,6.134344808862441
337,6.134344808862441,4.3865230693181925
338,4.3865230693181925,3.780868829861737
339,3.780868829861737,3.4359872447280613
340,3.4359872447280613,3.2076737735652046
341,3.2076737735652046,3.315732902420252
342,3.315732902420252,4.028013867450419
343,4.028013867450419,5.640720939582771
344,5.640720939582771,8.38526640443943
345,8.38526640443943,11.981821712315366
346,11.981821712315366,15.364580132652549
347,15.364580132652549,17.168838022250156
348,17.168838022250156,16.72162909102789
349,16.72162909102789,14.593110407552786
350,14.593110407552786,12.08115396986752
351,12.08115396986752,10.107149237432214
352,10.107149237432214,8.76795375584853
353,8.76795375584853,7.890800304577404
354,7.890800304577404,7.571265908863703
355,7.571265908863703,7.941953344024246
356,7.941953344024246,8.71958434861675
357,8.71958434861675,9.261521205022126
358,9.261521205022126,9.101839812336376
359,9.101839812336376,8.387135907328538
360,8.387135907328538,7.712084542753516
361,7.712084542753516,7.460067865008513
362,7.460067865008513,7.4697269981336465
363,7.4697269981336465,7.493954114472242
364,7.493954114472242,7.725314476247444
365,7.725314476247444,8.517741453863119
366,8.517741453863119,9.69335632310073
367,9.69335632310073,10.59253112602683
368,10.59253112602683,11.027193598090015
369,11.027193598090015,11.746090803859813
370,11.746090803859813,13.43819907327078
371,13.43819907327078,15.448307051790627
372,15.448307051790627,16.099466268899707
373,16.099466268899707,14.423274171355924
374,14.423274171355924,11.270373115327844
375,11.270373115327844,8.727561073880448
376,8.727561073880448,8.897533467529186
377,8.897533467529186,13.02953750111773
378,13.02953750111773,20.649715255120572
379,20.649715255120572,28.93285255327445
380,28.93285255327445,34.03540008399198
381,34.03540008399198,34.51138069698416
382,34.51138069698416,32.970468317041785
383,32.970468317041785,55.367419196889635
384,55.367419196889635,49.81406692220875
385,49.81406692220875,39.47984122342656
386,39.47984122342656,27.21312022734916
387,27.21312022734916,16.883396935632106
388,16.883396935632106,10.510803905469993
389,10.510803905469993,7.445030996226164
390,7.445030996226164,6.115027653601107
391,6.115027653601107,5.743900340100886
392,5.743900340100886,6.5001301803385285
393,6.5001301803385285,8.636529754903604
394,8.636529754903604,11.671582570629003
395,11.671582570629003,14.416989339727596
396,14.416989339727596,15.871835941262317
397,15.871835941262317,15.932684428917199
398,15.932684428917199,15.150207877601835
399,15.150207877601835,14.043751639962931
400,14.043751639962931,12.825856650276116
401,12.825856650276116,11.571917397430212
402,11.571917397430212,10.416211774078175
403,10.416211774078175,9.589822118546804
404,9.589822118546804,9.346921208661525
405,9.346921208661525,9.933853700302961
406,9.933853700302961,11.462508887409413
407,11.462508887409413,13.550107713262934
408,13.550107713262934,15.228578787200233
409,15.228578787200233,15.676855723115544
410,15.676855723115544,15.338103824242978
411,15.338103824242978,15.97226876851825
412,15.97226876851825,18.931311841147622
413,18.931311841147622,23.2840120189094
414,23.2840120189094,26.322246135936066
415,26.322246135936066,26.213847842622123
416,26.213847842622123,23.47037960145469
417,23.47037960145469,19.65245351346064
418,19.65245351346064,15.807012691470899
419,15.807012691470899,12.587083490697742
420,12.587083490697742,10.631246574842866
421,10.631246574842866,10.003842284864916
422,10.003842284864916,9.8519842674245
423,9.8519842674245,9.198167030006394
424,9.198167030006394,7.899818067441071
425,7.899818067441071,6.712633444215414
426,6.712633444215414,6.803503647992386
427,6.803503647992386,9.223956445116107
428,9.223956445116107,14.164550003101912
429,14.164550003101912,20.157654338962033
430,20.157654338962033,24.425164669025573
431,24.425164669025573,24.81815726123839
432,24.81815726123839,21.479459283550096
433,21.479459283550096,16.35384012805209
434,16.35384012805209,11.442496563144928
435,11.442496563144928,7.777930901863738
436,7.777930901863738,5.489950292853537
437,5.489950292853537,4.254313646577661
438,4.254313646577661,3.7134436827099595
439,3.7134436827099595,3.7348859050120744
440,3.7348859050120744,4.401788568591066
441,4.401788568591066,5.782639669144313
442,5.782639669144313,7.783705482838357
443,7.783705482838357,10.29397804358334
444,10.29397804358334,13.297044926073724
445,13.297044926073724,16.44088736268826
446,16.44088736268826,18.60761713934655
447,18.60761713934655,2.5181421230009895
448,2.5181421230009895,3.217773296520133
449,3.217773296520133,4.956285690186276
450,4.956285690186276,7.76413381092258
451,7.76413381092258,10.70990496445375
452,10.70990496445375,12.211134734144
453,12.211134734144,11.358233525130476
454,11.358233525130476,8.788222406677702
455,8.788222406677702,6.022400860752847
456,6.022400860752847,4.1342227659888895
457,4.1342227659888895,3.2020666935351785
458,3.2020666935351785,2.7332135997441505
459,2.7332135997441505,2.3014288023553826
460,2.3014288023553826,1.833033242421503
461,1.833033242421503,1.5035076654863464
462,1.5035076654863464,1.5059054851457154
463,1.5059054851457154,1.9287363156854533
464,1.9287363156854533,2.793375491462222
465,2.793375491462222,4.144055006077029
466,4.144055006077029,6.015277931942674
467,6.015277931942674,8.168683955562297
468,8.168683955562297,9.8721539168404
469,9.8721539168404,10.241496536946292
470,10.241496536946292,9.066572836875832
471,9.066572836875832,7.195823734939564
472,7.195823734939564,5.968795756135215
473,5.968795756135215,6.332824995313791
474,6.332824995313791,8.368266500679276
475,8.368266500679276,11.226153328146289
476,11.226153328146289,13.430748635053858
477,13.430748635053858,13.694616535443693
478,13.694616535443693,11.819507152503139
479,11.819507152503139,8.7952297130823
480,8.7952297130823,5.945704483389023
481,5.945704483389023,4.0140798972225165
482,4.0140798972225165,2.98007958819347
483,2.98007958819347,2.5257915950072793
484,2.5257915950072793,2.5262381267365797
485,2.5262381267365797,3.2127700159872683
486,3.2127700159872683,4.971288648274969
487,4.971288648274969,7.855046464066108
488,7.855046464066108,11.12420751870167
489,11.12420751870167,13.403403625324477
490,13.403403625324477,13.599824114418576
491,13.599824114418576,11.785117394940125
492,11.785117394940125,9.211475976051474
493,9.211475976051474,7.581636795399599
494,7.581636795399599,8.164189326907058
495,8.164189326907058,11.06536090236174
496,11.06536090236174,14.893288744293729
497,14.893288744293729,17.340992947143263
498,17.340992947143263,16.80059497302149
499,16.80059497302149,13.703611864938631
500,13.703611864938631,10.00178761809374
501,10.00178761809374,7.311283173646447
502,7.311283173646447,5.847539672245903
503,5.847539672245903,5.045912609300763
504,5.045912609300763,4.671708513918606
505,4.671708513918606,5.046589801616669
506,5.046589801616669,6.343595418461215
507,6.343595418461215,7.961246976276838
508,7.961246976276838,8.85959725374439
509,8.85959725374439,8.639324464611203
510,8.639324464611203,8.035510851277408
511,8.035510851277408,30.89547137775419
512,30.89547137775419,27.604994812138322
513,27.604994812138322,21.501683557661956
514,21.501683557661956,14.297632876687546
515,14.297632876687546,8.350251248317079
516,8.350251248317079,5.001698376311864
517,5.001698376311864,3.9748376990415517
518,3.9748376990415517,4.151622036060749
519,4.151622036060749,4.513990749332997
520,4.513990749332997,4.584796580694805
521,4.584796580694805,4.541462247768717
522,4.541462247768717,5.1613775636871075
523,5.1613775636871075,7.653697606538325
524,7.653697606538325,13.047247934740199
525,13.047247934740199,20.846401056043256
526,20.846401056043256,28.130182166794825
527,28.130182166794825,31.07635523145416
528,31.07635523145416,28.280503374612046
529,28.280503374612046,22.071454021182284
530,22.071454021182284,16.168520351916357
531,16.168520351916357,12.78728739706776
532,12.78728739706776,12.07568540901899
533,12.07568540901899,13.1242918681384
534,13.1242918681384,14.880704930633609
535,14.880704930633609,16.552909781267758
536,16.552909781267758,17.49608702569381
537,17.49608702569381,16.985173998652876
538,16.985173998652876,14.603413050738823
539,14.603413050738823,10.889139488118653
540,10.889139488118653,7.103071880802936
541,7.103071880802936,4.287805333509186
542,4.287805333509186,2.7176811137571057
543,2.7176811137571057,2.086307919071844
544,2.086307919071844,1.9479218598597536
545,1.9479218598597536,1.9880295118838234
546,1.9880295118838234,2.065909430377197
547,2.065909430377197,2.135500499022156
548,2.135500499022156,2.183880614974768
549,2.183880614974768,2.2417352990840946
550,2.2417352990840946,2.360373599476869
551,2.360373599476869,2.5216719506950946
552,2.5216719506950946,2.5992573108372894
553,2.5992573108372894,2.4707906427166764
554,2.4707906427166764,2.169114647426284
555,2.169114647426284,1.9017700036210659
556,1.9017700036210659,1.9459655105869444
557,1.9459655105869444,2.5197828214058666
558,2.5197828214058666,3.644261734591665
559,3.644261734591665,5.017147503433955
560,5.017147503433955,6.073024610765705
561,6.073024610765705,6.370225078051598
562,6.370225078051598,6.031484040734422
563,6.031484040734422,5.809860270428937
564,5.809860270428937,6.6221811786144
565,6.6221811786144,8.763427331095944
566,8.763427331095944,11.394601201780038
567,11.394601201780038,13.04595121296819
568,13.04595121296819,13.017810479333725
569,13.017810479333725,12.19566736362103
570,12.19566736362103,12.228395002249083
571,12.228395002249083,14.036826473820149
572,14.036826473820149,17.2039651520555
573,17.2039651520555,20.464562526956534
574,20.464562526956534,22.4987180323424
575,22.4987180323424,28.055466640063614
576,28.055466640063614,31.04874258955749
577,31.04874258955749,34.750424098865196
578,34.750424098865196,38.115688746324494
579,38.115688746324494,42.37079254009011
580,42.37079254009011,47.44464904589976
581,47.44464904589976,49.711600437913646
582,49.711600437913646,45.5356278017238
583,45.5356278017238,35.73476580860845
584,35.73476580860845,24.707020904833175
585,24.707020904833175,16.145494846444596
586,16.145494846444596,11.006441016282668
587,11.006441016282668,8.608223798718774
588,8.608223798718774,8.119815946577686
589,8.119815946577686,9.073998261473264
590,9.073998261473264,11.11376468225615
591,11.11376468225615,13.50004048905718
592,13.50004048905718,15.00002012039015
593,15.00002012039015,14.55165437741634
594,14.55165437741634,12.086902324753208
595,12.086902324753208,8.594955821137551
596,8.594955821137551,5.347819148583495
597,5.347819148583495,3.1064744645820843
598,3.1064744645820843,1.9567869515686387
599,1.9567869515686387,1.629383593424127
600,1.629383593424127,1.8206040054339387
601,1.8206040054339387,2.2871936736145657
602,2.2871936736145657,2.808424132764416
603,2.808424132764416,3.189264440244502
604,3.189264440244502,3.3400912690095663
605,3.3400912690095663,3.324149791985458
606,3.324149791985458,3.2667532181942858
607,3.2667532181942858,3.23941953710494
608,3.23941953710494,3.2734271518041798
609,3.2734271518041798,3.47196126248059
610,3.47196126248059,4.062041169149862
611,4.062041169149862,5.309145678117895
612,5.309145678117895,7.332564179224808
613,7.332564179224808,9.887550609853003
614,9.887550609853003,12.235858950464483
615,12.235858950464483,13.337559259295698
616,13.337559259295698,12.492777074345412
617,12.492777074345412,9.985310253409857
618,9.985310253409857,6.9551691359057
619,6.9551691359057,4.514630318390249
620,4.514630318390249,3.063793193281745
621,3.063793193281745,2.3905645429860334
622,2.3905645429860334,2.1458729882754666
623,2.1458729882754666,2.1180550943255643
624,2.1180550943255643,2.2222965972037345
625,2.2222965972037345,2.406845632035557
626,2.406845632035557,2.591993158262766
627,2.591993158262766,2.6652982327773653
628,2.6652982327773653,2.535641570692019
629,2.535641570692019,2.2073722824088504
630,2.2073722824088504,1.8048523817774322
631,1.8048523817774322,1.5044009708941937
632,1.5044009708941937,1.42642890419261
633,1.42642890419261,1.5772273924046085
634,1.5772273924046085,1.8598731898403877
635,1.8598731898403877,2.113622977665028
636,2.113622977665028,2.1897177387101823
637,2.1897177387101823,2.0728695817649627
638,2.0728695817649627,1.9232715249160768
639,1.9232715249160768,3.606598558466836
640,3.606598558466836,4.3285023940722
641,4.3285023940722,5.773835951003483
642,5.773835951003483,7.813326596863698
643,7.813326596863698,10.457601086465186
644,10.457601086465186,14.321665300367586
645,14.321665300367586,20.022161467417074
646,20.022161467417074,26.485450110196368
647,26.485450110196368,30.6231837115775
648,30.6231837115775,29.875090842115068
649,29.875090842115068,24.880719668918324
650,24.880719668918324,18.82679904223347
651,18.82679904223347,14.414229280900962
652,14.414229280900962,12.016008567416893
653,12.016008567416893,10.396807435285744
654,10.396807435285744,8.586790112655674
655,8.586790112655674,6.992434746274154
656,6.992434746274154,7.1028269188803215
657,7.1028269188803215,10.309278967732407
658,10.309278967732407,16.440853718621312
659,16.440853718621312,22.87408215521763
660,22.87408215521763,25.7141166332134
661,25.7141166332134,22.951390830812024
662,22.951390830812024,16.302220563182328
663,16.302220563182328,9.395518140008654
664,9.395518140008654,4.656596318101824
665,4.656596318101824,2.3066008047922533
666,2.3066008047922533,1.4544723123129042
667,1.4544723123129042,1.2813853626280385
668,1.2813853626280385,1.3921894793848586
669,1.3921894793848586,1.6525801743623494
670,1.6525801743623494,1.9768460191760755
671,1.9768460191760755,2.261116244237735
672,2.261116244237735,2.4824964310280806
673,2.4824964310280806,2.772681591782416
674,2.772681591782416,3.3241925930020924
675,3.3241925930020924,4.149905770052154
676,4.149905770052154,4.915777289256516
677,4.915777289256516,5.14791666659136
678,5.14791666659136,4.764746735019662
679,4.764746735019662,4.369574682969864
680,4.369574682969864,4.831084487283508
681,4.831084487283508,6.45005149969335
682,6.45005149969335,8.495784522003262
683,8.495784522003262,9.66076186406831
684,9.66076186406831,9.156245072072279
685,9.156245072072279,7.3619827449738215
686,7.3619827449738215,5.374996179732598
687,5.374996179732598,4.116761400746622
688,4.116761400746622,3.9556937812315898
689,3.9556937812315898,4.834919024445096
690,4.834919024445096,6.360931054931627
691,6.360931054931627,7.7847526167992065
692,7.7847526167992065,8.273546241781622
693,8.273546241781622,7.5464396935693046
694,7.5464396935693046,6.201979948576292
695,6.201979948576292,5.247877939012993
696,5.247877939012993,5.292953970063719
697,5.292953970063719,6.188736250637062
698,6.188736250637062,7.258636439246585
699,7.258636439246585,7.785546762165693
700,7.785546762165693,7.4777621304368775
701,7.4777621304368775,6.650134771943247
702,6.650134771943247,5.9748295531795605
