,Curvature_n,Curvature_n1
0,106.83045985964861,104.01358964563707
1,104.01358964563707,99.35547031035512
2,99.35547031035512,94.44067385697156
3,94.44067385697156,90.48609120094741
4,90.48609120094741,87.50454090440255
5,87.50454090440255,84.7396453400291
6,84.7396453400291,81.92682717056896
7,81.92682717056896,79.79927673345509
8,79.79927673345509,79.44734440778545
9,79.44734440778545,81.56182154948175
10,81.56182154948175,86.06709362068736
11,86.06709362068736,91.81257138878917
12,91.81257138878917,96.60633090077971
13,96.60633090077971,98.23719775938393
14,98.23719775938393,95.88324873262647
15,95.88324873262647,90.5766090603425
16,90.5766090603425,84.45560204717637
17,84.45560204717637,79.58240093301083
18,79.58240093301083,77.0734593472061
19,77.0734593472061,76.86545414127039
20,76.86545414127039,78.0567957594995
21,78.0567957594995,79.52539214735475
22,79.52539214735475,80.45696532277373
23,80.45696532277373,80.46704662607567
24,80.46704662607567,79.28831745387183
25,79.28831745387183,76.72031204878846
26,76.72031204878846,73.22531818908041
27,73.22531818908041,70.13231036127614
28,70.13231036127614,68.73709510395835
29,68.73709510395835,69.38779956361806
30,69.38779956361806,71.73907525465575
31,71.73907525465575,75.63364050994873
32,75.63364050994873,81.2822174312414
33,81.2822174312414,88.61467176314534
34,88.61467176314534,96.82290663238975
35,96.82290663238975,104.4097505331929
36,104.4097505331929,109.14448992449749
37,109.14448992449749,108.26778072677891
38,108.26778072677891,100.30642695012638
39,100.30642695012638,87.91621506151618
40,87.91621506151618,77.99411199706108
41,77.99411199706108,76.77137510600389
42,76.77137510600389,84.02335323517576
43,84.02335323517576,93.06428956565429
44,93.06428956565429,96.89127616136153
45,96.89127616136153,93.79742689822774
46,93.79742689822774,87.25405328367674
47,87.25405328367674,81.57469761659586
48,81.57469761659586,78.5645805790318
49,78.5645805790318,77.81712424467392
50,77.81712424467392,78.47138545942525
51,78.47138545942525,79.66193144549135
52,79.66193144549135,80.2998740736866
53,80.2998740736866,79.82976763259818
54,79.82976763259818,78.91935480047354
55,78.91935480047354,78.5156361321905
56,78.5156361321905,78.59316993822537
57,78.59316993822537,78.4961539668632
58,78.4961539668632,78.04318323260995
59,78.04318323260995,77.59468581506782
60,77.59468581506782,77.30015912504763
61,77.30015912504763,76.96330696890305
62,76.96330696890305,76.6323416135195
63,76.6323416135195,100.42486546804766
64,100.42486546804766,99.62641228674252
65,99.62641228674252,99.73860280650234
66,99.73860280650234,102.1500502474259
67,102.1500502474259,106.25223965273705
68,106.25223965273705,109.81455864895455
69,109.81455864895455,110.61898456189827
70,110.61898456189827,107.74282966288868
71,107.74282966288868,102.0681487868971
72,102.0681487868971,95.92441563404992
73,95.92441563404992,91.66652251000187
74,91.66652251000187,90.09759501316265
75,90.09759501316265,90.35725809627625
76,90.35725809627625,91.11095745740533
77,91.11095745740533,91.36923307310684
78,91.36923307310684,90.4500346974088
79,90.4500346974088,88.01008395390912
80,88.01008395390912,84.4155935721272
81,84.4155935721272,80.67943540627438
82,80.67943540627438,77.56628808878874
83,77.56628808878874,74.81925934694625
84,74.81925934694625,71.67980270914941
85,71.67980270914941,68.20377659468437
86,68.20377659468437,65.4775134974251
87,65.4775134974251,64.28746990440737
88,64.28746990440737,64.12495456444101
89,64.12495456444101,63.97909795474291
90,63.97909795474291,63.72495306817649
91,63.72495306817649,64.16077493040169
92,64.16077493040169,65.72506162114848
93,65.72506162114848,67.7111743576014
94,67.7111743576014,68.94270636357984
95,68.94270636357984,68.83111062480515
96,68.83111062480515,67.65070388897263
97,67.65070388897263,66.43893566068144
98,66.43893566068144,66.88892151444757
99,66.88892151444757,70.48187483357711
100,70.48187483357711,77.05065784115823
101,77.05065784115823,84.64497451150683
102,84.64497451150683,91.06047539693003
103,91.06047539693003,95.05610112146522
104,95.05610112146522,96.17494773512297
105,96.17494773512297,94.44064555851654
106,94.44064555851654,90.78954597874473
107,90.78954597874473,87.08867939977777
108,87.08867939977777,84.95968045691096
109,84.95968045691096,84.59960678290011
110,84.59960678290011,84.86145547625037
111,84.86145547625037,84.278320341948
112,84.278320341948,82.06535112362491
113,82.06535112362491,78.57338773880136
114,78.57338773880136,75.00887018364949
115,75.00887018364949,72.63988833721157
116,72.63988833721157,72.34735469217031
117,72.34735469217031,74.7138987541702
118,74.7138987541702,79.70291147677665
119,79.70291147677665,85.99284570743436
120,85.99284570743436,91.34824486987605
121,91.34824486987605,94.09777226721539
122,94.09777226721539,93.93199951117384
123,93.93199951117384,91.31657143826996
124,91.31657143826996,86.94757903744157
125,86.94757903744157,82.12331301517312
126,82.12331301517312,78.87539926885381
127,78.87539926885381,66.52538860447217
128,66.52538860447217,67.95023426039982
129,67.95023426039982,70.40723622085036
130,70.40723622085036,73.22336681289781
131,73.22336681289781,75.65461680100209
132,75.65461680100209,77.20533721489456
133,77.20533721489456,77.70039344925814
134,77.70039344925814,77.06221100839743
135,77.06221100839743,75.44408398987053
136,75.44408398987053,73.70076976003709
137,73.70076976003709,72.99705516215057
138,72.99705516215057,73.55043161992711
139,73.55043161992711,74.39332762052234
140,74.39332762052234,74.76052146399279
141,74.76052146399279,75.13577980854718
142,75.13577980854718,76.5533048997188
143,76.5533048997188,79.13672028950987
144,79.13672028950987,81.53688208213566
145,81.53688208213566,81.97597898518515
146,81.97597898518515,79.90070794581321
147,79.90070794581321,76.51824499199334
148,76.51824499199334,73.65018485113927
149,73.65018485113927,72.2401726070996
150,72.2401726070996,71.9447699932182
151,71.9447699932182,71.7321467584315
152,71.7321467584315,70.81431615799657
153,70.81431615799657,69.49572501484496
154,69.49572501484496,69.17015693513838
155,69.17015693513838,70.99802013939016
156,70.99802013939016,74.56218860516947
157,74.56218860516947,78.27215719991096
158,78.27215719991096,81.06093474971283
159,81.06093474971283,83.10279050736759
160,83.10279050736759,84.77691338463173
161,84.77691338463173,85.4963206487918
162,85.4963206487918,83.89487351525787
163,83.89487351525787,79.24725516766567
164,79.24725516766567,72.85525550803376
165,72.85525550803376,67.8898716659141
166,67.8898716659141,67.23080416714159
167,67.23080416714159,71.07981627805424
168,71.07981627805424,76.83513332484128
169,76.83513332484128,81.33893215139334
170,81.33893215139334,83.20123454310351
171,83.20123454310351,83.20885543391724
172,83.20885543391724,82.90993360337905
173,82.90993360337905,83.16281672834782
174,83.16281672834782,83.92863772967843
175,83.92863772967843,84.64402366111521
176,84.64402366111521,84.27210009792344
177,84.27210009792344,81.74490323134324
178,81.74490323134324,77.36591264886344
179,77.36591264886344,73.55563692680118
180,73.55563692680118,73.18843348414872
181,73.18843348414872,76.89247726951476
182,76.89247726951476,82.41777458054753
183,82.41777458054753,86.57538483728771
184,86.57538483728771,87.32841409040665
185,87.32841409040665,84.2881898153862
186,84.2881898153862,78.23955799808061
187,78.23955799808061,70.74578238589567
188,70.74578238589567,63.7098281611673
189,63.7098281611673,58.61509896654242
190,58.61509896654242,56.05518391473929
191,56.05518391473929,108.85073434014504
192,108.85073434014504,106.41349024175156
193,106.41349024175156,102.00950849083796
194,102.00950849083796,96.48129762355852
195,96.48129762355852,90.807847659246
196,90.807847659246,85.8236013844472
197,85.8236013844472,82.25146125091935
198,82.25146125091935,81.13378922637793
199,81.13378922637793,83.75020218784812
200,83.75020218784812,90.48738037900333
201,90.48738037900333,99.7772998221678
202,99.7772998221678,108.40886011261338
203,108.40886011261338,112.94492937715175
204,112.94492937715175,111.41765378575394
205,111.41765378575394,104.58679558185275
206,104.58679558185275,95.77354095730574
207,95.77354095730574,88.71076828166798
208,88.71076828166798,84.9065141998646
209,84.9065141998646,83.33795869348666
210,83.33795869348666,82.81398242146878
211,82.81398242146878,83.65604200225147
212,83.65604200225147,86.41915715805344
213,86.41915715805344,89.88875972136938
214,89.88875972136938,91.5256023154365
215,91.5256023154365,89.83211429203666
216,89.83211429203666,85.70916131595216
217,85.70916131595216,81.59021601533352
218,81.59021601533352,79.54152901800775
219,79.54152901800775,79.85392430951705
220,79.85392430951705,81.15490400386543
221,81.15490400386543,81.9386786790352
222,81.9386786790352,81.94016092333486
223,81.94016092333486,81.85309803110854
224,81.85309803110854,82.06939527604919
225,82.06939527604919,82.20227287567322
226,82.20227287567322,81.71704086717502
227,81.71704086717502,80.55752867531828
228,80.55752867531828,79.05896084986912
229,79.05896084986912,77.55322829546894
230,77.55322829546894,76.3431100053118
231,76.3431100053118,76.11601184564803
232,76.11601184564803,78.01835016239929
233,78.01835016239929,82.76231020049289
234,82.76231020049289,89.49515121035874
235,89.49515121035874,95.92767898780923
236,95.92767898780923,99.9153212183406
237,99.9153212183406,100.93389643821338
238,100.93389643821338,100.03067982462355
239,100.03067982462355,98.44258010514233
240,98.44258010514233,96.39252067232746
241,96.39252067232746,93.3284572841622
242,93.3284572841622,89.17102279170956
243,89.17102279170956,84.98873285491496
244,84.98873285491496,82.24357855567185
245,82.24357855567185,81.45150392783947
246,81.45150392783947,81.71440546111828
247,81.71440546111828,81.59929624635481
248,81.59929624635481,80.42197523552633
249,80.42197523552633,78.5685014930743
250,78.5685014930743,76.64463625556023
251,76.64463625556023,74.66610848158484
252,74.66610848158484,72.28150364504498
253,72.28150364504498,69.64669713315878
254,69.64669713315878,67.78717138701055
255,67.78717138701055,87.06986725551752
256,87.06986725551752,88.31284237314335
257,88.31284237314335,90.33937860886356
258,90.33937860886356,92.18779595910974
259,92.18779595910974,93.06489486225819
260,93.06489486225819,93.41094850634366
261,93.41094850634366,94.8938875142288
262,94.8938875142288,98.84605492331089
263,98.84605492331089,104.37045197759737
264,104.37045197759737,108.49556165120603
265,108.49556165120603,109.11262269258961
266,109.11262269258961,107.60977616481266
267,107.60977616481266,107.26283011568282
268,107.26283011568282,108.77240835117254
269,108.77240835117254,108.94360573528618
270,108.94360573528618,104.64907103708116
271,104.64907103708116,97.004311545874
272,97.004311545874,90.61802475682195
273,90.61802475682195,89.34290058919292
274,89.34290058919292,93.45404060169274
275,93.45404060169274,100.30277151688065
276,100.30277151688065,106.64987485453568
277,106.64987485453568,110.3226837472632
278,110.3226837472632,110.63702011813058
279,110.63702011813058,108.09847181465018
280,108.09847181465018,104.02746762595046
281,104.02746762595046,99.94247118453542
282,99.94247118453542,96.5113407299948
283,96.5113407299948,93.0717081264414
284,93.0717081264414,88.73117055692776
285,88.73117055692776,83.7237106008363
286,83.7237106008363,79.01085240281796
287,79.01085240281796,74.9921385337353
288,74.9921385337353,71.58034562687558
289,71.58034562687558,69.46308429857483
290,69.46308429857483,70.40273077840402
291,70.40273077840402,75.75660225612998
292,75.75660225612998,84.78683863653164
293,84.78683863653164,94.79549557289657
294,94.79549557289657,103.00731254882544
295,103.00731254882544,108.0768286838792
296,108.0768286838792,110.03633093532093
297,110.03633093532093,109.49311530845415
298,109.49311530845415,107.18563142930742
299,107.18563142930742,104.00867577447919
300,104.00867577447919,101.07225509157423
301,101.07225509157423,99.38907803347728
302,99.38907803347728,99.2660219776995
303,99.2660219776995,100.27137124688659
304,100.27137124688659,101.92912111536751
305,101.92912111536751,104.08362498537437
306,104.08362498537437,106.47461689794474
307,106.47461689794474,108.37875755741683
308,108.37875755741683,108.76801362072541
309,108.76801362072541,106.75255801122401
310,106.75255801122401,102.1472168296894
311,102.1472168296894,95.95199696833143
312,95.95199696833143,90.2020706679371
313,90.2020706679371,87.00120046779593
314,87.00120046779593,87.32015876493489
315,87.32015876493489,90.40659887599216
316,90.40659887599216,94.32522801954497
317,94.32522801954497,97.2977078860086
318,97.2977078860086,98.69394630270841
319,98.69394630270841,103.83838304127636
320,103.83838304127636,103.81452198450276
321,103.81452198450276,102.79534765011269
322,102.79534765011269,100.37103129314715
323,100.37103129314715,97.4618258638969
324,97.4618258638969,95.5947441654818
325,95.5947441654818,95.90950142045953
326,95.90950142045953,98.35687091584163
327,98.35687091584163,100.97005325289072
328,100.97005325289072,100.42746033648169
329,100.42746033648169,94.76567452234728
330,94.76567452234728,85.77116464280559
331,85.77116464280559,77.79915790406216
332,77.79915790406216,74.03884335399302
333,74.03884335399302,74.35802198089239
334,74.35802198089239,76.4433448391899
335,76.4433448391899,78.28733161740479
336,78.28733161740479,79.51967839181494
337,79.51967839181494,80.60682987487822
338,80.60682987487822,81.13954840880156
339,81.13954840880156,79.79482067673072
340,79.79482067673072,76.39352799115844
341,76.39352799115844,73.17134671474068
342,73.17134671474068,73.03500889331488
343,73.03500889331488,76.6073311790254
344,76.6073311790254,81.5593227683355
345,81.5593227683355,84.9315706656019
346,84.9315706656019,85.9488416381528
347,85.9488416381528,86.57154361358505
348,86.57154361358505,89.17345209518996
349,89.17345209518996,93.63326248253853
350,93.63326248253853,97.1010020947558
351,97.1010020947558,96.85487760159748
352,96.85487760159748,93.12196336612041
353,93.12196336612041,88.82276026752865
354,88.82276026752865,86.64927532376014
355,86.64927532376014,86.74749175642003
356,86.74749175642003,87.38023214870033
357,87.38023214870033,87.4290714096388
358,87.4290714096388,87.5403257045801
359,87.5403257045801,88.7311486878759
360,88.7311486878759,90.71721176009778
361,90.71721176009778,92.15206571329743
362,92.15206571329743,91.9794070070291
363,91.9794070070291,90.13195146718897
364,90.13195146718897,87.45695467797741
365,87.45695467797741,85.42211747583409
366,85.42211747583409,85.30238642446001
367,85.30238642446001,87.08678842300677
368,87.08678842300677,89.42341341558625
369,89.42341341558625,90.86556359094334
370,90.86556359094334,91.00631546812396
371,91.00631546812396,90.40419720734553
372,90.40419720734553,89.61884072976795
373,89.61884072976795,88.5314250858894
374,88.5314250858894,86.71757101847015
375,86.71757101847015,84.30293851558795
376,84.30293851558795,82.19893776797807
377,82.19893776797807,81.53059048187082
378,81.53059048187082,82.93694030952916
379,82.93694030952916,86.25093350365321
380,86.25093350365321,90.58000279921839
381,90.58000279921839,94.6380452667334
382,94.6380452667334,97.10974668786619
383,97.10974668786619,82.03643030418874
384,82.03643030418874,79.58405066045589
385,79.58405066045589,76.29050864061352
386,76.29050864061352,74.29194407938894
387,74.29194407938894,74.40771664231896
388,74.40771664231896,75.45850696491183
389,75.45850696491183,75.8479004824242
390,75.8479004824242,75.43587122514437
391,75.43587122514437,75.51500293095714
392,75.51500293095714,77.21477981191371
393,77.21477981191371,80.0636694231429
394,80.0636694231429,82.138241210831
395,82.138241210831,82.0489565952286
396,82.0489565952286,80.70111490946516
397,80.70111490946516,80.25034094721147
398,80.25034094721147,81.32363086234275
399,81.32363086234275,82.25912312291936
400,82.25912312291936,81.17853503792894
401,81.17853503792894,77.89169950223283
402,77.89169950223283,73.75549431727103
403,73.75549431727103,70.63679093001872
404,70.63679093001872,70.02685013679113
405,70.02685013679113,72.1304851443722
406,72.1304851443722,75.38274269580819
407,75.38274269580819,77.50487661020468
408,77.50487661020468,77.46103979482342
409,77.46103979482342,76.22994031972735
410,76.22994031972735,75.74311002043919
411,75.74311002043919,77.39271964994518
412,77.39271964994518,81.3023879721334
413,81.3023879721334,86.4948269756454
414,86.4948269756454,91.56833979035018
415,91.56833979035018,95.17880065714078
416,95.17880065714078,96.12679113389044
417,96.12679113389044,93.72806077426836
418,93.72806077426836,88.59468517746723
419,88.59468517746723,82.69717013145458
420,82.69717013145458,78.01598508623877
421,78.01598508623877,75.01981718212241
422,75.01981718212241,72.61107926037066
423,72.61107926037066,69.62999586615346
424,69.62999586615346,66.59115275988214
425,66.59115275988214,65.98004630980844
426,65.98004630980844,70.23213549621082
427,70.23213549621082,78.98104258574078
428,78.98104258574078,88.66571073527211
429,88.66571073527211,95.28347776987496
430,95.28347776987496,97.52203963973467
431,97.52203963973467,97.06057162388066
432,97.06057162388066,96.1417756805292
433,96.1417756805292,95.50917871771193
434,95.50917871771193,94.7659641971615
435,94.7659641971615,93.80078220419361
436,93.80078220419361,93.18294567180507
437,93.18294567180507,93.51183697703148
438,93.51183697703148,94.73418960605926
439,94.73418960605926,95.90269535027352
440,95.90269535027352,95.65304285042632
441,95.65304285042632,93.2897564199344
442,93.2897564199344,89.44937817164944
443,89.44937817164944,85.58346647744901
444,85.58346647744901,82.86459256587875
445,82.86459256587875,81.5346758317237
446,81.5346758317237,81.11963508428283
447,81.11963508428283,75.49968849056626
448,75.49968849056626,77.20922755294444
449,77.20922755294444,79.09415400129045
450,79.09415400129045,79.65092800157527
451,79.65092800157527,79.00626226889365
452,79.00626226889365,78.74541832940119
453,78.74541832940119,80.16113874359792
454,80.16113874359792,82.93276672781028
455,82.93276672781028,85.45034139960701
456,85.45034139960701,86.24011803612287
457,86.24011803612287,85.1566524364184
458,85.1566524364184,83.26523470939635
459,83.26523470939635,81.79822077553074
460,81.79822077553074,81.39209607746109
461,81.39209607746109,81.7234458953904
462,81.7234458953904,81.40261682853163
463,81.40261682853163,78.94565895486213
464,78.94565895486213,74.60927748879502
465,74.60927748879502,70.82560401385525
466,70.82560401385525,70.18894050687862
467,70.18894050687862,73.13008312709063
468,73.13008312709063,77.8887349748199
469,77.8887349748199,82.51855689786086
470,82.51855689786086,86.31743975734099
471,86.31743975734099,89.4675768284904
472,89.4675768284904,92.22314479204496
473,92.22314479204496,94.64561245976004
474,94.64561245976004,96.54612479263406
475,96.54612479263406,97.68275948083374
476,97.68275948083374,98.21475835487733
477,98.21475835487733,98.4335667355169
478,98.4335667355169,97.95528071956255
479,97.95528071956255,95.98385285746492
480,95.98385285746492,92.64902295992277
481,92.64902295992277,89.31346967794047
482,89.31346967794047,87.11723779875605
483,87.11723779875605,85.67492444840744
484,85.67492444840744,83.76651723265448
485,83.76651723265448,81.16042818963614
486,81.16042818963614,79.15672524689012
487,79.15672524689012,79.26095659868442
488,79.26095659868442,81.97897058527727
489,81.97897058527727,87.03176900922925
490,87.03176900922925,93.6918739411881
491,93.6918739411881,100.2266839973251
492,100.2266839973251,103.95752978694537
493,103.95752978694537,103.04135851447407
494,103.04135851447407,98.2232194709152
495,98.2232194709152,92.27206635752489
496,92.27206635752489,87.47995646945691
497,87.47995646945691,83.92083040933207
498,83.92083040933207,80.42279252350431
499,80.42279252350431,76.80758360731927
500,76.80758360731927,74.2708569723248
501,74.2708569723248,73.50789884978136
502,73.50789884978136,73.39758607401535
503,73.39758607401535,71.88326838910841
504,71.88326838910841,67.79162996358002
505,67.79162996358002,62.00692469304599
506,62.00692469304599,57.3505473502642
507,57.3505473502642,56.98307698140785
508,56.98307698140785,62.03427487022074
509,62.03427487022074,70.09517427485044
510,70.09517427485044,76.18568633347766
511,76.18568633347766,75.2805812828481
512,75.2805812828481,75.75810241864971
513,75.75810241864971,76.50111264675293
514,76.50111264675293,77.52827629889144
515,77.52827629889144,79.0027177004196
516,79.0027177004196,80.27897109952627
517,80.27897109952627,79.53163722200901
518,79.53163722200901,75.38284939796952
519,75.38284939796952,69.111105967376
520,69.111105967376,64.36816252304546
521,64.36816252304546,64.29205407307953
522,64.29205407307953,69.26704264142154
523,69.26704264142154,77.308453092097
524,77.308453092097,85.75881336077745
525,85.75881336077745,92.45026261115719
526,92.45026261115719,96.1597612920813
527,96.1597612920813,96.86640261039872
528,96.86640261039872,95.86743760376451
529,95.86743760376451,95.18357272535653
530,95.18357272535653,96.17386409244281
531,96.17386409244281,98.39807280292052
532,98.39807280292052,99.89072511837873
533,99.89072511837873,98.81594113285763
534,98.81594113285763,95.14573697215351
535,95.14573697215351,90.66817056770805
536,90.66817056770805,87.19286032828865
537,87.19286032828865,85.01028036948927
538,85.01028036948927,83.4436568726372
539,83.4436568726372,82.4137503774074
540,82.4137503774074,82.67935132346929
541,82.67935132346929,84.59779316363299
542,84.59779316363299,87.28069241561518
543,87.28069241561518,89.11189425739389
544,89.11189425739389,88.91218494156557
545,88.91218494156557,86.79252420619967
546,86.79252420619967,84.12807401212916
547,84.12807401212916,82.44951229205526
548,82.44951229205526,82.03235870029673
549,82.03235870029673,81.74914933228804
550,81.74914933228804,80.53722380987062
551,80.53722380987062,78.68483168337863
552,78.68483168337863,77.25437381949888
553,77.25437381949888,76.61898664809706
554,76.61898664809706,76.26465675788953
555,76.26465675788953,75.91578536257991
556,75.91578536257991,76.08232180583485
557,76.08232180583485,77.18987940837664
558,77.18987940837664,78.77770435928153
559,78.77770435928153,80.1523048846011
560,80.1523048846011,81.39176209815375
561,81.39176209815375,83.1570213397518
562,83.1570213397518,85.86853002440884
563,85.86853002440884,89.32616240505808
564,89.32616240505808,92.7465802344968
565,92.7465802344968,95.09909624626272
566,95.09909624626272,95.81496407761465
567,95.81496407761465,95.25073710671575
568,95.25073710671575,94.15626361681369
569,94.15626361681369,92.8622386886142
570,92.8622386886142,91.33012228827009
571,91.33012228827009,89.79525331668357
572,89.79525331668357,88.91566193206054
573,88.91566193206054,89.04545449997113
574,89.04545449997113,89.57637956156296
575,89.57637956156296,83.9368970767239
576,83.9368970767239,87.37311147767112
577,87.37311147767112,92.70296217287505
578,92.70296217287505,97.75914413449286
579,97.75914413449286,100.92343549349735
580,100.92343549349735,101.65431441018441
581,101.65431441018441,100.18586238575206
582,100.18586238575206,97.1979927364199
583,97.1979927364199,93.75781993610107
584,93.75781993610107,91.03019032511251
585,91.03019032511251,89.91490435986523
586,89.91490435986523,90.97241227995427
587,90.97241227995427,94.21489389718607
588,94.21489389718607,98.70028319132251
589,98.70028319132251,102.70097022039323
590,102.70097022039323,104.69787937914938
591,104.69787937914938,104.20881759132934
592,104.20881759132934,101.6615582923548
593,101.6615582923548,97.67647842528157
594,97.67647842528157,92.73979430259607
595,92.73979430259607,87.54134783835633
596,87.54134783835633,83.29710743503415
597,83.29710743503415,81.22546685977562
598,81.22546685977562,81.3806917458091
599,81.3806917458091,82.25160318558571
600,82.25160318558571,81.96287164730582
601,81.96287164730582,79.82935243517346
602,79.82935243517346,76.7202430031434
603,76.7202430031434,74.34781386830049
604,74.34781386830049,74.23060934274613
605,74.23060934274613,76.85054564153809
606,76.85054564153809,81.48882276055757
607,81.48882276055757,86.60643756572466
608,86.60643756572466,90.45574887550839
609,90.45574887550839,92.07193690740269
610,92.07193690740269,92.18956521872587
611,92.18956521872587,92.78311713324811
612,92.78311713324811,95.26568598370767
613,95.26568598370767,98.96315591434671
614,98.96315591434671,101.24880637173335
615,101.24880637173335,99.45826735277899
616,99.45826735277899,93.46261757160956
617,93.46261757160956,86.68743855667779
618,86.68743855667779,83.94318169690322
619,83.94318169690322,87.53734358388375
620,87.53734358388375,95.44944337103229
621,95.44944337103229,103.40868903459138
622,103.40868903459138,108.41889023979039
623,108.41889023979039,110.07349236658764
624,110.07349236658764,109.16844392438868
625,109.16844392438868,106.25087527203536
626,106.25087527203536,101.89652895365086
627,101.89652895365086,97.62881167805017
628,97.62881167805017,95.59304670520102
629,95.59304670520102,96.98532340230973
630,96.98532340230973,100.95839178772309
631,100.95839178772309,105.14568244685344
632,105.14568244685344,107.19989749526337
633,107.19989749526337,106.13573050644622
634,106.13573050644622,102.84961686677386
635,102.84961686677386,99.58526879100782
636,99.58526879100782,98.40885430340812
637,98.40885430340812,99.53526572075192
638,99.53526572075192,101.11134577997694
639,101.11134577997694,89.01778648786343
640,89.01778648786343,88.20302359396747
641,88.20302359396747,87.37145675626388
642,87.37145675626388,87.51022489273171
643,87.51022489273171,89.1949837075282
644,89.1949837075282,92.19357171823677
645,92.19357171823677,95.44563018232392
646,95.44563018232392,97.75237083968938
647,97.75237083968938,98.70282903140124
648,98.70282903140124,98.82673531327441
649,98.82673531327441,98.84963281882798
650,98.84963281882798,99.01943906996564
651,99.01943906996564,99.15333360656206
652,99.15333360656206,99.02606443635399
653,99.02606443635399,98.58816510029561
654,98.58816510029561,97.99689506735575
655,97.99689506735575,97.55714028455218
656,97.55714028455218,97.5250556819578
657,97.5250556819578,97.87634929453147
658,97.87634929453147,98.38491868666085
659,98.38491868666085,99.01238729924611
660,99.01238729924611,100.02229003394908
661,100.02229003394908,101.51261053501042
662,101.51261053501042,102.83840874868629
663,102.83840874868629,102.32899174021287
664,102.32899174021287,97.45190576787573
665,97.45190576787573,85.94820710203153
666,85.94820710203153,67.9443955753053
667,67.9443955753053,47.05217841493001
668,47.05217841493001,28.48921701936309
669,28.48921701936309,15.688219475212575
670,15.688219475212575,8.813726639805434
671,8.813726639805434,6.013021876419561
672,6.013021876419561,5.29495991722276
673,5.29495991722276,5.390945510372456
674,5.390945510372456,5.730000757362134
675,5.730000757362134,6.186900898713539
676,6.186900898713539,6.830294550320504
677,6.830294550320504,7.64745064346284
678,7.64745064346284,8.371814327004177
679,8.371814327004177,8.625046435722068
680,8.625046435722068,8.300575037260186
681,8.300575037260186,7.7038579819562365
682,7.7038579819562365,7.217498175358591
683,7.217498175358591,6.94186844016171
684,6.94186844016171,6.732389113430225
685,6.732389113430225,6.417501279870179
686,6.417501279870179,5.882794347236952
687,5.882794347236952,5.08886203635011
688,5.08886203635011,4.135333787994311
689,4.135333787994311,3.25397200675277
690,3.25397200675277,2.6438546846613726
691,2.6438546846613726,2.326861779594015
692,2.326861779594015,2.186128305216738
693,2.186128305216738,2.1117586294956796
694,2.1117586294956796,2.089402079588355
695,2.089402079588355,2.1909473446363155
696,2.1909473446363155,2.5072484603856173
697,2.5072484603856173,3.0540786140433207
698,3.0540786140433207,3.6976374465766115
699,3.6976374465766115,4.2002143928405715
700,4.2002143928405715,4.3896123592047775
701,4.3896123592047775,4.3054748718162115
702,4.3054748718162115,4.164694732794218
