,Curvature_n,Curvature_n1
0,5.883401209845361,6.189982490305849
1,6.189982490305849,6.626653799073198
2,6.626653799073198,7.0047664648363
3,7.0047664648363,7.240324032003443
4,7.240324032003443,7.327923469630973
5,7.327923469630973,7.285767623427754
6,7.285767623427754,7.146897612881116
7,7.146897612881116,6.934551788224988
8,6.934551788224988,6.624601158559044
9,6.624601158559044,6.195583922435733
10,6.195583922435733,5.723190177202556
11,5.723190177202556,5.3644752014496095
12,5.3644752014496095,5.224760652259785
13,5.224760652259785,5.249287745050387
14,5.249287745050387,5.261615355743321
15,5.261615355743321,5.131680031628354
16,5.131680031628354,4.905987905296776
17,4.905987905296776,4.7512267326777415
18,4.7512267326777415,4.793552254128439
19,4.793552254128439,5.037817446077672
20,5.037817446077672,5.4162153692171
21,5.4162153692171,5.87636037954181
22,5.87636037954181,6.411406965377669
23,6.411406965377669,7.00296687805921
24,7.00296687805921,7.552531756293073
25,7.552531756293073,7.899407236631012
26,7.899407236631012,7.905377355450158
27,7.905377355450158,7.512834456565576
28,7.512834456565576,6.76574747650832
29,6.76574747650832,5.838472639410764
30,5.838472639410764,5.017711973899154
31,5.017711973899154,4.562998352029027
32,4.562998352029027,4.5323891299569405
33,4.5323891299569405,4.74677196423078
34,4.74677196423078,4.944830048449906
35,4.944830048449906,4.975853389531359
36,4.975853389531359,4.849540030197689
37,4.849540030197689,4.647817286786778
38,4.647817286786778,4.446601170294215
39,4.446601170294215,4.3235460223245425
40,4.3235460223245425,4.38313888050293
41,4.38313888050293,4.720508344845621
42,4.720508344845621,5.3496782475643005
43,5.3496782475643005,6.185834879245828
44,6.185834879245828,7.108960371765385
45,7.108960371765385,8.03531912918396
46,8.03531912918396,8.904334133726543
47,8.904334133726543,9.602718224675508
48,9.602718224675508,9.962004235093083
49,9.962004235093083,9.896375993409823
50,9.896375993409823,9.52419347920784
51,9.52419347920784,9.072449659295838
52,9.072449659295838,8.661671279805457
53,8.661671279805457,8.25725377347008
54,8.25725377347008,7.798437462371851
55,7.798437462371851,7.278392272338066
56,7.278392272338066,6.734067089738135
57,6.734067089738135,6.260575005605029
58,6.260575005605029,6.019051330220297
59,6.019051330220297,6.134799938995947
60,6.134799938995947,6.558393120055841
61,6.558393120055841,7.063896561503457
62,7.063896561503457,7.393249861626515
63,7.393249861626515,19.638873933741515
64,19.638873933741515,19.730234682824307
65,19.730234682824307,19.604457447102398
66,19.604457447102398,19.049470844551468
67,19.049470844551468,18.269060935751437
68,18.269060935751437,17.715572826446962
69,17.715572826446962,17.5813064398201
70,17.5813064398201,17.514233327557875
71,17.514233327557875,16.959659419492866
72,16.959659419492866,15.815296462383852
73,15.815296462383852,14.575886427318025
74,14.575886427318025,13.720308631410907
75,13.720308631410907,13.154859480823992
76,13.154859480823992,12.465964421620985
77,12.465964421620985,11.601586809336238
78,11.601586809336238,11.067171788369617
79,11.067171788369617,11.405856952269758
80,11.405856952269758,12.594037099290714
81,12.594037099290714,14.003287797309614
82,14.003287797309614,14.894848735698773
83,14.894848735698773,14.930945313208678
84,14.930945313208678,14.322246340049702
85,14.322246340049702,13.574411553308085
86,13.574411553308085,13.057094830753977
87,13.057094830753977,12.775661931735101
88,12.775661931735101,12.536408502257737
89,12.536408502257737,12.237407266319892
90,12.237407266319892,11.959376154841717
91,11.959376154841717,11.849571942186945
92,11.849571942186945,11.959709339659696
93,11.959709339659696,12.156954922163706
94,12.156954922163706,12.18229342014741
95,12.18229342014741,11.857209324341603
96,11.857209324341603,11.252894279039753
97,11.252894279039753,10.575977303489738
98,10.575977303489738,9.890721293702878
99,9.890721293702878,9.096648853121456
100,9.096648853121456,8.178222115379008
101,8.178222115379008,7.3044580044182466
102,7.3044580044182466,6.6764715796798075
103,6.6764715796798075,6.436061295315428
104,6.436061295315428,6.721539501395627
105,6.721539501395627,7.6145051841684195
106,7.6145051841684195,8.905096141449372
107,8.905096141449372,9.997842894950393
108,9.997842894950393,10.249804537469524
109,10.249804537469524,9.492583941824357
110,9.492583941824357,8.168817237239173
111,8.168817237239173,6.948737881863246
112,6.948737881863246,6.257482595296184
113,6.257482595296184,6.092470268428474
114,6.092470268428474,6.142156995821539
115,6.142156995821539,6.077239036013971
116,6.077239036013971,5.8268995101810654
117,5.8268995101810654,5.611363046956735
118,5.611363046956735,5.6950560783905475
119,5.6950560783905475,6.100848551457305
120,6.100848551457305,6.541323562965326
121,6.541323562965326,6.651945041846801
122,6.651945041846801,6.3797097437626125
123,6.3797097437626125,6.135893116714467
124,6.135893116714467,6.42087469307507
125,6.42087469307507,7.23418510306104
126,7.23418510306104,7.962289455325211
127,7.962289455325211,12.957929004341697
128,12.957929004341697,12.173738199289094
129,12.173738199289094,11.011117875455149
130,11.011117875455149,9.955788845369213
131,9.955788845369213,9.295054288047718
132,9.295054288047718,9.061478291847381
133,9.061478291847381,9.102513478728035
134,9.102513478728035,9.208447372310571
135,9.208447372310571,9.237838099088723
136,9.237838099088723,9.182069168512587
137,9.182069168512587,9.181347507840897
138,9.181347507840897,9.469210269074342
139,9.469210269074342,10.18670058033921
140,10.18670058033921,11.206099572554244
141,11.206099572554244,12.212601911814767
142,12.212601911814767,13.010242864466663
143,13.010242864466663,13.686373950650703
144,13.686373950650703,14.382704255633325
145,14.382704255633325,14.922654580026403
146,14.922654580026403,14.801807373317391
147,14.801807373317391,13.633893595402537
148,13.633893595402537,11.608859940055245
149,11.608859940055245,9.531823996821192
150,9.531823996821192,8.410510178775397
151,8.410510178775397,8.869524138899184
152,8.869524138899184,10.772181010682747
153,10.772181010682747,13.307648889266066
154,13.307648889266066,15.520560357518018
155,15.520560357518018,16.91274241573127
156,16.91274241573127,17.622660475133774
157,17.622660475133774,18.06738748671326
158,18.06738748671326,18.456011548124764
159,18.456011548124764,18.63675769384271
160,18.63675769384271,18.35207038683152
161,18.35207038683152,17.604088508802416
162,17.604088508802416,16.749140011210187
163,16.749140011210187,16.21498441261124
164,16.21498441261124,16.16082153721418
165,16.16082153721418,16.435610846745078
166,16.435610846745078,16.807937516460676
167,16.807937516460676,17.158441014329796
168,17.158441014329796,17.459391022915277
169,17.459391022915277,17.635889578467776
170,17.635889578467776,17.505866731364577
171,17.505866731364577,16.887966560559256
172,16.887966560559256,15.789332009475984
173,15.789332009475984,14.470495683672585
174,14.470495683672585,13.322399933133958
175,13.322399933133958,12.684436780040217
176,12.684436780040217,12.652188530944464
177,12.652188530944464,12.916668046602847
178,12.916668046602847,12.911944642314419
179,12.911944642314419,12.318184234176133
180,12.318184234176133,11.35307915561142
181,11.35307915561142,10.455288434674333
182,10.455288434674333,9.799333228397076
183,9.799333228397076,9.222957500994164
184,9.222957500994164,8.535031107294554
185,8.535031107294554,7.794627798888501
186,7.794627798888501,7.322453976259657
187,7.322453976259657,7.48118426803909
188,7.48118426803909,8.382805322656282
189,8.382805322656282,9.677342224559576
190,9.677342224559576,10.63714170368505
191,10.63714170368505,11.255493832554077
192,11.255493832554077,11.15740232768487
193,11.15740232768487,10.926210110690096
194,10.926210110690096,10.661955223542202
195,10.661955223542202,10.671210034155193
196,10.671210034155193,11.295057878055873
197,11.295057878055873,12.667823530425478
198,12.667823530425478,14.594659520720153
199,14.594659520720153,16.535374795393192
200,16.535374795393192,17.718613218512797
201,17.718613218512797,17.530523302935585
202,17.530523302935585,15.995726304023908
203,15.995726304023908,13.806178686809703
204,13.806178686809703,11.78554212700202
205,11.78554212700202,10.36085560255026
206,10.36085560255026,9.508792898432628
207,9.508792898432628,9.04292207565694
208,9.04292207565694,8.857138590166686
209,8.857138590166686,8.921772718167439
210,8.921772718167439,9.123748800458396
211,9.123748800458396,9.22570761846251
212,9.22570761846251,9.063902567909718
213,9.063902567909718,8.7510657294747
214,8.7510657294747,8.584226311680238
215,8.584226311680238,8.753392091799197
216,8.753392091799197,9.189283608955078
217,9.189283608955078,9.671641652728445
218,9.671641652728445,10.029778318096714
219,10.029778318096714,10.255045522614093
220,10.255045522614093,10.461982780280914
221,10.461982780280914,10.741643726513875
222,10.741643726513875,11.044291307182135
223,11.044291307182135,11.200727850726377
224,11.200727850726377,11.04677984319543
225,11.04677984319543,10.535415283481106
226,10.535415283481106,9.773767002246302
227,9.773767002246302,8.998401812038576
228,8.998401812038576,8.496767673919992
229,8.496767673919992,8.45644633629156
230,8.45644633629156,8.801601855889965
231,8.801601855889965,9.171462991130875
232,9.171462991130875,9.142265037539863
233,9.142265037539863,8.593971179590945
234,8.593971179590945,7.88720354482049
235,7.88720354482049,7.572898752820228
236,7.572898752820228,7.839703310808776
237,7.839703310808776,8.303686370229999
238,8.303686370229999,8.416415359445597
239,8.416415359445597,8.017792121983714
240,8.017792121983714,7.4105425448956925
241,7.4105425448956925,6.975413153022604
242,6.975413153022604,6.855664784397805
243,6.855664784397805,6.990729664254978
244,6.990729664254978,7.286938644672507
245,7.286938644672507,7.668337626102975
246,7.668337626102975,8.028846928311177
247,8.028846928311177,8.258189565470298
248,8.258189565470298,8.373588990198432
249,8.373588990198432,8.561194351702397
250,8.561194351702397,9.011543319307247
251,9.011543319307247,9.739418096006785
252,9.739418096006785,10.58465048557127
253,10.58465048557127,11.325226961739304
254,11.325226961739304,11.75970027712782
255,11.75970027712782,13.110788487763436
256,13.110788487763436,11.578576148222371
257,11.578576148222371,9.208761131817194
258,9.208761131817194,6.815719341435803
259,6.815719341435803,4.88685455600168
260,4.88685455600168,3.577135140330182
261,3.577135140330182,2.853874642612911
262,2.853874642612911,2.5710180484804956
263,2.5710180484804956,2.538235768455123
264,2.538235768455123,2.6333717483994934
265,2.6333717483994934,2.9041113676674835
266,2.9041113676674835,3.537091528177666
267,3.537091528177666,4.633163440319648
268,4.633163440319648,5.961121785652618
269,5.961121785652618,7.0149017450648135
270,7.0149017450648135,7.409755400654164
271,7.409755400654164,7.171287553334334
272,7.171287553334334,6.5669469672483025
273,6.5669469672483025,5.774844636217763
274,5.774844636217763,4.858360557397491
275,4.858360557397491,3.963243827414428
276,3.963243827414428,3.337533423212151
277,3.337533423212151,3.1186176729272854
278,3.1186176729272854,3.1940378671652137
279,3.1940378671652137,3.317301539694993
280,3.317301539694993,3.3211294194184307
281,3.3211294194184307,3.1982791484600694
282,3.1982791484600694,3.0212770763424492
283,3.0212770763424492,2.8533625319844735
284,2.8533625319844735,2.730022433063173
285,2.730022433063173,2.6589383179557444
286,2.6589383179557444,2.6130080059412073
287,2.6130080059412073,2.570724388832918
288,2.570724388832918,2.5822474465732137
289,2.5822474465732137,2.7434010409599074
290,2.7434010409599074,3.0754921458367273
291,3.0754921458367273,3.4671412097576706
292,3.4671412097576706,3.7654794948400783
293,3.7654794948400783,3.911527321707516
294,3.911527321707516,3.9817655258403573
295,3.9817655258403573,4.131431811622148
296,4.131431811622148,4.545673457854828
297,4.545673457854828,5.397874528533208
298,5.397874528533208,6.714483942785385
299,6.714483942785385,8.202303124861682
300,8.202303124861682,9.315102861669605
301,9.315102861669605,9.60460329156223
302,9.60460329156223,9.023454873570008
303,9.023454873570008,7.933578325375301
304,7.933578325375301,6.901953466908893
305,6.901953466908893,6.411074696897481
306,6.411074696897481,6.592052750051849
307,6.592052750051849,7.142574628721568
308,7.142574628721568,7.545308556287373
309,7.545308556287373,7.442632855751813
310,7.442632855751813,6.822559516330274
311,6.822559516330274,5.880435516348175
312,5.880435516348175,4.821201949413777
313,4.821201949413777,3.8136945430579723
314,3.8136945430579723,3.0068607000396743
315,3.0068607000396743,2.4968678738503836
316,2.4968678738503836,2.293554233364151
317,2.293554233364151,2.311559747713703
318,2.311559747713703,2.390910343834159
319,2.390910343834159,9.314482080108524
320,9.314482080108524,9.300038007155198
321,9.300038007155198,9.283064028957677
322,9.283064028957677,9.360222357358325
323,9.360222357358325,9.691612579467535
324,9.691612579467535,10.35816365660463
325,10.35816365660463,11.247759332829915
326,11.247759332829915,12.081685807003222
327,12.081685807003222,12.569977449527059
328,12.569977449527059,12.589074179961445
329,12.589074179961445,12.249986695474728
330,12.249986695474728,11.828253032711942
331,11.828253032711942,11.61711342288541
332,11.61711342288541,11.749939795313116
333,11.749939795313116,12.091404919951106
334,12.091404919951106,12.354227583691234
335,12.354227583691234,12.384499122491224
336,12.384499122491224,12.294946618631732
337,12.294946618631732,12.265760690268438
338,12.265760690268438,12.274749676971966
339,12.274749676971966,12.140252523624468
340,12.140252523624468,11.825906377336102
341,11.825906377336102,11.559619413542174
342,11.559619413542174,11.573002252013657
343,11.573002252013657,11.817666205282553
344,11.817666205282553,12.04418026842136
345,12.04418026842136,12.091435515970367
346,12.091435515970367,12.010670486826427
347,12.010670486826427,11.98581833398828
348,11.98581833398828,12.213155787827505
349,12.213155787827505,12.748763483107732
350,12.748763483107732,13.365819179203314
351,13.365819179203314,13.647727921525583
352,13.647727921525583,13.339282259603094
353,13.339282259603094,12.593797486358852
354,12.593797486358852,11.834980577827409
355,11.834980577827409,11.389763797981958
356,11.389763797981958,11.26158487933966
357,11.26158487933966,11.221972453810963
358,11.221972453810963,11.074723294831509
359,11.074723294831509,10.827692177119946
360,10.827692177119946,10.654300361479047
361,10.654300361479047,10.725190191589007
362,10.725190191589007,11.071651640504234
363,11.071651640504234,11.57544101275948
364,11.57544101275948,12.073700389770291
365,12.073700389770291,12.474184600049409
366,12.474184600049409,12.77372662633385
367,12.77372662633385,12.988702872818067
368,12.988702872818067,13.108735870045436
369,13.108735870045436,13.11359494006717
370,13.11359494006717,13.000073492402203
371,13.000073492402203,12.792398865779571
372,12.792398865779571,12.549776218512369
373,12.549776218512369,12.346669279221896
374,12.346669279221896,12.218060848916735
375,12.218060848916735,12.138135884878292
376,12.138135884878292,12.067033760842865
377,12.067033760842865,11.990031558245022
378,11.990031558245022,11.894480360804087
379,11.894480360804087,11.752548139949216
380,11.752548139949216,11.565538214891841
381,11.565538214891841,11.389093651187357
382,11.389093651187357,11.286415434101114
383,11.286415434101114,19.406735819020234
384,19.406735819020234,19.74711111188334
385,19.74711111188334,20.065356608989063
386,20.065356608989063,20.03463044635572
387,20.03463044635572,19.70041498605065
388,19.70041498605065,19.41099789829457
389,19.41099789829457,19.454288334044605
390,19.454288334044605,19.789751759531804
391,19.789751759531804,20.142320471115944
392,20.142320471115944,20.319497825265366
393,20.319497825265366,20.367770586770725
394,20.367770586770725,20.430836417654287
395,20.430836417654287,20.551718947188533
396,20.551718947188533,20.663060697085395
397,20.663060697085395,20.723738205614985
398,20.723738205614985,20.789218241549804
399,20.789218241549804,20.934063579418538
400,20.934063579418538,21.16704823284283
401,21.16704823284283,21.449811409418853
402,21.449811409418853,21.734661721246486
403,21.734661721246486,21.94421815554648
404,21.94421815554648,21.971386371269496
405,21.971386371269496,21.75217216321277
406,21.75217216321277,21.30916717470069
407,21.30916717470069,20.7142548749588
408,20.7142548749588,20.086631478518235
409,20.086631478518235,19.65732866060289
410,19.65732866060289,19.700895111869954
411,19.700895111869954,20.27707105921876
412,20.27707105921876,21.109636764981893
413,21.109636764981893,21.821258055510842
414,21.821258055510842,22.22215311154748
415,22.22215311154748,22.319919328327497
416,22.319919328327497,22.174594044694203
417,22.174594044694203,21.868350600286934
418,21.868350600286934,21.558637176276445
419,21.558637176276445,21.411077104499242
420,21.411077104499242,21.43630317373016
421,21.43630317373016,21.473150782416578
422,21.473150782416578,21.372058437010804
423,21.372058437010804,21.137164458015324
424,21.137164458015324,20.869060454331425
425,20.869060454331425,20.644368333555526
426,20.644368333555526,20.496649533037115
427,20.496649533037115,20.4675620274845
428,20.4675620274845,20.619883447442934
429,20.619883447442934,20.983098465355994
430,20.983098465355994,21.48692370067193
431,21.48692370067193,21.956609488510686
432,21.956609488510686,22.18393290318032
433,22.18393290318032,22.01679930151738
434,22.01679930151738,21.395117276023008
435,21.395117276023008,20.32676033861974
436,20.32676033861974,18.902457300415627
437,18.902457300415627,17.40752545133752
438,17.40752545133752,16.35500848285059
439,16.35500848285059,16.194252538930613
440,16.194252538930613,16.885780206518966
441,16.885780206518966,17.89981883593613
442,17.89981883593613,18.72624640458488
443,18.72624640458488,19.263029201774565
444,19.263029201774565,19.66162029670084
445,19.66162029670084,19.995598641167025
446,19.995598641167025,20.199493004600416
447,20.199493004600416,24.014426060340703
448,24.014426060340703,24.597559462499756
449,24.597559462499756,25.673443690780758
450,25.673443690780758,26.801625644614393
451,26.801625644614393,27.37810409879789
452,27.37810409879789,27.262832452376916
453,27.262832452376916,26.960374585942493
454,26.960374585942493,27.034538113851273
455,27.034538113851273,27.54214975967945
456,27.54214975967945,28.121302876189194
457,28.121302876189194,28.375142110722386
458,28.375142110722386,28.046797082957685
459,28.046797082957685,27.024208761480967
460,27.024208761480967,25.3437008213535
461,25.3437008213535,23.16295487387281
462,23.16295487387281,20.70386288964503
463,20.70386288964503,18.250820239566124
464,18.250820239566124,16.133734608352956
465,16.133734608352956,14.583008899037894
466,14.583008899037894,13.585300291721936
467,13.585300291721936,12.906296859035987
468,12.906296859035987,12.255021504525844
469,12.255021504525844,11.48166212847379
470,11.48166212847379,10.752466210743206
471,10.752466210743206,10.599064764106284
472,10.599064764106284,11.654801462610127
473,11.654801462610127,14.127503778562968
474,14.127503778562968,17.532284445291403
475,17.532284445291403,21.082095278784205
476,21.082095278784205,24.270572865284812
477,24.270572865284812,26.913598399285032
478,26.913598399285032,28.79418119563108
479,28.79418119563108,29.612959725390535
480,29.612959725390535,29.357651088295096
481,29.357651088295096,28.551675676527758
482,28.551675676527758,27.93773386569372
483,27.93773386569372,27.789997769297393
484,27.789997769297393,27.63550157952327
485,27.63550157952327,26.841885262069603
486,26.841885262069603,25.469910463788178
487,25.469910463788178,24.366654058929118
488,24.366654058929118,24.294069388772805
489,24.294069388772805,25.041646351490357
490,25.041646351490357,25.59770623722332
491,25.59770623722332,25.226368616929122
492,25.226368616929122,24.125496652811414
493,24.125496652811414,22.898799365726134
494,22.898799365726134,21.69003101905026
495,21.69003101905026,20.249486258058177
496,20.249486258058177,18.730707244492912
497,18.730707244492912,17.91186855427587
498,17.91186855427587,18.458381342457397
499,18.458381342457397,20.182483048359444
500,20.182483048359444,22.069647235328468
501,22.069647235328468,22.88974721136589
502,22.88974721136589,21.922816469756228
503,21.922816469756228,19.405766345173234
504,19.405766345173234,16.35778296438462
505,16.35778296438462,13.933188518094545
506,13.933188518094545,12.920891992181291
507,12.920891992181291,13.62385991388617
508,13.62385991388617,15.791111418249127
509,15.791111418249127,18.501506444430866
510,18.501506444430866,20.385855782234813
511,20.385855782234813,14.682009173164321
512,14.682009173164321,14.489708265932748
513,14.489708265932748,14.11201253280832
514,14.11201253280832,13.577653829258837
515,13.577653829258837,12.99299571140272
516,12.99299571140272,12.525019721951145
517,12.525019721951145,12.267331308909881
518,12.267331308909881,12.152375906373408
519,12.152375906373408,12.026952653604305
520,12.026952653604305,11.802774330634454
521,11.802774330634454,11.540755224735918
522,11.540755224735918,11.379976221695761
523,11.379976221695761,11.358042825935929
524,11.358042825935929,11.322698473463063
525,11.322698473463063,11.080547913928914
526,11.080547913928914,10.649565844897772
527,10.649565844897772,10.339938173371483
528,10.339938173371483,10.536934598569346
529,10.536934598569346,11.354784133487001
530,11.354784133487001,12.506542312708218
531,12.506542312708218,13.54072379725777
532,13.54072379725777,14.175868260059362
533,14.175868260059362,14.377299126003283
534,14.377299126003283,14.15729619143672
535,14.15729619143672,13.415666148024554
536,13.415666148024554,12.062708662093925
537,12.062708662093925,10.297986898771008
538,10.297986898771008,8.690963162854633
539,8.690963162854633,7.922043266990805
540,7.922043266990805,8.37347760856139
541,8.37347760856139,9.86244593000485
542,9.86244593000485,11.71028113595165
543,11.71028113595165,13.184234211766729
544,13.184234211766729,14.03682714655082
545,14.03682714655082,14.731644635004841
546,14.731644635004841,16.182001820096424
547,16.182001820096424,19.096736676882482
548,19.096736676882482,23.178076237589078
549,23.178076237589078,26.814863076471134
550,26.814863076471134,27.966136337523004
551,27.966136337523004,25.804177985298523
552,25.804177985298523,21.494225511945565
553,21.494225511945565,17.201482155103257
554,17.201482155103257,14.434917257259485
555,14.434917257259485,13.419463596108692
556,13.419463596108692,13.69765760319002
557,13.69765760319002,14.828852241372898
558,14.828852241372898,16.44146738318638
559,16.44146738318638,17.97068248097049
560,17.97068248097049,18.741950640048035
561,18.741950640048035,18.48588852552381
562,18.48588852552381,17.63679149317491
563,17.63679149317491,16.93385115168671
564,16.93385115168671,16.766800282834794
565,16.766800282834794,16.988467157143443
566,16.988467157143443,17.225879071813146
567,17.225879071813146,17.20911805537357
568,17.20911805537357,16.831685008036487
569,16.831685008036487,16.077865867192983
570,16.077865867192983,15.045309680483507
571,15.045309680483507,14.007666513355787
572,14.007666513355787,13.306420731481694
573,13.306420731481694,13.072633914874402
574,13.072633914874402,13.099803800230266
575,13.099803800230266,28.48318120284236
576,28.48318120284236,28.880531132652656
577,28.880531132652656,29.929660768577637
578,29.929660768577637,31.696829903978127
579,31.696829903978127,33.615544887766006
580,33.615544887766006,34.54992657671674
581,34.54992657671674,33.51020006754452
582,33.51020006754452,30.503505552308418
583,30.503505552308418,26.66597824422672
584,26.66597824422672,23.52488653149623
585,23.52488653149623,22.121297415245905
586,22.121297415245905,22.556419421439163
587,22.556419421439163,23.888324483346373
588,23.888324483346373,24.554598223096175
589,24.554598223096175,23.550054881780024
590,23.550054881780024,21.310983281018952
591,21.310983281018952,19.056397871404794
592,19.056397871404794,17.380690016865575
593,17.380690016865575,15.984142859201214
594,15.984142859201214,14.524756217763414
595,14.524756217763414,13.051636767004013
596,13.051636767004013,11.662303425561609
597,11.662303425561609,10.298175001573012
598,10.298175001573012,9.002104588496511
599,9.002104588496511,8.060567613923515
600,8.060567613923515,7.716765315809473
601,7.716765315809473,7.865883080209034
602,7.865883080209034,8.187706691085573
603,8.187706691085573,8.553452108675954
604,8.553452108675954,9.157502171597027
605,9.157502171597027,10.17646362731203
606,10.17646362731203,11.395962084507756
607,11.395962084507756,12.336846879081046
608,12.336846879081046,12.736687334441026
609,12.736687334441026,12.8025909861222
610,12.8025909861222,12.997683413349051
611,12.997683413349051,13.642723782687845
612,13.642723782687845,14.64494584395944
613,14.64494584395944,15.500171288792494
614,15.500171288792494,15.607215746954104
615,15.607215746954104,14.762566338852407
616,14.762566338852407,13.400187916197762
617,13.400187916197762,12.32768228261419
618,12.32768228261419,12.238724258244154
619,12.238724258244154,13.30584656051833
620,13.30584656051833,14.91934134556223
621,14.91934134556223,15.904612537202144
622,15.904612537202144,15.419841931472595
623,15.419841931472595,13.707454293008762
624,13.707454293008762,11.75393786057835
625,11.75393786057835,10.360501727843117
626,10.360501727843117,9.78505089724837
627,9.78505089724837,10.001853149586717
628,10.001853149586717,10.826430498890051
629,10.826430498890051,11.828412774717052
630,11.828412774717052,12.507278792399658
631,12.507278792399658,12.685176505620902
632,12.685176505620902,12.604543810742735
633,12.604543810742735,12.595461684103968
634,12.595461684103968,12.707183956898966
635,12.707183956898966,12.71220276787286
636,12.71220276787286,12.428737710624203
637,12.428737710624203,11.962815931908779
638,11.962815931908779,11.614349631445393
639,11.614349631445393,28.9425121332231
640,28.9425121332231,30.598852379425043
641,30.598852379425043,32.99672128916363
642,32.99672128916363,35.05705422686538
643,35.05705422686538,36.22565013048553
644,36.22565013048553,36.54018926050866
645,36.54018926050866,36.20152208302695
646,36.20152208302695,35.13202474860519
647,35.13202474860519,33.112215520552496
648,33.112215520552496,30.5221709196277
649,30.5221709196277,28.702306389065274
650,28.702306389065274,29.04009870685947
651,29.04009870685947,31.572316569106988
652,31.572316569106988,34.82708212925249
653,34.82708212925249,37.04693632749906
654,37.04693632749906,37.27433275660379
655,37.27433275660379,35.463660662470446
656,35.463660662470446,32.21289558751343
657,32.21289558751343,28.566098549300634
658,28.566098549300634,25.686109971294446
659,25.686109971294446,24.35006198445472
660,24.35006198445472,24.604268283008473
661,24.604268283008473,25.856464617727767
662,25.856464617727767,27.434880412213516
663,27.434880412213516,29.21544785737597
664,29.21544785737597,31.572240016935346
665,31.572240016935346,34.613128937615684
666,34.613128937615684,37.728334079123506
667,37.728334079123506,40.05542136362675
668,40.05542136362675,41.16399082933072
669,41.16399082933072,41.123520227271364
670,41.123520227271364,40.14169706758124
671,40.14169706758124,38.3937167805367
672,38.3937167805367,36.17838574131263
673,36.17838574131263,33.927663172084614
674,33.927663172084614,31.860146505873946
675,31.860146505873946,29.784756735431877
676,29.784756735431877,27.488940036853023
677,27.488940036853023,25.28333386229621
678,25.28333386229621,23.927987235976516
679,23.927987235976516,23.953853686584523
680,23.953853686584523,25.14067061378681
681,25.14067061378681,26.693508083091075
682,26.693508083091075,27.863126086564023
683,27.863126086564023,28.349437188541735
684,28.349437188541735,28.266453803540326
685,28.266453803540326,27.97410005741117
686,27.97410005741117,27.976526736752984
687,27.976526736752984,28.65372000470514
688,28.65372000470514,29.884616085118186
689,29.884616085118186,31.017367247934637
690,31.017367247934637,31.326205678397752
691,31.326205678397752,30.550416768003245
692,30.550416768003245,29.144511741737645
693,29.144511741737645,28.02174753924745
694,28.02174753924745,27.76952829448831
695,27.76952829448831,28.051121189235346
696,28.051121189235346,28.07184485308216
697,28.07184485308216,27.660863480620577
698,27.660863480620577,27.44590905100376
699,27.44590905100376,27.85272754866428
700,27.85272754866428,28.468372989034354
701,28.468372989034354,28.692964511179156
702,28.692964511179156,28.58306859840411
