,Curvature_n,Curvature_n1
0,33.82426952891651,30.458790335179604
1,30.458790335179604,24.265817172822196
2,24.265817172822196,17.055583527451656
3,17.055583527451656,11.209647677375454
4,11.209647677375454,7.912939411478137
5,7.912939411478137,6.615198297864514
6,6.615198297864514,6.046179301220504
7,6.046179301220504,5.373006394307794
8,5.373006394307794,4.556332882231844
9,4.556332882231844,3.9895178978691606
10,3.9895178978691606,3.936469223220513
11,3.936469223220513,4.262980416149442
12,4.262980416149442,4.585547742809734
13,4.585547742809734,4.596817950641131
14,4.596817950641131,4.308728894141103
15,4.308728894141103,4.024684308473027
16,4.024684308473027,4.060306970256329
17,4.060306970256329,4.457516630449281
18,4.457516630449281,4.948603864447685
19,4.948603864447685,5.182417902332307
20,5.182417902332307,4.9992657939133895
21,4.9992657939133895,4.5247879071647
22,4.5247879071647,4.033114823343609
23,4.033114823343609,3.737781458131279
24,3.737781458131279,3.687842485571747
25,3.687842485571747,3.8096655330683595
26,3.8096655330683595,4.019839142620513
27,4.019839142620513,4.297253230731622
28,4.297253230731622,4.63649217641829
29,4.63649217641829,4.939401821882246
30,4.939401821882246,5.02628756464488
31,5.02628756464488,4.818863732708088
32,4.818863732708088,4.453820379517244
33,4.453820379517244,4.144219715094049
34,4.144219715094049,3.976869576116074
35,3.976869576116074,3.90050867835597
36,3.90050867835597,3.857617199623257
37,3.857617199623257,3.85121061153611
38,3.85121061153611,3.8862246026966405
39,3.8862246026966405,3.9094320361474137
40,3.9094320361474137,3.8557473813647354
41,3.8557473813647354,3.7436565039331797
42,3.7436565039331797,3.680786257853307
43,3.680786257853307,3.782657217007247
44,3.782657217007247,4.109171223243671
45,4.109171223243671,4.622028243031845
46,4.622028243031845,5.1495060176418175
47,5.1495060176418175,5.47816249795336
48,5.47816249795336,5.560695966988988
49,5.560695966988988,5.565936073878383
50,5.565936073878383,5.6508396480247765
51,5.6508396480247765,5.737932436913342
52,5.737932436913342,5.578763305617079
53,5.578763305617079,5.01862271335065
54,5.01862271335065,4.173528474080024
55,4.173528474080024,3.3477777574669565
56,3.3477777574669565,2.7847616173449006
57,2.7847616173449006,2.5091710500235314
58,2.5091710500235314,2.403717121056814
59,2.403717121056814,2.390560372528958
60,2.390560372528958,2.4826380557925596
61,2.4826380557925596,2.6701123136921097
62,2.6701123136921097,2.833023738762818
63,2.833023738762818,50.00010569040071
64,50.00010569040071,44.66752659942585
65,44.66752659942585,34.883360540227045
66,34.883360540227045,23.38580168671754
67,23.38580168671754,13.746559709996426
68,13.746559709996426,7.9354611548423835
69,7.9354611548423835,5.635233472652554
70,5.635233472652554,5.501074958727692
71,5.501074958727692,6.287492643875129
72,6.287492643875129,7.0759829796016
73,7.0759829796016,7.330934672610953
74,7.330934672610953,7.04966743473857
75,7.04966743473857,6.607779856399986
76,6.607779856399986,6.27323182186576
77,6.27323182186576,5.9282520332827735
78,5.9282520332827735,5.328573311894861
79,5.328573311894861,4.470407662042103
80,4.470407662042103,3.5980727276899973
81,3.5980727276899973,2.954227213312237
82,2.954227213312237,2.6301633770976482
83,2.6301633770976482,2.621191650363329
84,2.621191650363329,2.9145248477636363
85,2.9145248477636363,3.504779013730218
86,3.504779013730218,4.3550537569019845
87,4.3550537569019845,5.315715654524387
88,5.315715654524387,6.044339490922828
89,6.044339490922828,6.121458984016234
90,6.121458984016234,5.405302014506231
91,5.405302014506231,4.242737301827342
92,4.242737301827342,3.2226822059050373
93,3.2226822059050373,2.733692768610327
94,2.733692768610327,2.7621671151859486
95,2.7621671151859486,3.0044470299894086
96,3.0044470299894086,3.125045198246572
97,3.125045198246572,3.004438795364411
98,3.004438795364411,2.8170531561743744
99,2.8170531561743744,2.848080792677192
100,2.848080792677192,3.213555999488883
101,3.213555999488883,3.770986702597382
102,3.770986702597382,4.263996248400433
103,4.263996248400433,4.507102696757984
104,4.507102696757984,4.464595490581851
105,4.464595490581851,4.242194357181397
106,4.242194357181397,4.018028063825671
107,4.018028063825671,3.9283508820323707
108,3.9283508820323707,4.008562547786422
109,4.008562547786422,4.222437265953307
110,4.222437265953307,4.473342926397351
111,4.473342926397351,4.579048041324832
112,4.579048041324832,4.346022135959325
113,4.346022135959325,3.741221477189523
114,3.741221477189523,2.954395788993488
115,2.954395788993488,2.261628629760147
116,2.261628629760147,1.848792952003441
117,1.848792952003441,1.7559199414427349
118,1.7559199414427349,1.9347955295515962
119,1.9347955295515962,2.333917240107185
120,2.333917240107185,2.9291663754102313
121,2.9291663754102313,3.67330696245826
122,3.67330696245826,4.419828223635951
123,4.419828223635951,4.938319453313919
124,4.938319453313919,5.072894827125303
125,5.072894827125303,4.8988726413363155
126,4.8988726413363155,4.689575561263093
127,4.689575561263093,15.640744583324988
128,15.640744583324988,18.233744979059605
129,18.233744979059605,21.902147727422417
130,21.902147727422417,24.708627013756473
131,24.708627013756473,25.61137038601353
132,25.61137038601353,24.8849262351592
133,24.8849262351592,23.52083052479179
134,23.52083052479179,22.523949521914012
135,22.523949521914012,22.57857606844471
136,22.57857606844471,23.785097174628874
137,23.785097174628874,25.484106452310005
138,25.484106452310005,26.513265116311985
139,26.513265116311985,25.86349783730362
140,25.86349783730362,23.40734623336373
141,23.40734623336373,20.193254607276884
142,20.193254607276884,17.985633013967668
143,17.985633013967668,18.232634506747335
144,18.232634506747335,21.006842253041288
145,21.006842253041288,24.584003727895702
146,24.584003727895702,26.421106363279534
147,26.421106363279534,25.197068986231464
148,25.197068986231464,21.913396763927622
149,21.913396763927622,18.7548286026177
150,18.7548286026177,17.053473950914636
151,17.053473950914636,16.521920097128735
152,16.521920097128735,16.17507083437669
153,16.17507083437669,15.56285604226221
154,15.56285604226221,15.00713694538852
155,15.00713694538852,14.955389181460003
156,14.955389181460003,15.429774811273681
157,15.429774811273681,15.99344287152073
158,15.99344287152073,16.05312134610901
159,16.05312134610901,15.237751391501345
160,15.237751391501345,13.6314473784648
161,13.6314473784648,11.700657401625936
162,11.700657401625936,10.032606948978202
163,10.032606948978202,9.069092129925718
164,9.069092129925718,8.900473922111411
165,8.900473922111411,9.205372733039617
166,9.205372733039617,9.499672489128653
167,9.499672489128653,9.56394742518825
168,9.56394742518825,9.554085999039536
169,9.554085999039536,9.59367957762493
170,9.59367957762493,9.41833502158194
171,9.41833502158194,8.672352230924098
172,8.672352230924098,7.474314472325876
173,7.474314472325876,6.3979405291924545
174,6.3979405291924545,5.8797634737738385
175,5.8797634737738385,5.832959042973011
176,5.832959042973011,5.832513326102126
177,5.832513326102126,5.543720544450245
178,5.543720544450245,4.984710009631222
179,4.984710009631222,4.467566583272516
180,4.467566583272516,4.303336420174961
181,4.303336420174961,4.570074947070932
182,4.570074947070932,5.187031936082337
183,5.187031936082337,6.102586419889223
184,6.102586419889223,7.237609556940809
185,7.237609556940809,8.26950708475388
186,8.26950708475388,8.701153880109107
187,8.701153880109107,8.273206165073907
188,8.273206165073907,7.223741448231703
189,7.223741448231703,6.101591424493221
190,6.101591424493221,5.407954547385552
191,5.407954547385552,22.798767332722235
192,22.798767332722235,21.480165415061123
193,21.480165415061123,19.81870619748158
194,19.81870619748158,18.62827198773299
195,18.62827198773299,17.803712068622346
196,17.803712068622346,16.88163999580082
197,16.88163999580082,16.018661126284467
198,16.018661126284467,16.006748896204087
199,16.006748896204087,17.38299863212062
200,17.38299863212062,19.79534074174753
201,19.79534074174753,22.16693987945539
202,22.16693987945539,23.251169239202703
203,23.251169239202703,22.25672382482042
204,22.25672382482042,19.40450204714991
205,19.40450204714991,15.859963960267097
206,15.859963960267097,12.827069479053067
207,12.827069479053067,10.743178959540616
208,10.743178959540616,9.429151930542682
209,9.429151930542682,8.748716054204511
210,8.748716054204511,8.837032393728105
211,8.837032393728105,9.735504770223052
212,9.735504770223052,11.06279030171498
213,11.06279030171498,12.224579594701266
214,12.224579594701266,12.89914762948576
215,12.89914762948576,13.181401849045223
216,13.181401849045223,13.323912856738003
217,13.323912856738003,13.509026801968432
218,13.509026801968432,13.75953698018317
219,13.75953698018317,13.859627013871119
220,13.859627013871119,13.514502992733041
221,13.514502992733041,12.76904804314115
222,12.76904804314115,12.087568573356528
223,12.087568573356528,11.85715979929416
224,11.85715979929416,12.009803306487333
225,12.009803306487333,12.289932752441288
226,12.289932752441288,12.71430505023365
227,12.71430505023365,13.52076223226688
228,13.52076223226688,14.656977033977972
229,14.656977033977972,15.492893921558192
230,15.492893921558192,15.233450747693755
231,15.233450747693755,13.682033343917766
232,13.682033343917766,11.476692897622971
233,11.476692897622971,9.516355463435163
234,9.516355463435163,8.330950393407209
235,8.330950393407209,8.014323395401298
236,8.014323395401298,8.440359058547319
237,8.440359058547319,9.330636452232719
238,9.330636452232719,10.261693656126317
239,10.261693656126317,10.800940036705827
240,10.800940036705827,10.765512443584887
241,10.765512443584887,10.380685909777888
242,10.380685909777888,10.053109675701762
243,10.053109675701762,9.90018181039746
244,9.90018181039746,9.688782621274944
245,9.688782621274944,9.280362982680693
246,9.280362982680693,8.852903958310568
247,8.852903958310568,8.580762351161349
248,8.580762351161349,8.370729157748439
249,8.370729157748439,8.074965653572754
250,8.074965653572754,7.758599508244652
251,7.758599508244652,7.581105268274899
252,7.581105268274899,7.554763144773376
253,7.554763144773376,7.56772291818615
254,7.56772291818615,7.5620781847723775
255,7.5620781847723775,35.27410307766442
256,35.27410307766442,33.58659227150624
257,33.58659227150624,31.804611090141705
258,31.804611090141705,32.00266383328648
259,32.00266383328648,35.09952962591632
260,35.09952962591632,39.85577702026751
261,39.85577702026751,43.54845141208337
262,43.54845141208337,43.90282634090221
263,43.90282634090221,40.55782435216025
264,40.55782435216025,34.97436125877277
265,34.97436125877277,29.247597944461404
266,29.247597944461404,24.868651938331112
267,24.868651938331112,22.15417320445568
268,22.15417320445568,20.59819595169201
269,20.59819595169201,19.7158518340646
270,19.7158518340646,19.376093581819802
271,19.376093581819802,19.343787205933236
272,19.343787205933236,18.99117082671431
273,18.99117082671431,17.750771664596584
274,17.750771664596584,15.624707061328726
275,15.624707061328726,13.13495283379525
276,13.13495283379525,10.986070881841691
277,10.986070881841691,9.787007966678942
278,9.787007966678942,9.799122862418692
279,9.799122862418692,10.821359995554978
280,10.821359995554978,12.425787987487585
281,12.425787987487585,14.240923519252354
282,14.240923519252354,15.794303023293747
283,15.794303023293747,16.275123825574184
284,16.275123825574184,14.988514376653974
285,14.988514376653974,12.180257629278326
286,12.180257629278326,9.069970535466485
287,9.069970535466485,6.9538189651321245
288,6.9538189651321245,6.42811211941008
289,6.42811211941008,7.320862717872327
290,7.320862717872327,8.965945662298772
291,8.965945662298772,10.482319081457899
292,10.482319081457899,11.176399586627591
293,11.176399586627591,10.985511869179646
294,10.985511869179646,10.446829035918041
295,10.446829035918041,10.060793817841159
296,10.060793817841159,9.757060742219494
297,9.757060742219494,9.140288286348433
298,9.140288286348433,8.158078815893035
299,8.158078815893035,7.269144318480418
300,7.269144318480418,6.950677609607668
301,6.950677609607668,7.27582530472986
302,7.27582530472986,8.031870473919826
303,8.031870473919826,9.044490602522629
304,9.044490602522629,10.233192965634752
305,10.233192965634752,11.450090550169012
306,11.450090550169012,12.447907305603108
307,12.447907305603108,13.055546825144837
308,13.055546825144837,13.330345605231877
309,13.330345605231877,13.4710952092435
310,13.4710952092435,13.557130723782162
311,13.557130723782162,13.443512125351464
312,13.443512125351464,12.966080165639296
313,12.966080165639296,12.161087876844315
314,12.161087876844315,11.195918797179441
315,11.195918797179441,10.178321443167217
316,10.178321443167217,9.168343174965985
317,9.168343174965985,8.306533697640191
318,8.306533697640191,7.8017272626763585
319,7.8017272626763585,44.63179937975743
320,44.63179937975743,43.46559434301242
321,43.46559434301242,41.69252529113161
322,41.69252529113161,40.22504346124434
323,40.22504346124434,39.99383410784726
324,39.99383410784726,41.62660299300882
325,41.62660299300882,45.14875385793947
326,45.14875385793947,49.90501574839484
327,49.90501574839484,55.037866472178955
328,55.037866472178955,60.20760025130171
329,60.20760025130171,65.52012376040079
330,65.52012376040079,70.52231185239158
331,70.52231185239158,73.6619156611869
332,73.6619156611869,73.29461244060987
333,73.29461244060987,69.38437465848745
334,69.38437465848745,64.00368707450822
335,64.00368707450822,59.936066878448
336,59.936066878448,58.70171206304005
337,58.70171206304005,59.85414077436985
338,59.85414077436985,61.828524808521536
339,61.828524808521536,63.12791811283287
340,63.12791811283287,62.9768264630104
341,62.9768264630104,61.548188335350865
342,61.548188335350865,59.84298389832242
343,59.84298389832242,59.0262184234881
344,59.0262184234881,59.54270774103146
345,59.54270774103146,60.749843045523534
346,60.749843045523534,61.429635340229495
347,61.429635340229495,60.703936142118515
348,60.703936142118515,58.65293402038023
349,58.65293402038023,56.33059160296557
350,56.33059160296557,55.15020903376396
351,55.15020903376396,55.83334840847262
352,55.83334840847262,57.8559640474025
353,57.8559640474025,60.23723711019434
354,60.23723711019434,62.78508657533035
355,62.78508657533035,65.99051200468048
356,65.99051200468048,69.60388134995533
357,69.60388134995533,71.82705981630633
358,71.82705981630633,70.43486541169067
359,70.43486541169067,64.87778171423642
360,64.87778171423642,57.021761097195096
361,57.021761097195096,49.56997881920696
362,49.56997881920696,43.92179632841677
363,43.92179632841677,39.67442422298048
364,39.67442422298048,35.77590197366315
365,35.77590197366315,31.73630348954715
366,31.73630348954715,27.964878206421226
367,27.964878206421226,25.437375308629385
368,25.437375308629385,25.003358624473186
369,25.003358624473186,26.49425679640887
370,26.49425679640887,28.350163668306017
371,28.350163668306017,28.58563387960306
372,28.58563387960306,26.598644150615684
373,26.598644150615684,23.83583699845782
374,23.83583699845782,22.24445545342513
375,22.24445545342513,22.25319842319867
376,22.25319842319867,22.749087417262576
377,22.749087417262576,22.824065424103107
378,22.824065424103107,22.9062871262587
379,22.9062871262587,24.152805128959226
380,24.152805128959226,27.112842992862443
381,27.112842992862443,30.938997847988933
382,30.938997847988933,33.68947161855473
383,33.68947161855473,40.63404803595678
384,40.63404803595678,40.04957584942856
385,40.04957584942856,39.35199564467811
386,39.35199564467811,39.21494687619675
387,39.21494687619675,40.07572227571966
388,40.07572227571966,41.83732815615799
389,41.83732815615799,43.948876513220505
390,43.948876513220505,45.71728474739389
391,45.71728474739389,46.609249044648834
392,46.609249044648834,46.54088902679875
393,46.54088902679875,45.90648431598481
394,45.90648431598481,45.03272275448003
395,45.03272275448003,43.646940329361954
396,43.646940329361954,41.355081973481646
397,41.355081973481646,38.75882481506421
398,38.75882481506421,37.482658447543
399,37.482658447543,38.65524781925111
400,38.65524781925111,41.68499998071991
401,41.68499998071991,44.86100580998995
402,44.86100580998995,46.879062081803525
403,46.879062081803525,47.56960704178438
404,47.56960704178438,47.532189507111866
405,47.532189507111866,47.49484296888767
406,47.49484296888767,47.971927012277774
407,47.971927012277774,49.13290213879078
408,49.13290213879078,50.66971840436819
409,50.66971840436819,51.844269652915685
410,51.844269652915685,52.02526297045449
411,52.02526297045449,51.3758046660868
412,51.3758046660868,50.849759475529105
413,50.849759475529105,51.32900498999665
414,51.32900498999665,52.81708247213153
415,52.81708247213153,54.6014420124598
416,54.6014420124598,56.046364996370315
417,56.046364996370315,56.91524752835509
418,56.91524752835509,57.01876916900879
419,57.01876916900879,56.09343581529516
420,56.09343581529516,54.29436214893817
421,54.29436214893817,52.47503968574171
422,52.47503968574171,51.4946481983107
423,51.4946481983107,51.21145991340689
424,51.21145991340689,50.54944750785103
425,50.54944750785103,48.7697885418866
426,48.7697885418866,46.304353017141544
427,46.304353017141544,44.08844788760781
428,44.08844788760781,42.62298687610198
429,42.62298687610198,42.14860366947074
430,42.14860366947074,43.11299486731595
431,43.11299486731595,45.612256114871016
432,45.612256114871016,48.580517759265106
433,48.580517759265106,50.31686213388001
434,50.31686213388001,49.920424240593235
435,49.920424240593235,47.755856613589614
436,47.755856613589614,44.65967237071125
437,44.65967237071125,41.37045347363731
438,41.37045347363731,38.706729552180505
439,38.706729552180505,37.529210866800554
440,37.529210866800554,38.16534452981843
441,38.16534452981843,40.23197384160198
442,40.23197384160198,43.226119246722746
443,43.226119246722746,46.95385867812055
444,46.95385867812055,51.146637789602835
445,51.146637789602835,54.97878855087204
446,54.97878855087204,57.29793032004123
447,57.29793032004123,59.61569787716217
448,59.61569787716217,58.32681139563766
449,58.32681139563766,56.53594883153659
450,56.53594883153659,54.9584511131128
451,54.9584511131128,53.61507476948047
452,53.61507476948047,52.10518160484166
453,52.10518160484166,50.18260462763697
454,50.18260462763697,47.889594993329325
455,47.889594993329325,45.428502113893444
456,45.428502113893444,43.1418501089709
457,43.1418501089709,41.35005452319914
458,41.35005452319914,40.093883983623996
459,40.093883983623996,39.338013530153134
460,39.338013530153134,39.29969830160666
461,39.29969830160666,40.14853806168502
462,40.14853806168502,41.6087482174515
463,41.6087482174515,43.33658393536596
464,43.33658393536596,45.484736749309214
465,45.484736749309214,48.472714239668775
466,48.472714239668775,52.23920067300064
467,52.23920067300064,55.93854081453807
468,55.93854081453807,58.40239509723084
469,58.40239509723084,58.879078414133545
470,58.879078414133545,57.50562565188437
471,57.50562565188437,55.17896963323422
472,55.17896963323422,52.80110488878402
473,52.80110488878402,50.55119066514135
474,50.55119066514135,47.987389557757595
475,47.987389557757595,44.78938769508053
476,44.78938769508053,41.2823963366368
477,41.2823963366368,38.39329265334672
478,38.39329265334672,37.043056364363835
479,37.043056364363835,37.27460811595223
480,37.27460811595223,37.96398641362582
481,37.96398641362582,37.61896161398828
482,37.61896161398828,35.49482135809076
483,35.49482135809076,32.0447611033687
484,32.0447611033687,28.59398599914835
485,28.59398599914835,26.612876732497014
486,26.612876732497014,26.910012404006153
487,26.910012404006153,29.141938671724912
488,29.141938671724912,32.02109187217699
489,32.02109187217699,34.180315364591806
490,34.180315364591806,35.10038384926615
491,35.10038384926615,35.38171081302721
492,35.38171081302721,36.10341362139559
493,36.10341362139559,37.76647043001407
494,37.76647043001407,39.667131626898005
495,39.667131626898005,40.331112076679375
496,40.331112076679375,38.8213187892713
497,38.8213187892713,35.74380132128426
498,35.74380132128426,32.76633577437507
499,32.76633577437507,31.133856314352816
500,31.133856314352816,30.828055301145966
501,30.828055301145966,31.051348204938957
502,31.051348204938957,31.18132864356657
503,31.18132864356657,31.247326755703185
504,31.247326755703185,31.674363974890234
505,31.674363974890234,32.675685097661216
506,32.675685097661216,33.932984684090734
507,33.932984684090734,34.86333160190482
508,34.86333160190482,35.13529624244981
509,35.13529624244981,34.90201853562292
510,34.90201853562292,34.60810024617358
511,34.60810024617358,41.35531904682885
512,41.35531904682885,44.47975779160559
513,44.47975779160559,49.461833137926384
514,49.461833137926384,55.11143758964334
515,55.11143758964334,61.35890990178651
516,61.35890990178651,68.3096199091511
517,68.3096199091511,74.32059680765326
518,74.32059680765326,76.20432152990675
519,76.20432152990675,72.2130784199961
520,72.2130784199961,64.18059475549423
521,64.18059475549423,55.93490323943114
522,55.93490323943114,50.01050627373576
523,50.01050627373576,46.43626775730979
524,46.43626775730979,44.12341739288135
525,44.12341739288135,42.55326423627497
526,42.55326423627497,42.07636469056724
527,42.07636469056724,43.15506840491492
528,43.15506840491492,45.73767548094811
529,45.73767548094811,49.3071788433045
530,49.3071788433045,53.30206156423541
531,53.30206156423541,57.286282433160025
532,57.286282433160025,60.80872382677874
533,60.80872382677874,63.39442305413837
534,63.39442305413837,64.68398668882847
535,64.68398668882847,64.46203209148605
536,64.46203209148605,62.756020303821636
537,62.756020303821636,60.07739635187973
538,60.07739635187973,57.245356202155236
539,57.245356202155236,55.07090461421657
540,55.07090461421657,54.54079396299086
541,54.54079396299086,56.67309388899508
542,56.67309388899508,61.25718657208016
543,61.25718657208016,66.26887934065385
544,66.26887934065385,69.49790762210355
545,69.49790762210355,70.49354038690964
546,70.49354038690964,70.3487815978717
547,70.3487815978717,70.10186644992292
548,70.10186644992292,69.98412561638582
549,69.98412561638582,69.95075984097443
550,69.95075984097443,70.33201371895166
551,70.33201371895166,71.67606536257824
552,71.67606536257824,73.92651523295666
553,73.92651523295666,76.00944487791125
554,76.00944487791125,76.56961808301332
555,76.56961808301332,75.24735541322642
556,75.24735541322642,73.13504421845442
557,73.13504421845442,71.90658558465972
558,71.90658558465972,72.36648627534181
559,72.36648627534181,73.7677033597892
560,73.7677033597892,74.55522666645636
561,74.55522666645636,73.76070604468704
562,73.76070604468704,71.67189126472688
563,71.67189126472688,69.33945266753294
564,69.33945266753294,67.61219131507752
565,67.61219131507752,66.57705908975629
566,66.57705908975629,65.7229823645292
567,65.7229823645292,64.63536968490452
568,64.63536968490452,63.49903588387129
569,63.49903588387129,62.75947603450423
570,62.75947603450423,62.2647652331313
571,62.2647652331313,61.01168047880321
572,61.01168047880321,58.097758613344396
573,58.097758613344396,54.06568644007152
574,54.06568644007152,51.03670821588075
575,51.03670821588075,60.92996801647701
576,60.92996801647701,61.384745391814846
577,61.384745391814846,61.3603439969762
578,61.3603439969762,60.28676910069006
579,60.28676910069006,58.57211996176183
580,58.57211996176183,56.804203063011514
581,56.804203063011514,55.09748684993936
582,55.09748684993936,53.65268888233291
583,53.65268888233291,53.28260066210012
584,53.28260066210012,54.52658303434985
585,54.52658303434985,56.434379505017326
586,56.434379505017326,57.05440878434688
587,57.05440878434688,55.432496757176004
588,55.432496757176004,52.845524812071886
589,52.845524812071886,51.87112779258927
590,51.87112779258927,54.14607103396262
591,54.14607103396262,58.7428444694785
592,58.7428444694785,62.65172878840053
593,62.65172878840053,63.15663661159621
594,63.15663661159621,59.95995191799022
595,59.95995191799022,55.09169570074199
596,55.09169570074199,51.111507998706045
597,51.111507998706045,49.670851474909995
598,49.670851474909995,51.22525641453652
599,51.22525641453652,55.12195680908083
600,55.12195680908083,59.70069884886871
601,59.70069884886871,62.970509284278315
602,62.970509284278315,63.693139756352004
603,63.693139756352004,61.788468157635066
604,61.788468157635066,57.90200345328067
605,57.90200345328067,53.05011655989344
606,53.05011655989344,48.53139690518354
607,48.53139690518354,45.57000275058579
608,45.57000275058579,44.82869839660664
609,44.82869839660664,46.15769811184624
610,46.15769811184624,48.554589324682986
611,48.554589324682986,50.59417283488384
612,50.59417283488384,51.53725493709227
613,51.53725493709227,52.13204805995849
614,52.13204805995849,53.921176898626676
615,53.921176898626676,57.571666202194834
616,57.571666202194834,61.9527278174933
617,61.9527278174933,64.8156511984732
618,64.8156511984732,64.2914653755698
619,64.2914653755698,59.938509618226924
620,59.938509618226924,52.9091519282186
621,52.9091519282186,45.52958276499122
622,45.52958276499122,40.35251911085389
623,40.35251911085389,38.78287771378819
624,38.78287771378819,40.20259963387112
625,40.20259963387112,42.485697651312066
626,42.485697651312066,43.64035358061429
627,43.64035358061429,43.28502449318347
628,43.28502449318347,42.646571801450484
629,42.646571801450484,42.97025663068439
630,42.97025663068439,44.02166587877726
631,44.02166587877726,44.51716405776324
632,44.51716405776324,43.84452759392424
633,43.84452759392424,42.605376239308285
634,42.605376239308285,41.5230853297461
635,41.5230853297461,40.71193536764669
636,40.71193536764669,40.080118085302566
637,40.080118085302566,39.68648934363235
638,39.68648934363235,39.54302403854237
639,39.54302403854237,64.83015041974008
640,64.83015041974008,63.83229535736972
641,63.83229535736972,61.86728120379138
642,61.86728120379138,59.192551848737
643,59.192551848737,56.45209509438476
644,56.45209509438476,54.42479144345269
645,54.42479144345269,53.31569215086624
646,53.31569215086624,52.242837025612516
647,52.242837025612516,49.73832863412075
648,49.73832863412075,45.101996089653525
649,45.101996089653525,39.27376040126763
650,39.27376040126763,34.17296199377886
651,34.17296199377886,31.178413642267728
652,31.178413642267728,30.26462332734004
653,30.26462332734004,30.469215849265105
654,30.469215849265105,31.100694635946283
655,31.100694635946283,32.41011828852764
656,32.41011828852764,34.838351224781306
657,34.838351224781306,37.70007700956212
658,37.70007700956212,39.287168534063944
659,39.287168534063944,38.684301375126864
660,38.684301375126864,36.94296990006298
661,36.94296990006298,35.94161814694204
662,35.94161814694204,36.43348810197455
663,36.43348810197455,37.617462740319006
664,37.617462740319006,38.28405993594903
665,38.28405993594903,37.874760426650255
666,37.874760426650255,36.463547364113296
667,36.463547364113296,34.32197025693156
668,34.32197025693156,31.86107483928079
669,31.86107483928079,29.613664196710282
670,29.613664196710282,27.84880896324586
671,27.84880896324586,26.376764310842574
672,26.376764310842574,24.892038893189564
673,24.892038893189564,23.31782992347246
674,23.31782992347246,21.84220519422523
675,21.84220519422523,20.880704792788407
676,20.880704792788407,20.79590446321075
677,20.79590446321075,21.34878115311874
678,21.34878115311874,21.72103789622396
679,21.72103789622396,21.454341322410503
680,21.454341322410503,21.038652572462418
681,21.038652572462418,21.140102531715023
682,21.140102531715023,21.48077268467085
683,21.48077268467085,21.063961984401395
684,21.063961984401395,19.556376535234477
685,19.556376535234477,17.889726283903588
686,17.889726283903588,17.236329091052067
687,17.236329091052067,17.802229500039385
688,17.802229500039385,18.878937664808504
689,18.878937664808504,19.6544554270595
690,19.6544554270595,19.797139447110386
691,19.797139447110386,19.819418488932726
692,19.819418488932726,21.31681617130942
693,21.31681617130942,26.280488829143092
694,26.280488829143092,35.023811837179025
695,35.023811837179025,44.35257276697597
696,44.35257276697597,48.869100494915
697,48.869100494915,45.42598333457217
698,45.42598333457217,36.04906042374027
699,36.04906042374027,25.839497274980317
700,25.839497274980317,18.6598657868882
701,18.6598657868882,15.218817966321755
702,15.218817966321755,14.171662232775361
