,Curvature_n,Curvature_n1
0,101.0312871950944,99.6374180365758
1,99.6374180365758,97.36301418947511
2,97.36301418947511,94.54937935943032
3,94.54937935943032,91.28726663442463
4,91.28726663442463,88.02586054600044
5,88.02586054600044,85.67508572206482
6,85.67508572206482,85.0640532186426
7,85.0640532186426,86.61103003130773
8,86.61103003130773,90.18033223444695
9,90.18033223444695,94.84857450774115
10,94.84857450774115,99.1391398786866
11,99.1391398786866,101.88272947345797
12,101.88272947345797,102.6818017019336
13,102.6818017019336,101.57741657677519
14,101.57741657677519,98.84325917467189
15,98.84325917467189,95.0990045889414
16,95.0990045889414,90.88635705333074
17,90.88635705333074,86.09127021507982
18,86.09127021507982,80.4133707387611
19,80.4133707387611,74.51494192447544
20,74.51494192447544,70.20403582758958
21,70.20403582758958,69.341164765876
22,69.341164765876,72.52151224624902
23,72.52151224624902,78.35532373144353
24,78.35532373144353,83.92907797181792
25,83.92907797181792,86.74427061950917
26,86.74427061950917,86.71278505506024
27,86.71278505506024,86.2388041893577
28,86.2388041893577,88.32077948731795
29,88.32077948731795,94.09933704879182
30,94.09933704879182,101.41639850449806
31,101.41639850449806,105.80350305562725
32,105.80350305562725,103.8538507221664
33,103.8538507221664,96.20279208421113
34,96.20279208421113,87.05683767217644
35,87.05683767217644,80.83309884432494
36,80.83309884432494,79.17098757770438
37,79.17098757770438,80.68554282193541
38,80.68554282193541,82.99828671601321
39,82.99828671601321,84.69859901886824
40,84.69859901886824,85.52761108016725
41,85.52761108016725,85.4801530694358
42,85.4801530694358,84.52019772993631
43,84.52019772993631,83.12740267938
44,83.12740267938,82.47653919943821
45,82.47653919943821,83.80888468264942
46,83.80888468264942,87.65506238410478
47,87.65506238410478,93.48643614687853
48,93.48643614687853,99.85990622631687
49,99.85990622631687,104.91902560239718
50,104.91902560239718,107.11796281334027
51,107.11796281334027,105.92164955998925
52,105.92164955998925,102.05631086002735
53,102.05631086002735,97.07417027543781
54,97.07417027543781,92.4897988148802
55,92.4897988148802,89.17704219845945
56,89.17704219845945,87.3350534827878
57,87.3350534827878,86.5825568511639
58,86.5825568511639,86.05414023014762
59,86.05414023014762,84.92905572237612
60,84.92905572237612,83.0848951515216
61,83.0848951515216,81.145012231762
62,81.145012231762,79.92705220298093
63,79.92705220298093,83.21570166913163
64,83.21570166913163,83.78940856129076
65,83.78940856129076,85.22384403400555
66,85.22384403400555,87.3228125553248
67,87.3228125553248,89.05431343277566
68,89.05431343277566,89.18080577282498
69,89.18080577282498,87.30227443107506
70,87.30227443107506,84.42988474413352
71,84.42988474413352,82.3402642835233
72,82.3402642835233,81.99952041238741
73,81.99952041238741,82.76608173509499
74,82.76608173509499,83.45146831961509
75,83.45146831961509,83.82424078569008
76,83.82424078569008,84.6733793334636
77,84.6733793334636,86.62366665023367
78,86.62366665023367,89.17603737596333
79,89.17603737596333,90.81607313796005
80,90.81607313796005,90.0040043362559
81,90.0040043362559,86.33309476037694
82,86.33309476037694,80.93673345495066
83,80.93673345495066,75.78722597052179
84,75.78722597052179,72.46536004790747
85,72.46536004790747,71.29080111099526
86,71.29080111099526,71.46428331517274
87,71.46428331517274,72.02871222218965
88,72.02871222218965,72.58739792499844
89,72.58739792499844,73.2057266057641
90,73.2057266057641,74.09981274391276
91,74.09981274391276,75.54487311836652
92,75.54487311836652,77.72291813450889
93,77.72291813450889,80.42614375657402
94,80.42614375657402,82.99131172536717
95,82.99131172536717,84.58697379692876
96,84.58697379692876,84.64245489296309
97,84.64245489296309,83.20737859061492
98,83.20737859061492,80.8905825354964
99,80.8905825354964,78.382789307373
100,78.382789307373,76.1145032462218
101,76.1145032462218,74.51368026572449
102,74.51368026572449,74.41727361329092
103,74.41727361329092,76.64580443407228
104,76.64580443407228,80.80560056867765
105,80.80560056867765,84.947775960187
106,84.947775960187,87.08090212857178
107,87.08090212857178,86.76886657835126
108,86.76886657835126,84.63714017787943
109,84.63714017787943,80.72124195485677
110,80.72124195485677,74.3362956046134
111,74.3362956046134,65.74422402223686
112,65.74422402223686,57.27676776981511
113,57.27676776981511,52.33696709633789
114,52.33696709633789,53.04424543120608
115,53.04424543120608,58.65636044944882
116,58.65636044944882,66.23812205374567
117,66.23812205374567,72.85902969985983
118,72.85902969985983,77.12076631388538
119,77.12076631388538,79.15040240280743
120,79.15040240280743,80.00779539108387
121,80.00779539108387,81.12849608979265
122,81.12849608979265,83.46218247647666
123,83.46218247647666,86.6374000401724
124,86.6374000401724,89.33743688024938
125,89.33743688024938,90.70866418051646
126,90.70866418051646,91.05372294877348
127,91.05372294877348,79.49094996031559
128,79.49094996031559,79.37606770435927
129,79.37606770435927,80.1355366603017
130,80.1355366603017,82.18109905354986
131,82.18109905354986,84.32652488832612
132,84.32652488832612,84.63657550455957
133,84.63657550455957,82.17091037887027
134,82.17091037887027,77.85939457004682
135,77.85939457004682,73.78262889959443
136,73.78262889959443,71.5277398472951
137,71.5277398472951,70.99192073028937
138,70.99192073028937,70.5792453849997
139,70.5792453849997,68.60153266303861
140,68.60153266303861,64.7410568197082
141,64.7410568197082,60.40146106180742
142,60.40146106180742,57.698037013446026
143,57.698037013446026,57.840194564007305
144,57.840194564007305,60.288339536459574
145,60.288339536459574,63.47008926149928
146,63.47008926149928,66.20068526109128
147,66.20068526109128,68.27649392046632
148,68.27649392046632,69.90795309631892
149,69.90795309631892,70.99442849066807
150,70.99442849066807,71.13047245037622
151,71.13047245037622,70.15079898894514
152,70.15079898894514,68.4656180299983
153,68.4656180299983,66.80266906797326
154,66.80266906797326,65.7282051886884
155,65.7282051886884,65.50412844164798
156,65.50412844164798,66.23044131703116
157,66.23044131703116,67.86870900598807
158,67.86870900598807,70.13513521980752
159,70.13513521980752,72.50456072137384
160,72.50456072137384,74.41886667256443
161,74.41886667256443,75.43116059122966
162,75.43116059122966,75.15093918532055
163,75.15093918532055,73.27519732892483
164,73.27519732892483,70.03256516460037
165,70.03256516460037,66.6456554289654
166,66.6456554289654,64.9989212475253
167,64.9989212475253,66.32653703895188
168,66.32653703895188,69.99441728653079
169,69.99441728653079,73.79462922658992
170,73.79462922658992,75.72101814527164
171,75.72101814527164,75.42754340080877
172,75.42754340080877,73.91809762329426
173,73.91809762329426,72.03038693846264
174,72.03038693846264,69.54906810044076
175,69.54906810044076,65.9462634301254
176,65.9462634301254,61.76115005351612
177,61.76115005351612,58.77275055377429
178,58.77275055377429,58.54902531676199
179,58.54902531676199,60.97876369397688
180,60.97876369397688,64.34962049400943
181,64.34962049400943,66.5815027921082
182,66.5815027921082,66.31535422956284
183,66.31535422956284,63.347271835428714
184,63.347271835428714,58.60465327479449
185,58.60465327479449,53.78370051375653
186,53.78370051375653,50.5861406475056
187,50.5861406475056,49.69509644280363
188,49.69509644280363,50.315349606567686
189,50.315349606567686,51.07225145249416
190,51.07225145249416,51.3599470937592
191,51.3599470937592,61.0718817839809
192,61.0718817839809,61.343711823193104
193,61.343711823193104,62.150273159858465
194,62.150273159858465,63.44363840263587
195,63.44363840263587,64.51835743914232
196,64.51835743914232,64.41604216309264
197,64.41604216309264,62.74885386930998
198,62.74885386930998,60.138235607990204
199,60.138235607990204,57.824108093607755
200,57.824108093607755,56.657064918700044
201,56.657064918700044,56.35168163995165
202,56.35168163995165,55.90074242700578
203,55.90074242700578,54.852069696634686
204,54.852069696634686,53.97823750267679
205,53.97823750267679,54.56604922027084
206,54.56604922027084,57.14754071605155
207,57.14754071605155,60.95076741664636
208,60.95076741664636,64.52689472745082
209,64.52689472745082,66.87179085712691
210,66.87179085712691,68.11620801986273
211,68.11620801986273,69.21888586587355
212,69.21888586587355,70.81916478860677
213,70.81916478860677,72.29432745284618
214,72.29432745284618,72.0092693320266
215,72.0092693320266,68.55873891546133
216,68.55873891546133,62.11154637669559
217,62.11154637669559,54.92787497476739
218,54.92787497476739,50.240022443258425
219,50.240022443258425,50.000880890507005
220,50.000880890507005,53.54473665443328
221,53.54473665443328,58.41509368764427
222,58.41509368764427,62.30048681854955
223,62.30048681854955,64.35766408781966
224,64.35766408781966,65.1937523413009
225,65.1937523413009,65.86107073936373
226,65.86107073936373,66.81523992729362
227,66.81523992729362,67.60705533191089
228,67.60705533191089,67.2993223979365
229,67.2993223979365,65.24924200963737
230,65.24924200963737,61.815185695535156
231,61.815185695535156,58.373034435965735
232,58.373034435965735,56.48495350986945
233,56.48495350986945,56.8594430160676
234,56.8594430160676,58.91067245704163
235,58.91067245704163,61.217327579684735
236,61.217327579684735,62.52581927120688
237,62.52581927120688,62.52615535836341
238,62.52615535836341,61.69824351976754
239,61.69824351976754,60.52825994529985
240,60.52825994529985,59.150903923243064
241,59.150903923243064,57.65856001966242
242,57.65856001966242,56.21239873675306
243,56.21239873675306,54.786123981116404
244,54.786123981116404,53.08966299697578
245,53.08966299697578,50.86511597518712
246,50.86511597518712,48.21853440267657
247,48.21853440267657,45.83449209841156
248,45.83449209841156,45.131651520143805
249,45.131651520143805,47.888217666912595
250,47.888217666912595,54.5721268711616
251,54.5721268711616,62.47748749698525
252,62.47748749698525,66.91177313865899
253,66.91177313865899,65.91326747317476
254,65.91326747317476,62.96844887954553
255,62.96844887954553,94.09295460901367
256,94.09295460901367,90.376571135404
257,90.376571135404,83.81293647787595
258,83.81293647787595,78.42413342194895
259,78.42413342194895,79.73870942065909
260,79.73870942065909,89.09719407221019
261,89.09719407221019,101.6155620262266
262,101.6155620262266,110.78128917525254
263,110.78128917525254,113.64344532088083
264,113.64344532088083,111.60363414464639
265,111.60363414464639,108.4015156766087
266,108.4015156766087,107.72142961416678
267,107.72142961416678,110.60970989440418
268,110.60970989440418,114.14541951698664
269,114.14541951698664,113.31138084535175
270,113.31138084535175,104.55528120398105
271,104.55528120398105,88.4655290007559
272,88.4655290007559,70.04784560490127
273,70.04784560490127,55.37385903814856
274,55.37385903814856,46.60688139342218
275,46.60688139342218,41.16059288592383
276,41.16059288592383,36.547239275423046
277,36.547239275423046,34.26999226754354
278,34.26999226754354,37.28050081674975
279,37.28050081674975,45.07135739841013
280,45.07135739841013,53.77449147390361
281,53.77449147390361,60.85920252899443
282,60.85920252899443,66.99521913005924
283,66.99521913005924,72.5747943020696
284,72.5747943020696,75.2690718919248
285,75.2690718919248,72.76587497952795
286,72.76587497952795,65.77273849567828
287,65.77273849567828,57.17077519528888
288,57.17077519528888,49.906129771674614
289,49.906129771674614,45.85974357001025
290,45.85974357001025,44.57782686806034
291,44.57782686806034,43.00915758655347
292,43.00915758655347,38.36044033449141
293,38.36044033449141,31.364116354171415
294,31.364116354171415,26.052724927426798
295,26.052724927426798,26.4144970050058
296,26.4144970050058,33.014071771520015
297,33.014071771520015,41.99121535033135
298,41.99121535033135,47.555876662927865
299,47.555876662927865,46.41779892810983
300,46.41779892810983,40.22792430273666
301,40.22792430273666,33.84923723721495
302,33.84923723721495,31.203489759383576
303,31.203489759383576,32.30860716946484
304,32.30860716946484,34.256877020169945
305,34.256877020169945,35.11277943503521
306,35.11277943503521,35.71665183265758
307,35.71665183265758,37.163561906066874
308,37.163561906066874,38.36714282801791
309,38.36714282801791,37.42752000448116
310,37.42752000448116,33.89638436237521
311,33.89638436237521,28.511032069551057
312,28.511032069551057,22.242494535303095
313,22.242494535303095,16.748735114998667
314,16.748735114998667,14.809916020196471
315,14.809916020196471,19.17231045808938
316,19.17231045808938,30.30405945634896
317,30.30405945634896,44.5005567963675
318,44.5005567963675,54.62330579371246
319,54.62330579371246,55.72833061000476
320,55.72833061000476,44.72597324535698
321,44.72597324535698,29.074566222829315
322,29.074566222829315,15.807640108617292
323,15.807640108617292,7.918853503455399
324,7.918853503455399,4.566514331330591
325,4.566514331330591,3.9173296145334024
326,3.9173296145334024,5.159998015456731
327,5.159998015456731,8.693477975936029
328,8.693477975936029,15.132337359296372
329,15.132337359296372,24.33908250881668
330,24.33908250881668,35.63960480095847
331,35.63960480095847,48.43478759425261
332,48.43478759425261,61.35019661087555
333,61.35019661087555,71.02973295980816
334,71.02973295980816,73.70402904068274
335,73.70402904068274,68.33145288954427
336,68.33145288954427,57.08451351926721
337,57.08451351926721,43.25724416735786
338,43.25724416735786,29.868604087730393
339,29.868604087730393,19.48382586224285
340,19.48382586224285,14.07314219930555
341,14.07314219930555,14.663928474635044
342,14.663928474635044,20.934879049364085
343,20.934879049364085,30.66647366575798
344,30.66647366575798,39.78904290567606
345,39.78904290567606,43.917541548310695
346,43.917541548310695,40.77291042513997
347,40.77291042513997,31.664502994925094
348,31.664502994925094,20.650675564289724
349,20.650675564289724,11.79198733918124
350,11.79198733918124,6.934552574445906
351,6.934552574445906,5.70425592367599
352,5.70425592367599,6.724289154320238
353,6.724289154320238,8.4123142352759
354,8.4123142352759,9.374325788885157
355,9.374325788885157,8.972047428437373
356,8.972047428437373,7.764638589841439
357,7.764638589841439,7.149429695000124
358,7.149429695000124,8.628025316221692
359,8.628025316221692,13.122883144362165
360,13.122883144362165,20.08832143899279
361,20.08832143899279,26.771145628377404
362,26.771145628377404,29.354904943458152
363,29.354904943458152,26.095328273525006
364,26.095328273525006,19.044583666415647
365,19.044583666415647,12.006200693775329
366,12.006200693775329,7.340601609226903
367,7.340601609226903,5.121945980771358
368,5.121945980771358,4.500153339971193
369,4.500153339971193,5.120498389668933
370,5.120498389668933,7.635311241449414
371,7.635311241449414,13.12266488158753
372,13.12266488158753,21.3860055619517
373,21.3860055619517,29.42216937204313
374,29.42216937204313,32.68303057106247
375,32.68303057106247,29.04237829350615
376,29.04237829350615,21.053922015572628
377,21.053922015572628,13.477456536088848
378,13.477456536088848,9.1608248502172
379,9.1608248502172,7.756841488451976
380,7.756841488451976,7.4436832906474075
381,7.4436832906474075,7.016882428290415
382,7.016882428290415,6.535611186010518
383,6.535611186010518,45.67832322597351
384,45.67832322597351,36.44203268593609
385,36.44203268593609,23.313149319137175
386,23.313149319137175,12.181846068716304
387,12.181846068716304,5.56308541235111
388,5.56308541235111,2.793688698849335
389,2.793688698849335,2.246321818219597
390,2.246321818219597,2.7038328679002688
391,2.7038328679002688,3.4822564625603496
392,3.4822564625603496,4.315884249971214
393,4.315884249971214,5.496269496045425
394,5.496269496045425,7.98738324624563
395,7.98738324624563,12.900788475385202
396,12.900788475385202,20.2806846215421
397,20.2806846215421,28.25861132941529
398,28.25861132941529,34.252113755019494
399,34.252113755019494,37.58934419249524
400,37.58934419249524,39.84250356238469
401,39.84250356238469,41.67387445198308
402,41.67387445198308,41.10242238068504
403,41.10242238068504,36.74285802084435
404,36.74285802084435,31.10877638958394
405,31.10877638958394,28.255206567033046
406,28.255206567033046,28.86537120462712
407,28.86537120462712,29.817502562921163
408,29.817502562921163,28.446862463325264
409,28.446862463325264,25.24751385582034
410,25.24751385582034,21.949262253495633
411,21.949262253495633,18.82228451960544
412,18.82228451960544,15.12668856221315
413,15.12668856221315,10.97754372731847
414,10.97754372731847,7.457697575672595
415,7.457697575672595,5.3095312000831525
416,5.3095312000831525,4.374637707412141
417,4.374637707412141,4.157235048020934
418,4.157235048020934,4.5557923813087955
419,4.5557923813087955,6.0726691713384655
420,6.0726691713384655,9.34816633084233
421,9.34816633084233,14.34911567889987
422,14.34911567889987,19.878824562221805
423,19.878824562221805,24.019621034972452
424,24.019621034972452,25.334462818942164
425,25.334462818942164,23.832757378980858
426,23.832757378980858,20.663944765079112
427,20.663944765079112,16.922037417836844
428,16.922037417836844,13.104198052970908
429,13.104198052970908,9.560924498414842
430,9.560924498414842,6.8128260277202894
431,6.8128260277202894,5.33268815428512
432,5.33268815428512,5.4428038682165525
433,5.4428038682165525,7.340777347350055
434,7.340777347350055,10.782295577550963
435,10.782295577550963,14.707541484771173
436,14.707541484771173,18.01549999669162
437,18.01549999669162,21.121076637834342
438,21.121076637834342,26.14265312327608
439,26.14265312327608,34.70211516738162
440,34.70211516738162,45.63144357619453
441,45.63144357619453,55.30524475928471
442,55.30524475928471,60.50777015518041
443,60.50777015518041,61.26981566114064
444,61.26981566114064,60.64308062222777
445,60.64308062222777,61.25020459515847
446,61.25020459515847,62.56464315001426
447,62.56464315001426,43.81199437285161
448,43.81199437285161,36.66471260241663
449,36.66471260241663,25.966760409654714
450,25.966760409654714,16.028944207477302
451,16.028944207477302,9.423382164291823
452,9.423382164291823,6.793214798680218
453,6.793214798680218,7.777864474475875
454,7.777864474475875,11.494367213818913
455,11.494367213818913,16.35712212907457
456,16.35712212907457,20.106660103971016
457,20.106660103971016,20.799122034410775
458,20.799122034410775,18.22258858427999
459,18.22258858427999,14.178766881783606
460,14.178766881783606,11.028956571493834
461,11.028956571493834,9.8929143469766
462,9.8929143469766,10.153788522136102
463,10.153788522136102,10.416564129898584
464,10.416564129898584,9.770717697912547
465,9.770717697912547,8.276784414695145
466,8.276784414695145,6.6019121393562585
467,6.6019121393562585,5.437591404201731
468,5.437591404201731,5.122418248144092
469,5.122418248144092,5.513648916739516
470,5.513648916739516,6.125305896805762
471,6.125305896805762,6.48335478188879
472,6.48335478188879,6.387574175012225
473,6.387574175012225,5.9159405971022245
474,5.9159405971022245,5.325167381461316
475,5.325167381461316,4.915147162695514
476,4.915147162695514,4.812913365301824
477,4.812913365301824,4.920412010311218
478,4.920412010311218,5.267385904571748
479,5.267385904571748,6.468172064230027
480,6.468172064230027,9.732775877629697
481,9.732775877629697,16.00567738465991
482,16.00567738465991,24.45679949394095
483,24.45679949394095,31.864672351394592
484,31.864672351394592,34.643260136984544
485,34.643260136984544,32.16407641249332
486,32.16407641249332,27.34129455952816
487,27.34129455952816,23.50501939634986
488,23.50501939634986,21.57676144504158
489,21.57676144504158,20.60598789054883
490,20.60598789054883,19.74869984765219
491,19.74869984765219,18.799060059423745
492,18.799060059423745,17.63943894715413
493,17.63943894715413,16.280893486072436
494,16.280893486072436,15.185325870875495
495,15.185325870875495,14.86323550874932
496,14.86323550874932,15.286524137709485
497,15.286524137709485,16.01964863675451
498,16.01964863675451,16.764703280609957
499,16.764703280609957,17.440970279845164
500,17.440970279845164,17.769140415924127
501,17.769140415924127,17.113159009923073
502,17.113159009923073,14.98872849631858
503,14.98872849631858,11.746872610375323
504,11.746872610375323,8.662923825878647
505,8.662923825878647,7.325084632237502
506,7.325084632237502,8.800986788291988
507,8.800986788291988,12.941588002447157
508,12.941588002447157,18.21544628976189
509,18.21544628976189,22.59074255506594
510,22.59074255506594,24.867197443763622
511,24.867197443763622,55.368155786383326
512,55.368155786383326,47.6498228862784
513,47.6498228862784,35.498192404432515
514,35.498192404432515,23.085464147160245
515,23.085464147160245,13.268199524131285
516,13.268199524131285,7.0574355160822915
517,7.0574355160822915,4.148637651829927
518,4.148637651829927,3.6288212232162382
519,3.6288212232162382,4.472870778484624
520,4.472870778484624,5.762711287848339
521,5.762711287848339,6.757528493332473
522,6.757528493332473,7.0030934171892
523,7.0030934171892,6.462569857117862
524,6.462569857117862,5.485112430431682
525,5.485112430431682,4.586774593645301
526,4.586774593645301,4.193270925832898
527,4.193270925832898,4.461907475126055
528,4.461907475126055,5.18710767597549
529,5.18710767597549,5.88927850810406
530,5.88927850810406,6.132497263516231
531,6.132497263516231,5.794856264607459
532,5.794856264607459,5.062203216037419
533,5.062203216037419,4.268264870156807
534,4.268264870156807,3.73770774789189
535,3.73770774789189,3.628884352783161
536,3.628884352783161,3.855098938005616
537,3.855098938005616,4.181765140861366
538,4.181765140861366,4.385442348964287
539,4.385442348964287,4.331657430170159
540,4.331657430170159,3.9891454791773406
541,3.9891454791773406,3.431932798584909
542,3.431932798584909,2.811189230460691
543,2.811189230460691,2.2971983690156383
544,2.2971983690156383,2.016911594201826
545,2.016911594201826,2.0020418964767766
546,2.0020418964767766,2.174224172287963
547,2.174224172287963,2.3896376101763703
548,2.3896376101763703,2.5463905806043208
549,2.5463905806043208,2.6988438046840715
550,2.6988438046840715,3.128595290375631
551,3.128595290375631,4.315674877962873
552,4.315674877962873,6.888832347422288
553,6.888832347422288,11.413217674318073
554,11.413217674318073,17.616713428378855
555,17.616713428378855,23.474021197120727
556,23.474021197120727,25.856133723672293
557,25.856133723672293,23.138698031360235
558,23.138698031360235,16.929281092810264
559,16.929281092810264,10.564123883254885
560,10.564123883254885,6.3442279824777446
561,6.3442279824777446,4.624500437056491
562,4.624500437056491,4.72169044149515
563,4.72169044149515,5.810396796620724
564,5.810396796620724,7.184683119838737
565,7.184683119838737,8.368487258736799
566,8.368487258736799,9.286712897815693
567,9.286712897815693,10.328077995253315
568,10.328077995253315,12.094604391372005
569,12.094604391372005,14.683586832166121
570,14.683586832166121,17.01649313890362
571,17.01649313890362,17.319612492636512
572,17.319612492636512,14.84321513120424
573,14.84321513120424,10.931364387157096
574,10.931364387157096,8.077073010138657
575,8.077073010138657,88.92941784957982
576,88.92941784957982,80.08710920758642
577,80.08710920758642,65.06719198037317
578,65.06719198037317,49.155124152799445
579,49.155124152799445,38.15475885428148
580,38.15475885428148,34.57988025833697
581,34.57988025833697,35.90038558134423
582,35.90038558134423,37.1972360621905
583,37.1972360621905,35.48159753503987
584,35.48159753503987,30.99635474111549
585,30.99635474111549,25.175556997922868
586,25.175556997922868,19.070531744374954
587,19.070531744374954,13.639898519392135
588,13.639898519392135,9.814194073709334
589,9.814194073709334,7.749418434975468
590,7.749418434975468,6.810711199820127
591,6.810711199820127,6.545017122674251
592,6.545017122674251,7.269742087830039
593,7.269742087830039,9.56488405817697
594,9.56488405817697,13.314255914652597
595,13.314255914652597,17.25877968275462
596,17.25877968275462,19.60244798388527
597,19.60244798388527,19.29861041784745
598,19.29861041784745,16.83036287461104
599,16.83036287461104,13.719396415146463
600,13.719396415146463,11.356586846547518
601,11.356586846547518,10.467106940832892
602,10.467106940832892,11.671123961076232
603,11.671123961076232,16.112801035365813
604,16.112801035365813,24.73115464102384
605,24.73115464102384,36.32684028869636
606,36.32684028869636,46.960709473697854
607,46.960709473697854,52.56695347072485
608,52.56695347072485,52.19526269294142
609,52.19526269294142,47.581998054005844
610,47.581998054005844,40.23326681326477
611,40.23326681326477,30.861751249864838
612,30.861751249864838,21.04720501782293
613,21.04720501782293,13.147057001525766
614,13.147057001525766,8.468124012999034
615,8.468124012999034,6.671229326371202
616,6.671229326371202,6.703769092593518
617,6.703769092593518,7.516337347932692
618,7.516337347932692,8.163116683367889
619,8.163116683367889,8.004709090077517
620,8.004709090077517,7.032528635810275
621,7.032528635810275,5.777798498851387
622,5.777798498851387,4.797504646133815
623,4.797504646133815,4.247014406926603
624,4.247014406926603,3.9377113290033883
625,3.9377113290033883,3.6921192196348596
626,3.6921192196348596,3.562887745151369
627,3.562887745151369,3.8173640226447643
628,3.8173640226447643,4.8762243647375785
629,4.8762243647375785,7.394572174708907
630,7.394572174708907,12.14319002805904
631,12.14319002805904,19.115406162601744
632,19.115406162601744,26.366029653938824
633,26.366029653938824,30.491728121082705
634,30.491728121082705,29.258400475646766
635,29.258400475646766,23.589284120006404
636,23.589284120006404,16.549853457154477
637,16.549853457154477,10.88364724287232
638,10.88364724287232,7.892910391025593
639,7.892910391025593,76.95375978258419
640,76.95375978258419,65.20744511232292
641,65.20744511232292,47.67148657364704
642,47.67148657364704,31.170357451291483
643,31.170357451291483,19.2004955650223
644,19.2004955650223,11.895781753658108
645,11.895781753658108,8.031596262531657
646,8.031596262531657,6.355561262811456
647,6.355561262811456,5.812147031993385
648,5.812147031993385,5.514360468053119
649,5.514360468053119,4.928226829170175
650,4.928226829170175,4.049675747446682
651,4.049675747446682,3.212060313018674
652,3.212060313018674,2.662408784768536
653,2.662408784768536,2.3790764134802456
654,2.3790764134802456,2.2033500054247153
655,2.2033500054247153,2.041655581284725
656,2.041655581284725,1.9197621724304255
657,1.9197621724304255,1.8986174459675578
658,1.8986174459675578,1.9796676007674028
659,1.9796676007674028,2.0868397852835994
660,2.0868397852835994,2.122443655326064
661,2.122443655326064,2.050900417776996
662,2.050900417776996,1.9451151797688904
663,1.9451151797688904,1.9262755718819258
664,1.9262755718819258,2.039512872704786
665,2.039512872704786,2.23315660698664
666,2.23315660698664,2.4664604899556233
667,2.4664604899556233,2.7470863918106545
668,2.7470863918106545,3.0189775683320406
669,3.0189775683320406,3.1182286913634987
670,3.1182286913634987,2.9493335603739537
671,2.9493335603739537,2.6737252977285717
672,2.6737252977285717,2.677327139135582
673,2.677327139135582,3.3235349893461836
674,3.3235349893461836,4.619982895703613
675,4.619982895703613,6.021283669903429
676,6.021283669903429,6.691723961679367
677,6.691723961679367,6.182286767037282
678,6.182286767037282,4.835082587946113
679,4.835082587946113,3.4242282962806816
680,3.4242282962806816,2.4784115529113473
681,2.4784115529113473,2.013205262282203
682,2.013205262282203,1.7687430939117428
683,1.7687430939117428,1.550505282686311
684,1.550505282686311,1.351731499198677
685,1.351731499198677,1.2564958329002949
686,1.2564958329002949,1.3130374097714657
687,1.3130374097714657,1.4978087164459506
688,1.4978087164459506,1.7481875647911607
689,1.7481875647911607,2.0017450847963563
690,2.0017450847963563,2.247194289298725
691,2.247194289298725,2.544005464094406
692,2.544005464094406,2.9450172748353465
693,2.9450172748353465,3.401895526382577
694,3.401895526382577,3.827221631905402
695,3.827221631905402,4.2411738293438095
696,4.2411738293438095,4.705763595821149
697,4.705763595821149,5.079743608798042
698,5.079743608798042,5.044994186151415
699,5.044994186151415,4.484333927644505
700,4.484333927644505,3.67095381407267
701,3.67095381407267,2.9969491739405525
702,2.9969491739405525,2.655452221308272
