,Curvature_n,Curvature_n1
0,65.50654180659137,65.58205597244664
1,65.58205597244664,66.74229286592912
2,66.74229286592912,69.62831611004884
3,69.62831611004884,73.39283319146648
4,73.39283319146648,76.06587138706688
5,76.06587138706688,76.08616005410767
6,76.08616005410767,73.5383156377311
7,73.5383156377311,69.82511260551657
8,69.82511260551657,66.29503348931152
9,66.29503348931152,63.56556422289843
10,63.56556422289843,62.085555740872095
11,62.085555740872095,62.45406868596517
12,62.45406868596517,64.47663094284418
13,64.47663094284418,66.45540440776887
14,66.45540440776887,66.45372962121064
15,66.45372962121064,64.24285636890521
16,64.24285636890521,61.145974158914136
17,61.145974158914136,58.19300607829679
18,58.19300607829679,55.43150856463613
19,55.43150856463613,52.916627885318846
20,52.916627885318846,51.37455916225679
21,51.37455916225679,51.62374247417232
22,51.62374247417232,53.53862355946265
23,53.53862355946265,55.556982792418395
24,55.556982792418395,55.53298557932711
25,55.53298557932711,52.731232214308775
26,52.731232214308775,48.78711092087517
27,48.78711092087517,46.05283404162541
28,46.05283404162541,45.23569074165951
29,45.23569074165951,45.11388088857564
30,45.11388088857564,44.21009659025309
31,44.21009659025309,42.199084670004225
32,42.199084670004225,39.8284682287012
33,39.8284682287012,37.96190033261459
34,37.96190033261459,36.88849140452239
35,36.88849140452239,36.390593745300805
36,36.390593745300805,36.28317236037599
37,36.28317236037599,36.81114536360923
38,36.81114536360923,38.51552335955152
39,38.51552335955152,41.67639410832528
40,41.67639410832528,45.85227426075433
41,45.85227426075433,50.10216829754705
42,50.10216829754705,53.80795004744037
43,53.80795004744037,57.10996297041737
44,57.10996297041737,60.31223438386253
45,60.31223438386253,63.18902166708108
46,63.18902166708108,65.33308223263393
47,65.33308223263393,66.80469021957947
48,66.80469021957947,67.84139714081309
49,67.84139714081309,68.25044869080077
50,68.25044869080077,67.67364490789569
51,67.67364490789569,66.16464034254162
52,66.16464034254162,64.04677006759076
53,64.04677006759076,61.34659199979164
54,61.34659199979164,57.77527776140174
55,57.77527776140174,53.36956188341955
56,53.36956188341955,48.92479951046338
57,48.92479951046338,45.54906852911893
58,45.54906852911893,43.805732473396596
59,43.805732473396596,43.378109351283186
60,43.378109351283186,43.457522328506585
61,43.457522328506585,43.42522251404619
62,43.42522251404619,43.26007430149006
63,43.26007430149006,54.88057726891868
64,54.88057726891868,53.83520436318028
65,53.83520436318028,53.19275978698177
66,53.19275978698177,54.34975772609279
67,54.34975772609279,57.26716583543697
68,57.26716583543697,60.50748366244906
69,60.50748366244906,62.39029026772464
70,62.39029026772464,62.14206450048748
71,62.14206450048748,60.283418201584055
72,60.283418201584055,58.23069510559943
73,58.23069510559943,57.48394462854909
74,57.48394462854909,58.857549536969024
75,58.857549536969024,62.11256166395964
76,62.11256166395964,66.19829935190617
77,66.19829935190617,69.96037811848642
78,69.96037811848642,72.62536836730257
79,72.62536836730257,73.59811312969583
80,73.59811312969583,72.34569958958883
81,72.34569958958883,69.08618446828939
82,69.08618446828939,65.14923971831776
83,65.14923971831776,61.96043016357348
84,61.96043016357348,59.984937918127734
85,59.984937918127734,59.09154164278756
86,59.09154164278756,59.335695077936464
87,59.335695077936464,60.697710051688844
88,60.697710051688844,62.53855792164592
89,62.53855792164592,64.03697450290687
90,64.03697450290687,65.05828335014748
91,65.05828335014748,66.15144542180349
92,66.15144542180349,67.72958211094334
93,67.72958211094334,69.52904276509551
94,69.52904276509551,70.89350786827458
95,70.89350786827458,71.48920141722519
96,71.48920141722519,71.73242758712112
97,71.73242758712112,72.41709324580896
98,72.41709324580896,73.79010578201274
99,73.79010578201274,75.11312471093618
100,75.11312471093618,75.298783052893
101,75.298783052893,73.96328347509991
102,73.96328347509991,71.78136349024204
103,71.78136349024204,69.83511812527787
104,69.83511812527787,68.74422883156207
105,68.74422883156207,68.47497267077995
106,68.47497267077995,68.75570925563494
107,68.75570925563494,69.25052674851051
108,69.25052674851051,69.37659714008257
109,69.37659714008257,68.59124563581828
110,68.59124563581828,67.23099398449848
111,67.23099398449848,66.56258781465625
112,66.56258781465625,67.48801449088361
113,67.48801449088361,69.50319364772466
114,69.50319364772466,71.32950097066644
115,71.32950097066644,72.28670019642091
116,72.28670019642091,72.73776662074138
117,72.73776662074138,73.34965633804035
118,73.34965633804035,74.19387381896247
119,74.19387381896247,74.65445499547229
120,74.65445499547229,74.15390055904027
121,74.15390055904027,72.89260959295139
122,72.89260959295139,71.90401162278052
123,71.90401162278052,72.37425837009344
124,72.37425837009344,74.6761362808781
125,74.6761362808781,77.85925031498343
126,77.85925031498343,80.14496963727811
127,80.14496963727811,58.06005057123299
128,58.06005057123299,58.296120193891625
129,58.296120193891625,59.97811473961181
130,59.97811473961181,63.797465903734434
131,63.797465903734434,68.68220533274128
132,68.68220533274128,72.55866795276069
133,72.55866795276069,74.11516314824861
134,74.11516314824861,73.50952897307249
135,73.50952897307249,71.51341759778195
136,71.51341759778195,68.48308578884351
137,68.48308578884351,64.41524327631265
138,64.41524327631265,59.6735743869277
139,59.6735743869277,55.32611147131661
140,55.32611147131661,52.689030539325984
141,52.689030539325984,52.37435048121233
142,52.37435048121233,53.68938360660201
143,53.68938360660201,55.20805414231218
144,55.20805414231218,56.05335962453587
145,56.05335962453587,56.40915261784474
146,56.40915261784474,56.8265482490786
147,56.8265482490786,57.42621849093136
148,57.42621849093136,57.91172016021777
149,57.91172016021777,58.08707537032389
150,58.08707537032389,58.09592653232231
151,58.09592653232231,58.14822552562212
152,58.14822552562212,58.14928499615536
153,58.14928499615536,57.696523335072825
154,57.696523335072825,56.387602685525536
155,56.387602685525536,54.0823865854063
156,54.0823865854063,51.06278532434231
157,51.06278532434231,48.121842282847055
158,48.121842282847055,46.19443177314044
159,46.19443177314044,45.56762725750227
160,45.56762725750227,45.60276142133836
161,45.60276142133836,45.47707084921423
162,45.47707084921423,45.023105362934054
163,45.023105362934054,44.63008611196716
164,44.63008611196716,44.477702625510915
165,44.477702625510915,44.15346240959367
166,44.15346240959367,43.1499065516839
167,43.1499065516839,41.65332117343421
168,41.65332117343421,40.556861833338104
169,40.556861833338104,40.548789372566496
170,40.548789372566496,41.441176184393065
171,41.441176184393065,42.622733910988536
172,42.622733910988536,43.91974445153234
173,43.91974445153234,45.70603853049206
174,45.70603853049206,48.27337692456933
175,48.27337692456933,51.236615814578656
176,51.236615814578656,53.55971540663096
177,53.55971540663096,54.35052618078788
178,54.35052618078788,53.79209907249973
179,53.79209907249973,53.02268557998218
180,53.02268557998218,52.84585426860048
181,52.84585426860048,52.857468361920255
182,52.857468361920255,52.09394731033656
183,52.09394731033656,50.17258574603724
184,50.17258574603724,47.4834014430485
185,47.4834014430485,44.66259100152548
186,44.66259100152548,42.375197871865105
187,42.375197871865105,41.38397740334684
188,41.38397740334684,42.16796211430253
189,42.16796211430253,44.19881970428476
190,44.19881970428476,45.92512954796964
191,45.92512954796964,57.3851086750011
192,57.3851086750011,52.789428648670935
193,52.789428648670935,45.50323645884801
194,45.50323645884801,38.36037718283016
195,38.36037718283016,34.14294833801517
196,34.14294833801517,34.91063926937882
197,34.91063926937882,41.347544051616794
198,41.347544051616794,52.26047942515707
199,52.26047942515707,64.66278115867215
200,64.66278115867215,74.72869208977188
201,74.72869208977188,79.59145326635826
202,79.59145326635826,78.94482091789308
203,78.94482091789308,74.81587503227254
204,74.81587503227254,69.4116119303214
205,69.4116119303214,63.31352845447116
206,63.31352845447116,56.07274542847252
207,56.07274542847252,48.17047577483824
208,48.17047577483824,41.860359379625784
209,41.860359379625784,40.12352901297492
210,40.12352901297492,44.44224350322601
211,44.44224350322601,52.818465327921665
212,52.818465327921665,60.185125235195045
213,60.185125235195045,61.905516822642426
214,61.905516822642426,57.412392742678065
215,57.412392742678065,50.42846204802429
216,50.42846204802429,45.67408774295861
217,45.67408774295861,45.20470317710046
218,45.20470317710046,47.34634902999934
219,47.34634902999934,48.7469566661767
220,48.7469566661767,47.46334328083437
221,47.46334328083437,44.24789239403737
222,44.24789239403737,41.25509307378319
223,41.25509307378319,39.927473742838735
224,39.927473742838735,40.08106496471884
225,40.08106496471884,40.55835395419065
226,40.55835395419065,40.37263646020984
227,40.37263646020984,39.218114704802716
228,39.218114704802716,37.29699825786385
229,37.29699825786385,35.113889614193724
230,35.113889614193724,33.44773383766625
231,33.44773383766625,33.183954083091834
232,33.183954083091834,34.78720759385841
233,34.78720759385841,37.78077084662125
234,37.78077084662125,40.88814846647479
235,40.88814846647479,42.80361933307943
236,42.80361933307943,42.72497401878701
237,42.72497401878701,40.38026981548523
238,40.38026981548523,36.193637557038144
239,36.193637557038144,31.601940066589684
240,31.601940066589684,28.599570420618846
241,28.599570420618846,28.29633317851045
242,28.29633317851045,29.92052003623543
243,29.92052003623543,31.62753728866729
244,31.62753728866729,32.3760044446699
245,32.3760044446699,32.65963312784513
246,32.65963312784513,33.33496450674626
247,33.33496450674626,34.26214245458305
248,34.26214245458305,34.45502070299221
249,34.45502070299221,33.250096812781074
250,33.250096812781074,31.099970764977147
251,31.099970764977147,29.437046262518557
252,29.437046262518557,29.65176189873075
253,29.65176189873075,31.68571564397444
254,31.68571564397444,33.689473855373016
255,33.689473855373016,47.159401724479025
256,47.159401724479025,45.08971574953598
257,45.08971574953598,41.559537300129236
258,41.559537300129236,37.77435909005112
259,37.77435909005112,35.08515178230701
260,35.08515178230701,34.3040433908698
261,34.3040433908698,35.475009676437
262,35.475009676437,38.03443020002986
263,38.03443020002986,40.930164185962994
264,40.930164185962994,42.99233429920365
265,42.99233429920365,43.62390085483399
266,43.62390085483399,42.977186174665405
267,42.977186174665405,41.36422617887663
268,41.36422617887663,38.88520628181372
269,38.88520628181372,35.86087681545296
270,35.86087681545296,33.257889915973294
271,33.257889915973294,32.255166216319395
272,32.255166216319395,33.39606295669144
273,33.39606295669144,36.33477502934367
274,36.33477502934367,40.26399335366966
275,40.26399335366966,44.32710508907249
276,44.32710508907249,47.63818638636821
277,47.63818638636821,49.34654855312026
278,49.34654855312026,49.08590274114971
279,49.08590274114971,47.332386373733115
280,47.332386373733115,45.067075294891964
281,45.067075294891964,43.07539808441881
282,43.07539808441881,41.657614409950796
283,41.657614409950796,40.818136568315225
284,40.818136568315225,40.46320913925767
285,40.46320913925767,40.451997663169706
286,40.451997663169706,40.59044587979611
287,40.59044587979611,40.57026646361092
288,40.57026646361092,39.98412015910356
289,39.98412015910356,38.60787803008492
290,38.60787803008492,36.70018040629433
291,36.70018040629433,34.952190957281765
292,34.952190957281765,34.12116837491763
293,34.12116837491763,34.63392849408293
294,34.63392849408293,36.35678837320083
295,36.35678837320083,38.73453260376459
296,38.73453260376459,41.32565897195973
297,41.32565897195973,44.19911779677693
298,44.19911779677693,47.67819037875804
299,47.67819037875804,51.71791616354358
300,51.71791616354358,55.55650734823237
301,55.55650734823237,58.00039229433613
302,58.00039229433613,58.301776105811555
303,58.301776105811555,57.06872498953777
304,57.06872498953777,56.18536305724892
305,56.18536305724892,57.38066257478964
306,57.38066257478964,60.74166384726028
307,60.74166384726028,64.7999440075141
308,64.7999440075141,68.03170639019183
309,68.03170639019183,70.12819993208407
310,70.12819993208407,71.94010748825482
311,71.94010748825482,74.21384599211068
312,74.21384599211068,76.36466156086041
313,76.36466156086041,76.97171936611929
314,76.97171936611929,75.77218994493222
315,75.77218994493222,74.44317457935568
316,74.44317457935568,74.79329898792074
317,74.79329898792074,76.72324747017811
318,76.72324747017811,78.4704601226574
319,78.4704601226574,66.39114194440089
320,66.39114194440089,66.05597365363566
321,66.05597365363566,65.67615586626792
322,65.67615586626792,65.70505922184803
323,65.70505922184803,66.3780980617992
324,66.3780980617992,67.35095539833839
325,67.35095539833839,67.83740049222396
326,67.83740049222396,67.20235182532221
327,67.20235182532221,65.42002400411647
328,65.42002400411647,63.04069834623867
329,63.04069834623867,60.90154516897485
330,60.90154516897485,59.6808949133426
331,59.6808949133426,59.25355731068959
332,59.25355731068959,58.65780787142823
333,58.65780787142823,57.31881723420618
334,57.31881723420618,56.07530122711663
335,56.07530122711663,56.23131487319365
336,56.23131487319365,57.72328675546758
337,57.72328675546758,58.975314998131616
338,58.975314998131616,58.72472935690982
339,58.72472935690982,57.50871890473097
340,57.50871890473097,56.99703075155068
341,56.99703075155068,58.0742061738383
342,58.0742061738383,60.08384520748213
343,60.08384520748213,61.881529715496626
344,61.881529715496626,62.88817623197906
345,62.88817623197906,62.948514338988346
346,62.948514338988346,61.861994736920245
347,61.861994736920245,59.527511843482856
348,59.527511843482856,56.45792707182423
349,56.45792707182423,53.90577078145264
350,53.90577078145264,53.152213139882456
351,53.152213139882456,54.47352123389919
352,54.47352123389919,56.96735256203498
353,56.96735256203498,59.452863361774476
354,59.452863361774476,61.29050464560641
355,61.29050464560641,62.31705772593317
356,62.31705772593317,62.44373962499091
357,62.44373962499091,61.60974800944655
358,61.60974800944655,59.97280241380344
359,59.97280241380344,57.94765095347327
360,57.94765095347327,56.03118945146884
361,56.03118945146884,54.53974330651563
362,54.53974330651563,53.42547883673271
363,53.42547883673271,52.417268176539906
364,52.417268176539906,51.42408940158208
365,51.42408940158208,50.59845585044293
366,50.59845585044293,49.87757435170101
367,49.87757435170101,48.867768080391485
368,48.867768080391485,47.5734629573048
369,47.5734629573048,46.8690635052679
370,46.8690635052679,47.595818478017534
371,47.595818478017534,49.27315493311839
372,49.27315493311839,50.2854877074529
373,50.2854877074529,49.41084529658045
374,49.41084529658045,46.807170019232835
375,46.807170019232835,43.61329175977444
376,43.61329175977444,41.09565221152216
377,41.09565221152216,40.15796808079991
378,40.15796808079991,41.01114378697119
379,41.01114378697119,42.9301571232816
380,42.9301571232816,44.63873339362151
381,44.63873339362151,45.34355185606053
382,45.34355185606053,45.34019440660432
383,45.34019440660432,64.13494074208029
384,64.13494074208029,64.27710856592762
385,64.27710856592762,62.74754264564852
386,62.74754264564852,58.072533971922596
387,58.072533971922596,50.94357231770526
388,50.94357231770526,43.918659570830215
389,43.918659570830215,39.722904223697604
390,39.722904223697604,39.751938633451644
391,39.751938633451644,43.424378124058364
392,43.424378124058364,48.52405332601212
393,48.52405332601212,52.49536581640935
394,52.49536581640935,54.061415912676495
395,54.061415912676495,54.008982652205226
396,54.008982652205226,54.37291878037041
397,54.37291878037041,56.51762701341674
398,56.51762701341674,59.867730717951616
399,59.867730717951616,62.603057765870204
400,62.603057765870204,63.4890497721851
401,63.4890497721851,62.72057140859786
402,62.72057140859786,61.13770240656777
403,61.13770240656777,59.31806940361663
404,59.31806940361663,57.63381664469584
405,57.63381664469584,56.527200699633134
406,56.527200699633134,56.19352151988436
407,56.19352151988436,56.21068095639873
408,56.21068095639873,55.85809746005383
409,55.85809746005383,54.81551840042938
410,54.81551840042938,53.509119751447294
411,53.509119751447294,52.87719932198833
412,52.87719932198833,53.82063384493651
413,53.82063384493651,56.613176536342635
414,56.613176536342635,60.44435066064384
415,60.44435066064384,63.48164264356912
416,63.48164264356912,63.96527807644077
417,63.96527807644077,61.69291176955338
418,61.69291176955338,58.33871491262203
419,58.33871491262203,56.30539272862799
420,56.30539272862799,57.43581807796086
421,57.43581807796086,62.320643465604896
422,62.320643465604896,69.92863524136553
423,69.92863524136553,78.03091421194571
424,78.03091421194571,84.9505996739437
425,84.9505996739437,90.93833006737123
426,90.93833006737123,96.95339359164068
427,96.95339359164068,102.16961657020192
428,102.16961657020192,103.83653710866969
429,103.83653710866969,100.0427748771674
430,100.0427748771674,91.8050656782554
431,91.8050656782554,81.97240531853885
432,81.97240531853885,72.81755599940342
433,72.81755599940342,65.27565811593963
434,65.27565811593963,59.72738415904415
435,59.72738415904415,56.34997002661417
436,56.34997002661417,54.735464052140316
437,54.735464052140316,53.960998003524566
438,53.960998003524566,53.24905524204681
439,53.24905524204681,52.35395020697938
440,52.35395020697938,51.51399931014046
441,51.51399931014046,51.230107532915405
442,51.230107532915405,51.87036489294112
443,51.87036489294112,53.42378477900624
444,53.42378477900624,55.649018367464464
445,55.649018367464464,58.068166100194006
446,58.068166100194006,59.74344910262012
447,59.74344910262012,39.45382432769104
448,39.45382432769104,41.23112408564824
449,41.23112408564824,43.8009121740877
450,43.8009121740877,45.681732012695264
451,45.681732012695264,45.856350783413454
452,45.856350783413454,44.47054929754823
453,44.47054929754823,42.42401078263424
454,42.42401078263424,40.37767910336454
455,40.37767910336454,38.503652448310845
456,38.503652448310845,37.02451090605841
457,37.02451090605841,36.33227150760006
458,36.33227150760006,36.55505112776003
459,36.55505112776003,37.60322662248053
460,37.60322662248053,39.58873627399046
461,39.58873627399046,42.4480887455937
462,42.4480887455937,45.04756894909576
463,45.04756894909576,45.550390446639014
464,45.550390446639014,43.26586003033889
465,43.26586003033889,39.658690671705436
466,39.658690671705436,36.925630421720435
467,36.925630421720435,35.91471492747701
468,35.91471492747701,35.917070194068174
469,35.917070194068174,36.01375012372876
470,36.01375012372876,35.998274164398104
471,35.998274164398104,36.26752975851496
472,36.26752975851496,37.32896654311483
473,37.32896654311483,39.22357813166796
474,39.22357813166796,41.17966982582831
475,41.17966982582831,42.188800078707104
476,42.188800078707104,42.10873073832015
477,42.10873073832015,41.74537491298061
478,41.74537491298061,41.645828281692296
479,41.645828281692296,41.232609041233616
480,41.232609041233616,39.55664847838243
481,39.55664847838243,36.76872960680796
482,36.76872960680796,34.4386623578739
483,34.4386623578739,34.36859702776711
484,34.36859702776711,37.345640975609655
485,37.345640975609655,42.8839663036335
486,42.8839663036335,49.63360408943127
487,49.63360408943127,55.991978818097
488,55.991978818097,60.97693772739953
489,60.97693772739953,64.98302095959029
490,64.98302095959029,69.34111477159803
491,69.34111477159803,74.68061840320374
492,74.68061840320374,79.8734585933174
493,79.8734585933174,82.90277946296479
494,82.90277946296479,82.68500802985204
495,82.68500802985204,79.82097287937594
496,79.82097287937594,75.72218118601927
497,75.72218118601927,71.41694772000878
498,71.41694772000878,67.12374350686405
499,67.12374350686405,62.54633425233488
500,62.54633425233488,57.74111931270198
501,57.74111931270198,53.95818110577115
502,53.95818110577115,53.12861823583462
503,53.12861823583462,55.9291136731338
504,55.9291136731338,60.67463046546276
505,60.67463046546276,64.55440825044266
506,64.55440825044266,65.76245153428229
507,65.76245153428229,64.48774456679968
508,64.48774456679968,62.315091144213284
509,62.315091144213284,60.755699931531424
510,60.755699931531424,60.16810260796223
511,60.16810260796223,54.38455543764442
512,54.38455543764442,54.51297456176171
513,54.51297456176171,55.07687034530766
514,55.07687034530766,56.06637354703477
515,56.06637354703477,56.79971634624761
516,56.79971634624761,56.43360452211208
517,56.43360452211208,54.858817347972234
518,54.858817347972234,52.97850614028718
519,52.97850614028718,52.06647692377699
520,52.06647692377699,52.94385325021063
521,52.94385325021063,55.69010059312166
522,55.69010059312166,59.67316663332454
523,59.67316663332454,63.58146305960919
524,63.58146305960919,65.80836328341745
525,65.80836328341745,65.34682875110562
526,65.34682875110562,62.458215564575795
527,62.458215564575795,58.40818495360887
528,58.40818495360887,54.606769928964574
529,54.606769928964574,51.9022778811139
530,51.9022778811139,50.40309177417235
531,50.40309177417235,49.831408287553
532,49.831408287553,50.06422974724343
533,50.06422974724343,51.42371127490546
534,51.42371127490546,54.46599223860713
535,54.46599223860713,59.30890942653312
536,59.30890942653312,64.92608001929945
537,64.92608001929945,69.28217955744702
538,69.28217955744702,70.65978714486332
539,70.65978714486332,68.97530600068524
540,68.97530600068524,65.6556232753234
541,65.6556232753234,62.39171765976535
542,62.39171765976535,60.102669896859894
543,60.102669896859894,58.70884410658354
544,58.70884410658354,57.59895261945182
545,57.59895261945182,56.51329428001704
546,56.51329428001704,56.000150755690626
547,56.000150755690626,56.6104104271115
548,56.6104104271115,57.65436556264699
549,57.65436556264699,57.52294168862624
550,57.52294168862624,55.557724652166016
551,55.557724652166016,52.94127660558768
552,52.94127660558768,51.34695924882645
553,51.34695924882645,51.284898869422044
554,51.284898869422044,52.05398531971322
555,52.05398531971322,52.65663047459522
556,52.65663047459522,52.51231070348328
557,52.51231070348328,51.85534553661482
558,51.85534553661482,51.64351793666627
559,51.64351793666627,52.696655296503735
560,52.696655296503735,54.86043301234629
561,54.86043301234629,57.298777719923436
562,57.298777719923436,59.464986873259484
563,59.464986873259484,61.26105493183623
564,61.26105493183623,62.27183132724195
565,62.27183132724195,61.68168324454409
566,61.68168324454409,59.30762797467026
567,59.30762797467026,56.184805290739504
568,56.184805290739504,53.833774264344406
569,53.833774264344406,53.23985073819149
570,53.23985073819149,54.46834411528523
571,54.46834411528523,56.75735773554225
572,56.75735773554225,59.00892882873283
573,59.00892882873283,60.50157651516504
574,60.50157651516504,61.15710258344569
575,61.15710258344569,62.222183362200504
576,62.222183362200504,59.412177149641856
577,59.412177149641856,55.03264919763104
578,55.03264919763104,50.68451559644603
579,50.68451559644603,47.55512409830564
580,47.55512409830564,46.157529585604124
581,46.157529585604124,46.36938740541308
582,46.36938740541308,47.764316442277064
583,47.764316442277064,50.109966431482924
584,50.109966431482924,53.438321980903225
585,53.438321980903225,57.513697608161756
586,57.513697608161756,61.43763104726071
587,61.43763104726071,64.19119354295114
588,64.19119354295114,65.59136859291395
589,65.59136859291395,66.36192337588284
590,66.36192337588284,67.1844255644023
591,67.1844255644023,67.96272484126072
592,67.96272484126072,68.08307760254691
593,68.08307760254691,67.07152270688951
594,67.07152270688951,64.94464472844707
595,64.94464472844707,62.32031676561327
596,62.32031676561327,60.20259424459815
597,60.20259424459815,59.090789032530346
598,59.090789032530346,58.29855776940147
599,58.29855776940147,56.682369901834555
600,56.682369901834555,54.058892494390804
601,54.058892494390804,51.57735541791764
602,51.57735541791764,50.685818744744076
603,50.685818744744076,51.858942480659096
604,51.858942480659096,54.259924823450554
605,54.259924823450554,56.56846014018463
606,56.56846014018463,58.096152131767
607,58.096152131767,58.98395520883466
608,58.98395520883466,59.34696849294651
609,59.34696849294651,58.680724049127335
610,58.680724049127335,56.470040871711134
611,56.470040871711134,53.19904619946378
612,53.19904619946378,50.433291874780636
613,50.433291874780636,49.7218831650785
614,49.7218831650785,51.40762084894135
615,51.40762084894135,54.59557867100453
616,54.59557867100453,58.16486315635484
617,58.16486315635484,61.44239510596732
618,61.44239510596732,63.94585021193994
619,63.94585021193994,65.15302730817893
620,65.15302730817893,65.00567658644307
621,65.00567658644307,64.28596393442027
622,64.28596393442027,63.887008926676074
623,63.887008926676074,63.697265403125385
624,63.697265403125385,62.601237180086386
625,62.601237180086386,59.81087844194096
626,59.81087844194096,56.07850673677716
627,56.07850673677716,53.32206740628965
628,53.32206740628965,53.04424605725166
629,53.04424605725166,55.24412084589056
630,55.24412084589056,58.5553911886343
631,58.5553911886343,61.08871265904409
632,61.08871265904409,61.507416416287995
633,61.507416416287995,59.83858362435879
634,59.83858362435879,57.25672586228579
635,57.25672586228579,54.96091736493123
636,54.96091736493123,53.396382432227284
637,53.396382432227284,52.45148841118609
638,52.45148841118609,51.98399111456482
639,51.98399111456482,42.905521621947244
640,42.905521621947244,47.36136063355248
641,47.36136063355248,54.85701687491132
642,54.85701687491132,63.35327535680427
643,63.35327535680427,70.50724257100936
644,70.50724257100936,73.91972189660385
645,73.91972189660385,72.42322876854865
646,72.42322876854865,67.17066853432918
647,67.17066853432918,60.80539084848577
648,60.80539084848577,55.68283114328608
649,55.68283114328608,52.895608109844844
650,52.895608109844844,52.218108459392454
651,52.218108459392454,52.5013249150626
652,52.5013249150626,52.51142180345229
653,52.51142180345229,51.78716367721633
654,51.78716367721633,50.67429442034552
655,50.67429442034552,49.49432719533869
656,49.49432719533869,47.90969652158118
657,47.90969652158118,45.28736135965458
658,45.28736135965458,41.52119066547585
659,41.52119066547585,37.231879825630344
660,37.231879825630344,33.30237784846056
661,33.30237784846056,30.488897433936167
662,30.488897433936167,29.29703106941067
663,29.29703106941067,29.788965078580024
664,29.788965078580024,31.360249384760415
665,31.360249384760415,32.928095936167644
666,32.928095936167644,33.65561917736464
667,33.65561917736464,33.452929230947916
668,33.452929230947916,32.695316755356295
669,32.695316755356295,31.7135575207573
670,31.7135575207573,30.7062018673302
671,30.7062018673302,29.79900214139666
672,29.79900214139666,28.986799018530323
673,28.986799018530323,28.235553886388722
674,28.235553886388722,27.655644934468445
675,27.655644934468445,27.445567273138302
676,27.445567273138302,27.810581502533935
677,27.810581502533935,28.948937652293377
678,28.948937652293377,30.793042412180224
679,30.793042412180224,32.71321193590051
680,32.71321193590051,33.80394954630248
681,33.80394954630248,33.552947799139204
682,33.552947799139204,32.065981220758786
683,32.065981220758786,29.702134568418984
684,29.702134568418984,26.705258548464233
685,26.705258548464233,23.257737962247155
686,23.257737962247155,19.87913766754733
687,19.87913766754733,17.545920626003003
688,17.545920626003003,17.018432696292244
689,17.018432696292244,17.94918946234671
690,17.94918946234671,18.884637259662554
691,18.884637259662554,18.399025209678918
692,18.399025209678918,16.314918322984827
693,16.314918322984827,13.811833702014818
694,13.811833702014818,12.34423928245625
695,12.34423928245625,12.42901930401203
696,12.42901930401203,13.33620114352113
697,13.33620114352113,13.774295733712378
698,13.774295733712378,12.891660073381003
699,12.891660073381003,10.83171505131421
700,10.83171505131421,8.482593290517398
701,8.482593290517398,6.713697233234301
702,6.713697233234301,5.8550641496351785
