,Curvature_n,Curvature_n1
0,22.10754208474939,19.237480844622347
1,19.237480844622347,14.851704424143307
2,14.851704424143307,10.557797621743562
3,10.557797621743562,7.264305262615629
4,7.264305262615629,5.1498306962251945
5,5.1498306962251945,4.094854314676425
6,4.094854314676425,3.8842423968961333
7,3.8842423968961333,4.1460029813562045
8,4.1460029813562045,4.39829273240865
9,4.39829273240865,4.335956006006238
10,4.335956006006238,4.025169901712681
11,4.025169901712681,3.7303458248296937
12,3.7303458248296937,3.600622815927087
13,3.600622815927087,3.5858559477703116
14,3.5858559477703116,3.584425150348266
15,3.584425150348266,3.565992030816504
16,3.565992030816504,3.5608506176631813
17,3.5608506176631813,3.625771490503656
18,3.625771490503656,3.8404125255510246
19,3.8404125255510246,4.245379345576865
20,4.245379345576865,4.719066971268216
21,4.719066971268216,4.982593482697578
22,4.982593482697578,4.826166921891581
23,4.826166921891581,4.308631429595954
24,4.308631429595954,3.6821275753280522
25,3.6821275753280522,3.172988545540847
26,3.172988545540847,2.8875221321459597
27,2.8875221321459597,2.8857981804641133
28,2.8857981804641133,3.266897834599798
29,3.266897834599798,4.107149632071066
30,4.107149632071066,5.274616755038203
31,5.274616755038203,6.378367513288724
32,6.378367513288724,7.058756706601574
33,7.058756706601574,7.343264873811259
34,7.343264873811259,7.544156790520699
35,7.544156790520699,7.758405900219653
36,7.758405900219653,7.675269425343769
37,7.675269425343769,7.008729393339572
38,7.008729393339572,5.9280733203251526
39,5.9280733203251526,4.880062087899587
40,4.880062087899587,4.119110987743603
41,4.119110987743603,3.574914698846965
42,3.574914698846965,3.09336139815411
43,3.09336139815411,2.66196946621419
44,2.66196946621419,2.4159376665863315
45,2.4159376665863315,2.512275167961447
46,2.512275167961447,2.995068520599162
47,2.995068520599162,3.7131502580484144
48,3.7131502580484144,4.3710697369582805
49,4.3710697369582805,4.727084449566921
50,4.727084449566921,4.758773992572893
51,4.758773992572893,4.621809326419365
52,4.621809326419365,4.501666149842151
53,4.501666149842151,4.552882737530635
54,4.552882737530635,4.8816968707208686
55,4.8816968707208686,5.450408293666095
56,5.450408293666095,5.996025627031948
57,5.996025627031948,6.175670846520214
58,6.175670846520214,5.8933334243373245
59,5.8933334243373245,5.4244674817606136
60,5.4244674817606136,5.135479167582631
61,5.135479167582631,5.130173491399445
62,5.130173491399445,5.229204172360548
63,5.229204172360548,22.23262684916562
64,22.23262684916562,20.717434298991225
65,20.717434298991225,17.56334475008429
66,17.56334475008429,13.310821513075577
67,13.310821513075577,9.322072241802843
68,9.322072241802843,6.892762464937203
69,6.892762464937203,6.378049166905849
70,6.378049166905849,7.154104499787351
71,7.154104499787351,8.211429781193038
72,8.211429781193038,8.790622603066366
73,8.790622603066366,8.63902121163309
74,8.63902121163309,7.882997986832087
75,7.882997986832087,6.852896067548797
76,6.852896067548797,5.990108914553414
77,5.990108914553414,5.669410409070105
78,5.669410409070105,5.981911588852485
79,5.981911588852485,6.703224330758152
80,6.703224330758152,7.435291263618318
81,7.435291263618318,7.771521406481754
82,7.771521406481754,7.453564450079001
83,7.453564450079001,6.515858883507205
84,6.515858883507205,5.304470698826394
85,5.304470698826394,4.28205194373939
86,4.28205194373939,3.7444207873733557
87,3.7444207873733557,3.66715356257527
88,3.66715356257527,3.787566587555137
89,3.787566587555137,3.8323189452562607
90,3.8323189452562607,3.6968295163180125
91,3.6968295163180125,3.475700779360251
92,3.475700779360251,3.398749541788531
93,3.398749541788531,3.765150990003268
94,3.765150990003268,4.828101972737018
95,4.828101972737018,6.579907271983905
96,6.579907271983905,8.620956324769224
97,8.620956324769224,10.355549380200621
98,10.355549380200621,11.383582350882286
99,11.383582350882286,11.635184144613026
100,11.635184144613026,11.171153072717374
101,11.171153072717374,10.054352541062643
102,10.054352541062643,8.464795833690477
103,8.464795833690477,6.795288082286472
104,6.795288082286472,5.512346371249107
105,5.512346371249107,4.865528244552635
106,4.865528244552635,4.716698551678446
107,4.716698551678446,4.688156042949404
108,4.688156042949404,4.512083910340262
109,4.512083910340262,4.233780494112421
110,4.233780494112421,4.05797511762514
111,4.05797511762514,4.050252076332136
112,4.050252076332136,4.058995710374605
113,4.058995710374605,3.9113150758984307
114,3.9113150758984307,3.623410205402068
115,3.623410205402068,3.4089789629152274
116,3.4089789629152274,3.549154031592024
117,3.549154031592024,4.231634072287585
118,4.231634072287585,5.37357522825248
119,5.37357522825248,6.526701223284322
120,6.526701223284322,7.089250787814715
121,7.089250787814715,6.781220797312226
122,6.781220797312226,5.886761572266032
123,5.886761572266032,4.956394905018442
124,4.956394905018442,4.344101234796513
125,4.344101234796513,4.068784508587188
126,4.068784508587188,3.9866215434256693
127,3.9866215434256693,19.790455810193524
128,19.790455810193524,20.78801077381252
129,20.78801077381252,22.10283782558026
130,22.10283782558026,22.86740614867301
131,22.86740614867301,22.737972978713888
132,22.737972978713888,21.946132484111878
133,21.946132484111878,20.59691042358257
134,20.59691042358257,18.444071076148514
135,18.444071076148514,15.59819985877779
136,15.59819985877779,12.914122880287303
137,12.914122880287303,11.325309734643316
138,11.325309734643316,11.050822748917295
139,11.050822748917295,11.55693196405696
140,11.55693196405696,12.006183614999614
141,12.006183614999614,11.7137222943803
142,11.7137222943803,10.518797623871437
143,10.518797623871437,8.871714750382667
144,8.871714750382667,7.404167597655629
145,7.404167597655629,6.397807655047153
146,6.397807655047153,5.797825922790395
147,5.797825922790395,5.632902851424134
148,5.632902851424134,6.148156840869337
149,6.148156840869337,7.42236198676687
150,7.42236198676687,8.963437013279037
151,8.963437013279037,9.886366367158367
152,9.886366367158367,9.623548662837624
153,9.623548662837624,8.391958409603019
154,8.391958409603019,6.895048388618372
155,6.895048388618372,5.719676077799692
156,5.719676077799692,5.068053919275995
157,5.068053919275995,4.8491648286776226
158,4.8491648286776226,4.897064039463203
159,4.897064039463203,5.189147784914594
160,5.189147784914594,5.865360594946354
161,5.865360594946354,6.932025565735078
162,6.932025565735078,7.989888434322394
163,7.989888434322394,8.46988930619969
164,8.46988930619969,8.267169593230623
165,8.267169593230623,7.987845326011391
166,7.987845326011391,8.320365517983454
167,8.320365517983454,9.15225340669628
168,9.15225340669628,9.56327713989854
169,9.56327713989854,8.805732289196492
170,8.805732289196492,7.095394587818203
171,7.095394587818203,5.351209961856773
172,5.351209961856773,4.447032123211965
173,4.447032123211965,4.789379324965557
174,4.789379324965557,6.205331858242715
175,6.205331858242715,7.93707736835486
176,7.93707736835486,8.983965929862666
177,8.983965929862666,8.802340691315177
178,8.802340691315177,7.688493407923755
179,7.688493407923755,6.422913010989915
180,6.422913010989915,5.674437325691919
181,5.674437325691919,5.702553450946177
182,5.702553450946177,6.344440367217477
183,6.344440367217477,7.169423419762057
184,7.169423419762057,7.86009704299445
185,7.86009704299445,8.529956240194194
186,8.529956240194194,9.467758968498607
187,9.467758968498607,10.523125612322342
188,10.523125612322342,11.0650603740336
189,11.0650603740336,10.779758362502353
190,10.779758362502353,10.231223204245024
191,10.231223204245024,42.954276951087806
192,42.954276951087806,42.08609638638613
193,42.08609638638613,39.46910670351782
194,39.46910670351782,34.77454183273976
195,34.77454183273976,29.340898881948775
196,29.340898881948775,25.48367158585865
197,25.48367158585865,24.456868082513953
198,24.456868082513953,25.10927959148819
199,25.10927959148819,24.818627295304015
200,24.818627295304015,21.989508933946773
201,21.989508933946773,17.431196358934375
202,17.431196358934375,13.199742853051092
203,13.199742853051092,10.631445857743822
204,10.631445857743822,9.768107793055943
205,9.768107793055943,10.121936018204314
206,10.121936018204314,11.302498417548994
207,11.302498417548994,12.859373674122926
208,12.859373674122926,13.972045606945262
209,13.972045606945262,13.843469657731625
210,13.843469657731625,12.530603516700568
211,12.530603516700568,11.055054693232961
212,11.055054693232961,10.380402179336029
213,10.380402179336029,10.486562259890956
214,10.486562259890956,10.625730701882855
215,10.625730701882855,10.206150101877219
216,10.206150101877219,9.182444133443791
217,9.182444133443791,7.831757142640239
218,7.831757142640239,6.489261969175341
219,6.489261969175341,5.5461708075879
220,5.5461708075879,5.51788225748224
221,5.51788225748224,7.015363757064105
222,7.015363757064105,10.451361914139879
223,10.451361914139879,15.395438537538531
224,15.395438537538531,20.098506907172563
225,20.098506907172563,22.263667026225534
226,22.263667026225534,20.909187419421873
227,20.909187419421873,17.24390552037098
228,17.24390552037098,13.333246918787232
229,13.333246918787232,10.302569439184381
230,10.302569439184381,8.127549284484193
231,8.127549284484193,6.5348291554794145
232,6.5348291554794145,5.505119288409341
233,5.505119288409341,5.12020550508792
234,5.12020550508792,5.346646496643482
235,5.346646496643482,6.013344617164394
236,6.013344617164394,6.839214854901985
237,6.839214854901985,7.455243566221329
238,7.455243566221329,7.515382568855914
239,7.515382568855914,6.965579419747963
240,6.965579419747963,6.18352955048887
241,6.18352955048887,5.673498852758082
242,5.673498852758082,5.582590486963967
243,5.582590486963967,5.645936497144915
244,5.645936497144915,5.61154845202711
245,5.61154845202711,5.549826457321149
246,5.549826457321149,5.682574497161117
247,5.682574497161117,6.0609590402682265
248,6.0609590402682265,6.548061499724712
249,6.548061499724712,7.040329009403671
250,7.040329009403671,7.531283678759861
251,7.531283678759861,7.923746374648307
252,7.923746374648307,7.9867897169705335
253,7.9867897169705335,7.6694007955749415
254,7.6694007955749415,7.307359186574302
255,7.307359186574302,33.64782413547845
256,33.64782413547845,30.768647471160467
257,30.768647471160467,26.33803234040034
258,26.33803234040034,22.172878808115954
259,22.172878808115954,19.480618922042513
260,19.480618922042513,18.280432927185057
261,18.280432927185057,17.760680963252234
262,17.760680963252234,17.174391343458016
263,17.174391343458016,16.451790892354346
264,16.451790892354346,16.22042485891111
265,16.22042485891111,17.398326877246774
266,17.398326877246774,20.428902780013942
267,20.428902780013942,24.475793633365043
268,24.475793633365043,27.50993070549471
269,27.50993070549471,27.74061924449978
270,27.74061924449978,25.226020900356353
271,25.226020900356353,21.9004004420935
272,21.9004004420935,19.842695597003132
273,19.842695597003132,19.511004233907006
274,19.511004233907006,19.581139730552067
275,19.581139730552067,18.38870563396781
276,18.38870563396781,15.512875121770431
277,15.512875121770431,12.051716761159405
278,12.051716761159405,9.582373320574945
279,9.582373320574945,9.104688941112464
280,9.104688941112464,10.837674242573996
281,10.837674242573996,14.537821809397233
282,14.537821809397233,19.724935063324324
283,19.724935063324324,25.66281361539584
284,25.66281361539584,31.351746844642356
285,31.351746844642356,35.69429781277842
286,35.69429781277842,37.788171584496325
287,37.788171584496325,37.20468600181306
288,37.20468600181306,34.15513975833015
289,34.15513975833015,29.506732773521776
290,29.506732773521776,24.57554278471298
291,24.57554278471298,20.641017657427664
292,20.641017657427664,18.385034935376765
293,18.385034935376765,17.62556024941069
294,17.62556024941069,17.531255815133363
295,17.531255815133363,17.15218180503059
296,17.15218180503059,15.858361522991851
297,15.858361522991851,13.52964555499194
298,13.52964555499194,10.5909160729435
299,10.5909160729435,7.8324164718261855
300,7.8324164718261855,6.00845310247985
301,6.00845310247985,5.469819102381904
302,5.469819102381904,6.092006969520143
303,6.092006969520143,7.4665082197350365
304,7.4665082197350365,9.13866464044435
305,9.13866464044435,10.694040400464095
306,10.694040400464095,11.797239906239097
307,11.797239906239097,12.393906609652603
308,12.393906609652603,12.868915148849876
309,12.868915148849876,13.664041691841291
310,13.664041691841291,14.599422448383866
311,14.599422448383866,14.851220824669005
312,14.851220824669005,13.79142921396883
313,13.79142921396883,11.719380323411773
314,11.719380323411773,9.673222251973504
315,9.673222251973504,8.617009059177734
316,8.617009059177734,8.80200241045099
317,8.80200241045099,9.707699383577856
318,9.707699383577856,10.471252117253249
319,10.471252117253249,49.35000072461217
320,49.35000072461217,46.92612589479715
321,46.92612589479715,42.691221274739874
322,42.691221274739874,37.67905439030435
323,37.67905439030435,32.83887309212826
324,32.83887309212826,28.575769985596697
325,28.575769985596697,24.77038802318013
326,24.77038802318013,21.300698363489964
327,21.300698363489964,18.599006428369837
328,18.599006428369837,17.565142733144434
329,17.565142733144434,18.707888255126054
330,18.707888255126054,21.481605540973113
331,21.481605540973113,24.757806552860643
332,24.757806552860643,27.958565806808107
333,27.958565806808107,31.406413775483298
334,31.406413775483298,35.37261984805678
335,35.37261984805678,39.00405793856047
336,39.00405793856047,40.654384545148886
337,40.654384545148886,39.418342646655276
338,39.418342646655276,35.980662783465895
339,35.980662783465895,31.884349370430577
340,31.884349370430577,28.40281233198909
341,28.40281233198909,26.176599980571112
342,26.176599980571112,25.282860053661622
343,25.282860053661622,25.268667800990194
344,25.268667800990194,25.435352804624905
345,25.435352804624905,25.282271388973847
346,25.282271388973847,24.520875816859398
347,24.520875816859398,22.870723906982782
348,22.870723906982782,20.393825779396938
349,20.393825779396938,18.0398173833262
350,18.0398173833262,17.31846416288821
351,17.31846416288821,19.084775611032867
352,19.084775611032867,22.688378289410963
353,22.688378289410963,26.421770743004885
354,26.421770743004885,28.857775597278234
355,28.857775597278234,29.73099048052081
356,29.73099048052081,29.73752515822886
357,29.73752515822886,29.953410210259666
358,29.953410210259666,31.367129273362615
359,31.367129273362615,34.20775664429154
360,34.20775664429154,37.40356090060115
361,37.40356090060115,39.094676757248976
362,39.094676757248976,37.88846461140105
363,37.88846461140105,33.71771905898071
364,33.71771905898071,27.84601113434616
365,27.84601113434616,22.16914444758721
366,22.16914444758721,18.204288117300788
367,18.204288117300788,16.456321456132677
368,16.456321456132677,16.402018233407684
369,16.402018233407684,16.890912660762947
370,16.890912660762947,16.922128239484266
371,16.922128239484266,16.380125866038625
372,16.380125866038625,15.909412490817722
373,15.909412490817722,16.00383327230827
374,16.00383327230827,16.48825098185661
375,16.48825098185661,16.88869163202712
376,16.88869163202712,16.861024440413214
377,16.861024440413214,16.105950270611846
378,16.105950270611846,14.365748709067468
379,14.365748709067468,11.83633290220008
380,11.83633290220008,9.265117628166616
381,9.265117628166616,7.39424572232402
382,7.39424572232402,6.487379899158048
383,6.487379899158048,49.560161192356574
384,49.560161192356574,43.907541466507354
385,43.907541466507354,35.41347183646693
386,35.41347183646693,27.679343906317513
387,27.679343906317513,22.95715909420959
388,22.95715909420959,21.497027590119536
389,21.497027590119536,22.232349761714197
390,22.232349761714197,23.81825682883276
391,23.81825682883276,25.398832462762236
392,25.398832462762236,26.749456572534243
393,26.749456572534243,27.850208737096725
394,27.850208737096725,28.581737844334164
395,28.581737844334164,28.855900152307036
396,28.855900152307036,28.867025253910732
397,28.867025253910732,29.14269404615066
398,29.14269404615066,30.075667128272485
399,30.075667128272485,31.11341431015918
400,31.11341431015918,30.76508896901209
401,30.76508896901209,28.009510775048067
402,28.009510775048067,23.725179367054697
403,23.725179367054697,20.3532842832197
404,20.3532842832197,19.88671798364659
405,19.88671798364659,22.119132377639016
406,22.119132377639016,24.909907496718763
407,24.909907496718763,26.223205037157154
408,26.223205037157154,25.858874955718925
409,25.858874955718925,25.301401432379304
410,25.301401432379304,26.1726970638512
411,26.1726970638512,28.842055889445504
412,28.842055889445504,32.181871873089804
413,32.181871873089804,34.48940624587245
414,34.48940624587245,34.774181371376244
415,34.774181371376244,33.326352338589274
416,33.326352338589274,31.219547146830468
417,31.219547146830468,29.41027434452369
418,29.41027434452369,28.299508235366517
419,28.299508235366517,27.913143672125546
420,27.913143672125546,28.13717183203027
421,28.13717183203027,28.659067489903613
422,28.659067489903613,29.007569863081365
423,29.007569863081365,29.024535991079098
424,29.024535991079098,29.15085068159862
425,29.15085068159862,29.827064385904002
426,29.827064385904002,30.50621621635871
427,30.50621621635871,29.700756283344177
428,29.700756283344177,26.429697287149367
429,26.429697287149367,21.50170796524602
430,21.50170796524602,17.044854484098174
431,17.044854484098174,14.835693749406401
432,14.835693749406401,15.216608197994137
433,15.216608197994137,17.29276364443652
434,17.29276364443652,19.679638897978986
435,19.679638897978986,21.08778343437558
436,21.08778343437558,20.74845440846075
437,20.74845440846075,18.739345378123147
438,18.739345378123147,16.02705977700297
439,16.02705977700297,14.07176674789255
440,14.07176674789255,14.116222003730867
441,14.116222003730867,16.521278589160612
442,16.521278589160612,20.567777727132135
443,20.567777727132135,24.914300962495723
444,24.914300962495723,28.404768008014166
445,28.404768008014166,30.59039751972128
446,30.59039751972128,31.583845309598736
447,31.583845309598736,56.22282061880085
448,56.22282061880085,54.10319949090169
449,54.10319949090169,50.01544413886297
450,50.01544413886297,44.36365908543206
451,44.36365908543206,37.95754252535563
452,37.95754252535563,32.069186394010565
453,32.069186394010565,28.203009665588503
454,28.203009665588503,27.40287329955889
455,27.40287329955889,29.46942053638915
456,29.46942053638915,33.04085952455962
457,33.04085952455962,36.733216148625054
458,36.733216148625054,40.1172070601569
459,40.1172070601569,43.43770223763802
460,43.43770223763802,46.670520496960044
461,46.670520496960044,49.090307681333655
462,49.090307681333655,49.57987828491486
463,49.57987828491486,47.51092605437548
464,47.51092605437548,43.91964358112715
465,43.91964358112715,41.74428029916603
466,41.74428029916603,43.895149184314455
467,43.895149184314455,50.507150109493196
468,50.507150109493196,58.481418235827206
469,58.481418235827206,63.887708781483965
470,63.887708781483965,64.5669806208961
471,64.5669806208961,60.9727586067803
472,60.9727586067803,55.55717987347782
473,55.55717987347782,51.32528604540978
474,51.32528604540978,50.008162996256594
475,50.008162996256594,51.075935086036445
476,51.075935086036445,52.46612862404487
477,52.46612862404487,52.26546166320178
478,52.26546166320178,49.9792765572201
479,49.9792765572201,46.65680094371179
480,46.65680094371179,43.9142336805634
481,43.9142336805634,42.68385603439338
482,42.68385603439338,42.70914262255202
483,42.70914262255202,43.03280438733964
484,43.03280438733964,43.007295341024836
485,43.007295341024836,43.03288080304849
486,43.03288080304849,44.244711928242396
487,44.244711928242396,47.26458236396448
488,47.26458236396448,51.34625623687383
489,51.34625623687383,54.92564337107453
490,54.92564337107453,57.025043722533546
491,57.025043722533546,58.06380301869292
492,58.06380301869292,59.39828709405643
493,59.39828709405643,62.118995183650966
494,62.118995183650966,65.9742123708707
495,65.9742123708707,69.21731229197827
496,69.21731229197827,69.7913827979975
497,69.7913827979975,66.9751918909769
498,66.9751918909769,61.83350337826005
499,61.83350337826005,56.068685967667946
500,56.068685967667946,50.7330885162854
501,50.7330885162854,46.067894152735335
502,46.067894152735335,42.09824128042467
503,42.09824128042467,38.92112356542779
504,38.92112356542779,36.50328985158733
505,36.50328985158733,34.64826613814691
506,34.64826613814691,33.29322896993925
507,33.29322896993925,32.53186927409982
508,32.53186927409982,32.273297680852195
509,32.273297680852195,32.20160724534134
510,32.20160724534134,32.13981887432925
511,32.13981887432925,57.74142660118429
512,57.74142660118429,58.1177722411551
513,58.1177722411551,58.35128390636624
514,58.35128390636624,58.24042535663303
515,58.24042535663303,58.104109372249994
516,58.104109372249994,58.050554557030516
517,58.050554557030516,57.74843396217857
518,57.74843396217857,57.19610551051697
519,57.19610551051697,57.09020887372171
520,57.09020887372171,57.94864983027291
521,57.94864983027291,59.26128147274881
522,59.26128147274881,60.027909365145135
523,60.027909365145135,59.82719376340296
524,59.82719376340296,58.75138325252489
525,58.75138325252489,56.70368554761098
526,56.70368554761098,53.73083174305891
527,53.73083174305891,50.95413608356096
528,50.95413608356096,50.20022357328978
529,50.20022357328978,52.32621510530733
530,52.32621510530733,56.32324075419047
531,56.32324075419047,60.38072158495456
532,60.38072158495456,63.613772293109264
533,63.613772293109264,66.43470049984249
534,66.43470049984249,69.21558314237728
535,69.21558314237728,71.05953826245975
536,71.05953826245975,70.3332163267044
537,70.3332163267044,66.24319397615547
538,66.24319397615547,59.5997102340193
539,59.5997102340193,52.477416645392765
540,52.477416645392765,47.42536616607682
541,47.42536616607682,46.142510459365916
542,46.142510459365916,48.06421608561432
543,48.06421608561432,50.69343508608752
544,50.69343508608752,51.958574592169505
545,51.958574592169505,51.92681165775976
546,51.92681165775976,51.812947649400996
547,51.812947649400996,51.805014964673354
548,51.805014964673354,50.64375847968958
549,50.64375847968958,47.359417715432414
550,47.359417715432414,42.72727875495837
551,42.72727875495837,38.651575949097015
552,38.651575949097015,36.54394205470591
553,36.54394205470591,36.697379429919934
554,36.697379429919934,38.80857915410331
555,38.80857915410331,42.36417864351064
556,42.36417864351064,46.45458624298712
557,46.45458624298712,49.77254515652202
558,49.77254515652202,51.171944547352446
559,51.171944547352446,50.33680308507229
560,50.33680308507229,47.993277432200784
561,47.993277432200784,45.505838884995356
562,45.505838884995356,44.02926331891352
563,44.02926331891352,43.74658067658318
564,43.74658067658318,44.04729856475768
565,44.04729856475768,44.53694451931072
566,44.53694451931072,45.502934087689894
567,45.502934087689894,47.40359643025395
568,47.40359643025395,50.348729230945835
569,50.348729230945835,54.00701347442677
570,54.00701347442677,57.70870448061571
571,57.70870448061571,60.77494803387536
572,60.77494803387536,62.906684289600015
573,62.906684289600015,64.18842054559337
574,64.18842054559337,64.7907072568299
575,64.7907072568299,59.955938632898
576,59.955938632898,62.94247003077511
577,62.94247003077511,66.99561708246185
578,66.99561708246185,69.7620488127371
579,69.7620488127371,70.14412879240253
580,70.14412879240253,68.72470446786055
581,68.72470446786055,66.69000199725238
582,66.69000199725238,64.55117419658978
583,64.55117419658978,62.00165694012012
584,62.00165694012012,58.703210701638916
585,58.703210701638916,54.8269424482661
586,54.8269424482661,50.89157694670849
587,50.89157694670849,47.368432742792514
588,47.368432742792514,44.59771068500871
589,44.59771068500871,42.904725174272016
590,42.904725174272016,42.4501481914643
591,42.4501481914643,42.92755140872824
592,42.92755140872824,43.671968547447044
593,43.671968547447044,44.1793081045841
594,44.1793081045841,44.44053390201039
595,44.44053390201039,44.66384018959861
596,44.66384018959861,44.68171891617901
597,44.68171891617901,43.9720000929645
598,43.9720000929645,42.480732867914575
599,42.480732867914575,40.98077395858203
600,40.98077395858203,40.08410190988448
601,40.08410190988448,39.23738125834505
602,39.23738125834505,37.44748730422119
603,37.44748730422119,34.88563553171493
604,34.88563553171493,33.10589003208361
605,33.10589003208361,33.79340934864423
606,33.79340934864423,37.72046438455046
607,37.72046438455046,44.36569734352985
608,44.36569734352985,51.994974286483895
609,51.994974286483895,58.581437225935204
610,58.581437225935204,62.94928668810626
611,62.94928668810626,64.77248396965823
612,64.77248396965823,63.87626861583302
613,63.87626861583302,60.355787592170955
614,60.355787592170955,55.19576279791218
615,55.19576279791218,49.96575918452278
616,49.96575918452278,45.73393215135364
617,45.73393215135364,42.6886285461052
618,42.6886285461052,40.789077313837865
619,40.789077313837865,40.24592186571616
620,40.24592186571616,41.277724368907315
621,41.277724368907315,43.893258484538386
622,43.893258484538386,47.833197338908995
623,47.833197338908995,52.224010293599584
624,52.224010293599584,55.61456239006422
625,55.61456239006422,57.0445784337783
626,57.0445784337783,56.976069613288324
627,56.976069613288324,56.602459207393935
628,56.602459207393935,56.12787385671007
629,56.12787385671007,54.117249893407184
630,54.117249893407184,49.025061950192566
631,49.025061950192566,41.34563274581194
632,41.34563274581194,33.70226914927036
633,33.70226914927036,28.53561938447833
634,28.53561938447833,26.184620159157813
635,26.184620159157813,25.478342927697778
636,25.478342927697778,25.403695595205463
637,25.403695595205463,25.611288968269864
638,25.611288968269864,25.863745027103796
639,25.863745027103796,55.940456699373186
640,55.940456699373186,59.91503661233351
641,59.91503661233351,65.57378613417995
642,65.57378613417995,70.34705469400262
643,70.34705469400262,72.66722214696867
644,72.66722214696867,71.63285187278244
645,71.63285187278244,66.89547602741536
646,66.89547602741536,59.43028217497769
647,59.43028217497769,51.40764898978703
648,51.40764898978703,44.65426745191056
649,44.65426745191056,39.80424981708066
650,39.80424981708066,36.992919010358094
651,36.992919010358094,36.437697864079425
652,36.437697864079425,37.944654760149874
653,37.944654760149874,40.52569024267895
654,40.52569024267895,43.07695446498707
655,43.07695446498707,45.275185507141956
656,45.275185507141956,47.47088915816215
657,47.47088915816215,49.8523730995207
658,49.8523730995207,52.06443010018894
659,52.06443010018894,53.66652925278753
660,53.66652925278753,54.558235064275024
661,54.558235064275024,54.75210138228573
662,54.75210138228573,53.962288019816114
663,53.962288019816114,51.625848464774364
664,51.625848464774364,47.33378121581159
665,47.33378121581159,41.397977475938674
666,41.397977475938674,35.075950346898324
667,35.075950346898324,30.04785841146744
668,30.04785841146744,27.419793288999436
669,27.419793288999436,27.119826586394595
670,27.119826586394595,28.098833447053202
671,28.098833447053202,29.092714398168845
672,29.092714398168845,29.41766937742033
673,29.41766937742033,29.140087871556876
674,29.140087871556876,28.48842555281303
675,28.48842555281303,27.3966499757748
676,27.3966499757748,25.832783468418356
677,25.832783468418356,24.27807883642105
678,24.27807883642105,23.46696308376682
679,23.46696308376682,23.682649686170052
680,23.682649686170052,24.591004950611726
681,24.591004950611726,25.761606903657214
682,25.761606903657214,26.920265309153045
683,26.920265309153045,27.58913461599865
684,27.58913461599865,26.990167710676943
685,26.990167710676943,24.697177451564862
686,24.697177451564862,21.244306070153627
687,21.244306070153627,17.991328162076844
688,17.991328162076844,16.439242784634228
689,16.439242784634228,17.36861246795681
690,17.36861246795681,20.212593649102338
691,20.212593649102338,23.450366177604735
692,23.450366177604735,25.965803670282956
693,25.965803670282956,27.883473325910458
694,27.883473325910458,29.87588366441939
695,29.87588366441939,31.998082820050232
696,31.998082820050232,33.590530697303194
697,33.590530697303194,34.22960907671079
698,34.22960907671079,34.47459186800197
699,34.47459186800197,35.51924951598613
700,35.51924951598613,38.04106061350345
701,38.04106061350345,41.359050181886424
702,41.359050181886424,43.750541095997136
